-053 -007 +033 -060 -023 -014 +084 +066 +082 +037 -087 -005 +003 -061 -064 +073 -045 +057 +002 +007 +027 +036 -007 -066 -068 -050 +065 -027 +054 +016 +002 -074 +023 +067 +054 -037 -067 +078
-025 +027 -012 +005 +083 -021 -056 -012 -051 +057 -046 -024 +072 -030 -087 +038 +087 +004 +072 +001 -067 -070 +026 +005 -026 -070 -073 +076 +014 -008 +052 -023 +035 +061 -034 -062 +018 +001
+013 -041 -017 +055 -050 -002 +038 +073 -066 -011 +040 +021 -017 -032 -076 +066 +081 -047 +016 -064 -017 -025 +050 +060 -064 +028 -003 -036 -004 +080 +034 +077 +083 +071 +076 -071 -085 -085
+080 +077 +006 +065 -042 +082 +065 -083 -035 -018 +008 -046 +070 -046 -000 +026 -003 +088 +028 +086 +006 +024 -041 +046 +054 -054 +007 +040 +034 -075 +082 +073 -043 -080 -018 -045 +087 -075
+074 -073 -053 +064 +025 -056 -032 +071 -055 -001 -045 +071 +037 -036 +057 -074 -001 +011 +054 +071 +048 +058 +031 -028 -023 +022 +045 +072 -060 +012 -054 -047 -084 -038 -075 -063 +063 -027
+075 +030 +032 -064 -062 -033 +040 +066 -084 +042 -037 +077 -074 +078 -010 +087 -027 -086 -032 +061 +003 +018 +022 +081 +031 +032 +036 -008 -050 -044 -065 -026 -043 +007 -002 +047 -051 -078
+024 -014 +034 -082 -018 -066 -070 -075 -037 -082 -013 +010 -032 +037 +070 -083 -060 -085 -037 -002 +011 -012 -018 +047 -031 -032 +075 +055 -044 -003 +028 +017 -024 +005 +075 -011 +023 +000
-053 -076 +030 +061 +012 +082 -008 -048 -000 -087 -060 -011 -032 -080 -066 +011 -068 +086 -015 +012 -012 -027 -038 +062 +044 +082 +037 +085 -087 -030 +004 -046 +100 +007 -085 -060 +043 -088
-085 +023 -060 +024 -001 -044 +076 +004 +066 -087 -083 +028 +030 -067 +064 +084 +055 -042 +033 +043 +008 +066 +072 -006 -045 +018 -002 -005 +030 +077 -023 +042 +076 +020 +012 -031 +054 -083
-088 -001 +086 +021 +034 +045 +057 +054 -054 +083 +047 +006 -051 -027 -067 -070 -041 +003 +064 -076 -071 -080 +085 -044 +070 +087 +065 -052 +024 +051 +012 +085 +076 -024 -080 +024 +100 +037
+018 +086 -041 -055 +046 +075 -032 -067 -057 +023 -087 -082 -004 -055 -037 +000 +025 -035 -030 +073 -066 +030 +047 -084 -052 -020 -086 +005 -086 +002 -034 +000 +076 +048 -052 +066 -055 +083
+020 +052 -061 -060 -042 -031 -036 -080 +071 -051 +020 +028 +055 -016 -065 +003 +047 -040 -065 +048 +058 +056 -010 -022 +016 -054 -042 -087 +072 +061 -057 -005 +028 -025 +055 -024 -017 -045
-040 -062 +076 -088 -064 +048 +005 -075 +020 -037 +020 -081 +075 -012 -052 +001 -063 +028 -064 -076 +013 -022 -056 +053 +060 -008 +024 -080 +010 +042 +000 -013 -045 -002 -021 +041 +076 -022
+070 -036 -025 -000 -082 -004 +077 -088 -016 +044 +074 +005 -018 -041 -030 -030 +052 +010 -100 -024 -017 +043 +052 -014 +076 -025 -074 -047 +013 +035 +078 -048 -022 -084 +054 +027 +031 +017
-088 -042 +076 +004 -044 -057 -070 -028 +038 +045 +060 +064 +001 +073 -045 -074 +031 -087 +035 -007 -017 +060 +032 +061 -087 +087 +012 +020 +014 +028 +013 +100 +042 +057 +077 -006 -027 -024
-071 -012 -053 +042 +000 -030 +005 -042 -012 +000 +036 -007 -070 +011 +042 +067 -087 +058 +060 +037 -061 -088 +081 -055 -082 +032 +040 +087 +066 -045 -033 -020 +061 +067 -088 -065 +073 -072
+052 +077 +012 +015 -007 -056 +001 +066 -042 -020 +023 +081 +038 -037 -051 -052 -068 +050 -027 -051 -037 -036 +056 -070 -084 -034 +036 -016 -055 +017 +044 -072 +036 -046 +077 -006 -034 +024
+026 -027 +045 +028 -007 +020 +014 -053 +005 +000 +014 -073 -037 -083 -040 +020 -040 -055 -074 -055 -088 -077 +040 +055 +007 -056 -021 -007 -048 -050 +041 -087 +000 -004 +082 -067 +021 -078
+030 -001 -001 +047 +012 +047 +036 -028 +035 +054 +043 -070 -076 +002 +081 +021 +004 +034 -068 -082 +026 -062 -033 +073 -067 +048 -061 +085 +058 -000 -021 +007 +085 +033 -040 -051 +088 -010
+031 -083 +087 -031 +055 -068 -066 -065 +080 -065 +016 +012 +014 +017 -075 +014 -010 +025 +043 -033 -082 +010 -008 -011 -080 -068 +020 -013 -067 -058 -075 +036 -070 +024 +083 -027 -030 -058
+031 -054 -053 +028 -038 -055 -038 -058 -018 -014 +056 +015 +014 -006 +043 -010 -061 -017 +045 -003 +038 +071 +100 +032 +071 +001 +063 -066 +052 +020 -054 +007 -067 +054 -033 +070 +083 -028
-086 +010 -075 +033 +066 +084 +056 +026 -071 +060 -084 +072 +034 -001 -044 +026 -037 +010 +060 +084 +001 +018 +015 +001 -023 -073 +063 +016 -028 +074 -086 -076 +070 +074 -055 +004 +033 +088
+068 -024 +018 -087 -072 -068 +070 +017 +088 -028 +072 +004 +006 +006 +037 +012 -087 +038 -078 +035 +083 +018 +034 -083 +055 -056 +071 -031 -052 -047 -037 +012 -074 +023 +057 -076 +041 -018
+014 -050 -024 +024 +065 -024 +004 -061 +045 +028 -034 -033 +060 +006 +057 -040 -086 -051 -006 -041 +042 +062 -010 +063 +045 +058 +073 -063 +051 -070 +086 -055 -078 +043 +012 -008 -073 -033
-020 +046 -073 +002 +052 -043 -080 -083 +048 -018 -076 +018 +074 -040 -064 -085 -063 -065 +044 -023 +077 -053 +042 -021 -087 -015 +053 -015 -088 -034 -087 -010 +028 -043 -027 -073 +034 -066
-036 +024 -084 -053 -045 +082 +030 +020 +013 +083 +008 -034 -047 +001 -011 -063 +017 -001 +061 +010 +033 -033 +014 -068 +037 -062 +051 +004 -054 +066 +037 -047 +026 -056 -048 +012 +086 -073
-041 +040 -084 +085 -061 +025 -058 -021 -077 -063 +016 -047 -020 -064 -000 -063 +054 +021 +071 +033 +056 -041 +042 +001 +046 +024 -068 -070 -004 +054 -031 +002 +054 +035 +040 -050 +076 +013
-022 -052 +011 +044 -036 -048 +072 +056 -075 +100 +031 +018 +003 +007 +061 -018 +041 -021 +045 +053 +005 -027 +037 -084 +082 +078 -000 -053 +036 -084 -010 -040 -041 -070 -008 -055 +076 -034
-004 -002 +012 +078 +087 -024 +050 -020 -081 +076 -026 -007 -028 +084 -005 -082 +025 +037 +023 -032 +005 -007 +030 -020 -004 +063 -086 +072 +046 -054 +028 +064 -075 +014 +060 +012 +043 -087
+018 +076 +075 -068 +003 -068 +050 -052 -067 +062 -082 +076 -046 -060 +030 +078 -084 -063 -074 -013 +074 -082 -052 +073 +064 -052 +071 -076 +073 -056 -080 -044 +008 +086 -064 +053 -073 -041
+001 -084 -080 -078 -022 -055 -001 -042 +032 -032 -013 +056 -055 +021 +040 -028 -055 +020 +022 +005 -083 -031 +057 -017 -086 -032 -023 -061 -013 -025 +075 +036 +012 +084 +048 +008 +011 +003
+075 -041 -055 -062 +081 -036 -074 -005 -047 +086 -075 +055 +044 -057 +051 -075 +020 -022 +060 +072 -040 +080 +004 -067 +060 +086 -046 +020 -034 -010 -072 -002 +066 -036 +006 +002 +002 +001
