-055 -061 -016 +077 +006 -084 -067 +026 -047 +038 -075 +063 -065 +034 -058 -027 -024 -034 -061 -013 -048 +087 +012 +031 +035 +066 -061 -006 -064 -003 -068 -060 +020 +016 +075 +086 +023 +081 +053 +032 +083 +040 -070 +036 -085 -055 +028 -063 +045 +056 -073 +011 -048 +030 -023 +088 -071 -063 +064 -046 +076 -010 +021 -088 +006 -006 -036 -085 -055 +006 +032 +060 -044 +034 +004 +077 -083 -016 +083 -066 -051 -058 -033
-010 -018 -043 +013 -075 +041 +010 +022 -071 +047 +008 +010 +026 +086 -070 +087 +075 -040 -013 -020 -052 -005 +045 +062 +072 -021 +051 -005 +086 -038 -066 -071 -063 -058 -001 +041 -081 +042 +008 -075 +082 +014 +062 +058 -054 +030 -083 +004 -017 -042 +068 -051 -071 -028 -038 +044 +043 -078 -082 -082 -046 -076 -011 -024 +046 -000 -026 +002 +084 +026 -064 -047 +076 +037 +066 -086 -017 +013 -006 +072 +085 -063 -023
+031 -082 -017 -051 +073 +034 +010 +031 +015 +070 -058 -028 +020 +043 -025 +054 +026 +010 +014 -073 -007 -034 -053 -081 -028 -051 +047 -001 -050 -016 +024 +048 -036 +030 -076 -057 +038 +003 -033 -027 -075 -010 +066 -040 -006 -007 +051 +017 -077 +078 +024 -086 +066 +074 -043 +056 -003 +007 +050 +052 +072 -033 -088 -072 -017 -071 +001 +006 +016 +064 +083 +056 +006 +028 -061 -026 +073 -054 -085 -074 -018 +084 +015
-033 -061 +002 +018 -000 +072 +024 +063 -050 +030 -013 -030 +031 -018 +014 -057 +008 -063 +027 +073 -018 +003 -050 +088 +088 -083 +038 +028 +003 -067 -070 +066 -074 -056 +058 +005 -077 +024 -047 -050 -073 -054 +008 +037 -041 -014 +054 -061 -025 -038 -081 -011 -045 +054 -001 +016 -011 +072 -034 +024 -044 +007 -000 +068 -015 -016 -024 +034 +035 -063 +074 +082 -071 -070 +001 -041 -047 -028 -067 -045 -013 -066 -014
-084 -041 -026 -016 -034 -062 +072 +017 +030 -027 +053 -100 +001 -065 -044 -010 -043 -034 +006 -021 +032 -017 +075 -028 +087 +020 +083 +071 -088 -007 -037 +014 -010 -024 +061 +052 +064 +044 -005 +011 -082 -041 +030 -010 +085 -053 +045 -035 -002 -005 +003 +031 +070 -041 -048 -007 +080 +028 +080 -060 -004 -012 -065 -076 +017 +061 +083 -035 +051 +016 +055 +022 -071 -062 +015 +072 +081 -010 +085 -031 +050 +022 +071
-013 +047 +003 +066 +008 +076 +087 +064 +047 +046 -022 -027 +073 -053 +073 -044 +068 -051 -086 +022 +051 +038 -002 +014 -068 +063 +005 +063 +070 +012 -060 -087 -065 -031 +041 +088 +026 +041 -048 +061 +031 -044 -057 +054 -065 +068 -011 +025 +063 -052 -081 -044 +018 +017 +063 -026 +038 +048 +003 -002 +008 +021 -006 +022 -034 -017 -038 +071 +075 +087 -100 -084 +076 -040 -022 +082 +077 +062 +018 -051 +043 -016 -071
+056 +021 -008 -072 -083 -031 -022 -007 +003 -042 -014 +068 +073 +001 +050 +003 +060 +028 -043 +078 -086 +066 -042 +033 +017 +083 +043 +021 -081 -023 -064 +007 -008 -008 +033 +065 -053 -075 +082 +088 +058 +026 +026 -026 +005 -066 -025 -010 -067 +010 -001 +030 +023 -067 -057 -024 +060 -025 -060 +000 -070 -075 +071 +081 +005 -012 +087 +036 -060 +065 +015 -060 -024 -001 +056 +008 +087 +044 -035 +057 -017 +038 +058
-055 -013 -064 +050 -088 +047 +047 +060 +001 -061 -013 +044 -044 +088 -061 +061 +076 -024 -043 -030 -047 -071 +042 -032 -001 -022 +054 -006 -052 -053 +060 -057 +065 +008 +013 +008 -025 -005 +024 -028 -087 +006 +062 -046 -054 +035 -003 +073 -044 +035 -087 +081 +014 -082 +038 +001 +053 +058 -082 +085 +027 +001 -003 -001 +003 +033 +010 +057 +085 +086 +018 +070 +017 -062 +016 -066 -045 -063 -018 +008 +001 -085 -080
+045 +086 +084 +060 -076 -046 -001 -048 -076 +054 +012 -077 -086 +063 +036 -077 -025 +085 +077 -066 +063 +033 -006 -047 +036 -062 -043 +088 +086 +020 -072 +053 +056 -041 +000 -060 -043 -066 -065 -010 +007 -014 -060 -023 -026 +050 +060 -007 +027 -063 -073 +010 +084 +012 +015 -018 +041 -041 -031 +005 -066 -036 -052 -014 +033 +008 -064 -066 +051 -048 +037 +032 -026 -062 -011 -075 -083 -022 +055 +086 +018 +066 +075
-025 +001 -072 +031 -070 -026 +040 -060 -026 -002 +007 -053 +100 +071 +042 +048 +058 +041 -076 -005 -012 -077 +072 +082 +032 -065 -073 -078 +077 +055 -033 -040 +086 -026 -031 -018 +086 -033 +074 -082 +088 -031 +076 +066 +084 -083 +026 +071 -026 +025 +077 -032 -002 -057 -015 -038 -023 +073 +025 +025 +041 +007 +001 -081 +020 +030 -075 -047 -068 +075 +045 +021 -044 -057 -031 -077 -023 +087 +013 +003 -044 -020 +013
+038 +053 +064 +025 +070 +073 +010 -072 -051 +051 +042 -036 +018 -088 +030 +041 +031 +058 -060 +000 +051 -024 -073 -082 -053 -028 -048 +002 -033 +054 +063 +035 -038 -073 -010 +008 -023 +086 +075 +041 -045 -052 -036 -063 -100 -015 +000 -066 -083 -076 +048 -028 +006 -068 -074 -003 -018 -087 +052 -077 -075 +062 -002 -007 -078 +085 +004 -035 -078 +054 -013 +051 -062 +015 +071 +041 +062 -051 -057 -000 +005 +068 +074
-070 +022 +057 -018 +060 -100 +034 +021 +006 +021 +075 +002 +027 -017 +042 -036 -051 -015 -087 +048 -046 -053 +060 +020 +015 +080 +100 +045 -040 +086 +033 +051 +064 +008 +076 -063 +011 -040 +057 -058 +063 +084 -066 +073 -006 -042 -020 -015 -055 +042 +028 -037 +043 +060 -058 -036 -060 +050 -025 +065 -030 -000 -075 -011 +068 +052 +077 -025 -075 +048 +062 +038 +080 +075 +054 -047 +000 +022 -070 -068 -004 -067 -062
+088 -058 -085 -014 -075 +017 +007 -014 +000 +063 +036 -012 +057 +026 +082 +000 +007 -036 -024 -063 +033 -085 +027 +000 +007 +082 -071 -082 -100 +052 +080 +015 +077 +021 -077 -038 -047 +087 -027 +071 +023 +004 -085 -003 +024 +008 +060 -022 +032 +072 -024 -052 +055 +085 +075 -008 +022 +037 -085 +084 +024 -021 -030 -002 -100 +084 -002 -066 +015 -027 -087 -003 +012 +080 +087 +074 +018 -044 -001 -030 -074 +046 +023
-050 -006 +032 -034 +064 -024 +056 +077 -013 +051 -056 -056 -021 -024 -045 +052 +086 -062 -082 +055 +005 -020 -066 +013 -087 -016 -061 +052 +063 +026 -038 +032 -033 +044 +011 -066 +012 +083 -042 +026 +013 +026 -004 -025 -083 -016 +064 -046 +044 +006 +028 +023 -020 -034 +040 +046 +028 -051 +075 -000 +002 +013 -043 -008 -070 +011 -066 -024 +002 +008 +074 +015 +056 +064 +043 +027 -042 -044 +033 -072 +012 +017 +035
+003 -043 -068 -037 +040 -055 +034 -084 +027 +036 +087 +070 -042 -057 -036 +003 -002 +062 -033 +021 +084 -032 -036 +003 +087 -100 +078 +000 +012 +072 -086 +006 -004 -058 -100 -001 +068 -078 +072 +024 +036 -036 -028 +073 +004 +055 +073 -021 +003 +031 -015 -048 +013 +014 -086 -071 -045 -085 -050 -021 -051 +054 -002 -025 +075 -046 +061 +068 -011 -084 -066 +046 -013 +016 +047 +070 +008 -036 -007 +002 +051 +076 +082
-034 -063 -047 -062 +084 +032 -011 -028 -053 -022 -036 -077 +036 -046 -085 -038 +040 +085 +002 -027 +053 +010 -047 +058 +031 -032 -042 -034 -048 +013 -036 +007 -023 -054 -078 -041 +076 +010 +022 +032 -053 +062 +053 +040 +071 -006 -082 -012 -054 -020 -065 +058 -022 +022 -081 +007 -055 -085 +023 -046 +015 -083 -027 +000 -013 -041 +055 -058 -066 -063 +066 -016 +080 -061 +070 -071 -003 -076 -082 -007 -036 +007 -006
+066 +086 -084 -046 +022 +003 -057 +026 +057 -012 -068 +008 +020 +012 +076 -020 +087 -018 -078 -085 -038 -082 +016 +023 +071 -016 +046 +054 +056 -014 +062 +038 +081 -017 +005 -065 -010 +070 -045 +057 +082 +030 +003 +006 -008 +015 +006 -053 -032 +056 +045 -032 -031 -044 +012 -027 +003 +033 +025 +013 +004 +052 +087 +041 -074 -078 -037 +024 -032 +020 +041 -078 -026 +037 +064 +000 +082 +022 -045 -020 -013 -004 +016
-088 -036 -043 -076 -028 +032 -063 -075 +017 -002 -064 -013 +002 -034 +038 +082 +040 -084 -063 +026 +013 +075 -060 +013 -073 +054 -071 +020 -084 +066 -041 -043 +060 -052 +063 -068 +075 -084 -034 +025 +076 +071 +034 +071 -015 -020 -083 +021 -087 -016 -065 +012 +052 -055 -074 +070 +004 -048 +060 -046 +007 -006 +077 -073 -037 -007 -035 -035 +074 +085 +064 -065 -050 +036 -014 +013 -008 -026 +020 +087 +002 -073 +086
+011 +008 -073 +037 -060 +046 -040 -084 +000 +060 -074 -048 +060 +040 -060 -076 +017 -026 -070 +100 -033 -007 +018 +013 +055 +030 -042 +062 +080 +060 +005 -071 +031 -056 +031 -000 +008 -084 +030 -051 +026 +015 -034 -033 +071 +086 -042 +047 -064 +085 -002 -061 -074 -086 +041 +036 +060 +006 +070 -034 +021 +052 +077 -081 +003 -070 -065 +050 +077 +034 -061 -063 +024 -080 +075 +051 +014 +014 -085 +025 -073 +046 -082
-073 -056 +045 -053 +036 -088 -063 -044 -072 -012 +085 -074 -008 -018 +007 -022 +017 +060 -033 +058 +075 +008 +057 +055 -035 +068 +020 +077 -083 -036 +047 -071 -088 -015 -031 -088 -015 -022 -084 +004 +016 +022 +083 +085 -087 +078 -014 +078 -066 -016 +000 -056 +074 -073 +028 -048 -058 -026 -030 -048 -012 -078 -040 -006 +063 -028 +046 -056 -004 -087 +053 +064 -033 -014 +044 +077 +078 +066 -051 -032 -054 +045 -067
+072 +035 +078 -001 +001 -036 +046 -088 -065 -057 +022 -052 +046 -066 -088 +047 -008 -034 +056 -041 +048 -078 -056 +038 +052 -020 +087 -003 -004 -076 +041 +076 -053 +007 +006 +040 -024 -047 +057 +071 -072 +037 -033 +017 -004 -012 +044 -060 -064 -037 -084 -031 +003 -021 +034 +017 +045 -085 -026 -006 -008 -050 +036 -014 +003 +046 -065 -034 +014 -064 +011 -070 -035 -088 -083 +043 +043 +031 +084 -046 +058 -022 -020
+044 -046 -048 +081 -003 -054 -056 +035 -025 +026 -024 -041 +062 +021 +035 +054 +067 -058 -068 -028 +056 +087 -030 +026 -028 +047 -081 +021 -017 -067 -060 -020 +052 +040 -064 +020 -051 +052 -062 -068 -010 +026 +010 -053 -038 -086 -055 +050 -017 +074 -078 +081 -031 +082 -044 -017 +020 +017 -077 -027 +045 -011 -003 +088 -031 +023 +051 +037 -006 -008 +077 -056 +038 -054 +058 +056 -033 +021 -030 -078 +048 +067 +100
+068 -041 +075 +014 -076 +014 +063 -040 +031 +007 -027 +072 -015 -023 +017 -075 -012 -048 +085 +046 -086 +058 +086 -017 +080 -071 +074 -071 +084 +005 -046 -043 -011 -048 -002 +035 +023 +030 -035 +057 -026 -034 +071 -051 +008 +021 +075 -041 +044 -075 +005 -066 +025 +054 -031 +075 +081 -066 +086 +016 +053 +048 -046 -050 +034 -040 +032 +022 +087 -024 +006 -073 +010 -025 -033 -083 -076 -050 +063 -073 +068 +058 -006
+058 +021 +005 +057 +033 +030 -088 -048 -028 -032 +053 +078 +022 -024 +038 -087 +030 -036 +036 +082 -071 +070 -018 +087 +031 -054 -056 +024 -000 -035 +012 -017 +083 +002 -025 -054 +073 -078 +046 -083 -055 -065 +020 -057 -073 +013 -045 -033 -038 -030 +065 -062 -074 +048 -056 +016 +044 +045 -021 +008 +087 -081 +073 +040 -066 +058 +067 +056 -024 -031 +088 -052 -050 +068 -081 +062 -026 +043 -022 +077 -002 +034 -070
-082 -018 -043 +006 -008 -007 +071 +073 -006 +048 +066 -045 -082 -017 +076 +005 -020 +067 +042 +056 +015 +080 +007 +070 -047 -051 +010 +016 -010 -001 -010 -076 +032 +058 +056 -064 +087 -018 +022 -020 +003 -083 -024 +006 +008 +071 +087 +060 -055 +012 -051 +033 +051 -011 -047 +068 -000 -072 +051 +036 +006 -048 -078 +084 +018 +016 -035 +036 -041 +087 -056 -034 -032 +063 +040 -055 +038 -010 +035 -076 +088 -013 -063
+052 +006 +100 -041 +053 -032 +064 -021 +011 +070 +014 +014 +056 +068 -033 -085 -047 +080 -058 -016 -006 +034 -066 -083 +011 +020 -025 -023 +081 -072 -072 +026 +043 +004 -033 +065 +004 +015 -018 -004 -052 -056 +008 -076 +085 -087 +031 -001 +075 -011 -018 -076 -024 -041 -065 +014 +036 +052 +034 -020 -074 -010 -047 +053 -088 -062 -070 +067 +062 -057 -050 +060 +024 -088 -044 -061 -073 +011 -006 +017 -081 -065 +021
-047 +000 -061 +016 -010 +057 -040 -057 +047 +052 -082 +077 +017 +076 +012 +054 +060 +072 +024 +087 -067 +052 +027 +036 -030 -018 +003 -017 +016 +007 +062 +010 -003 -072 +075 -050 -004 -080 +025 -001 +047 +020 +010 -054 -085 -067 -026 -010 -065 +066 -017 -055 +012 +075 +087 -070 +002 +026 -001 -054 +074 +023 -070 -073 -056 -075 +087 -062 -032 +053 -062 -043 -058 -063 -033 -027 +043 +070 -062 -042 -050 -060 -067
+030 -027 -027 -058 -007 +043 -038 -010 -055 -045 -004 -053 -024 +074 -071 +056 +051 +027 +002 +043 +054 +063 -054 -082 +042 +064 -054 +067 +012 +087 +064 -004 -052 -050 -028 -088 -088 +005 -037 -001 -033 -086 -001 +016 +037 -061 +067 +067 -057 -014 -011 -012 +032 -067 +033 -027 +048 +056 -086 -078 -001 -074 +088 +088 -073 +031 +011 +016 -058 -001 -066 -043 +070 -022 -034 -002 +023 +061 +042 -038 +001 -062 -037
+004 +043 -011 +036 +014 -048 +078 -012 +082 -081 -051 -006 -040 +088 -086 +067 -045 -061 -083 +010 -035 -010 -057 +052 +037 +071 +047 -005 -021 +013 -014 +054 -006 -015 +085 +026 +075 +026 -071 -011 -081 -027 -068 -006 +065 +020 -047 -035 +010 -002 +046 +042 -002 +010 +003 +021 -083 -028 +086 -062 -065 -075 +085 -051 -082 +001 -077 -025 -086 -064 -074 -023 -048 +064 +005 -020 -001 +057 +073 -010 -025 +007 -067
-050 +055 +068 +034 -034 +053 +006 +007 +085 -082 -083 -030 +084 +034 -014 -011 +077 -004 -076 +020 -011 +003 +058 -066 +044 -005 -056 -087 -088 -056 -082 +055 -047 +075 +023 -058 -072 -013 +040 +017 +006 -006 -080 +052 +083 +031 -007 -002 -047 -082 +015 +017 -040 -047 -062 -034 +036 +042 -075 +058 -077 -070 -012 +013 +074 -062 -052 +010 +057 +043 +014 +040 +041 -020 +087 -017 +044 -066 -015 +065 -080 +061 -043
-073 -010 +048 +065 -071 +034 +028 +056 -022 -083 +073 +072 -023 -044 -044 +028 +032 -022 -057 -023 -044 -050 +027 +012 +075 +027 -065 +028 -047 -020 -032 +044 -042 +085 +026 +003 +074 -047 +075 +062 -011 -031 -033 +051 -023 +035 -061 +053 -016 +042 +015 +006 -080 -010 -057 -048 +083 -041 +025 -032 -020 +021 -006 -042 +034 -017 -054 -068 -036 -045 +052 +060 -080 +020 -055 +070 +031 -005 +025 -060 -075 +087 +083
+084 +043 -055 -016 +055 -041 -042 +071 +067 +002 +064 -086 +054 +071 +050 -083 -076 -025 -028 +021 -018 -016 -054 +024 +047 -036 +004 -040 +053 +054 +021 +042 -078 +038 +031 +077 -041 -030 -043 -027 -077 +042 -087 -034 -017 +074 +061 +067 +002 +032 +002 -031 +034 -052 -023 +066 +085 -062 +054 -020 -015 +005 -022 -020 -081 +055 -042 -084 +070 +028 +072 -031 +030 -048 +066 +005 -077 -000 -016 -054 -078 -080 -043
+012 -088 -076 -076 -071 -085 +006 +002 -081 +057 -002 +008 -005 +010 -068 +006 +028 +058 -085 +066 -057 +074 +004 -081 -031 -038 -032 +020 +057 +061 -005 -048 -056 -016 -082 -068 +041 -078 -065 +000 -043 +054 -044 -050 -037 +071 -083 -088 -074 +073 +021 +045 -037 -000 -070 -047 +072 -006 -030 -016 -072 -087 -007 +014 -070 +057 +010 -020 -060 -066 -057 +014 +038 +080 -047 +014 -006 -100 +025 +083 +081 -031 +021
-005 -062 -070 -060 +065 +043 +035 -003 -057 +033 +088 -004 +007 +034 -017 -001 -025 -033 -042 +074 -087 -043 -046 +072 +077 +028 -006 +028 +020 +075 -071 -063 +023 -012 -002 -002 -011 -030 -000 +087 -038 +045 -062 -075 +060 +058 +045 +033 +005 -082 -066 -004 -057 +041 -010 -043 +002 -006 +046 +074 -071 +053 -005 -072 +037 +073 +062 -042 -073 -052 -033 -020 -073 +043 -048 +020 +047 +067 -027 -062 -032 -077 -063
+056 -037 -020 -032 -087 +050 +033 -050 +050 -068 -100 +003 +053 +044 +051 -080 +064 -053 -052 -015 -035 +086 -054 -062 +031 -078 +021 +001 -062 +003 -023 -036 -074 -023 -082 -020 -016 -011 +013 -052 -001 +040 -081 -028 -072 -087 +008 -044 +004 -052 -073 -038 -008 -047 +025 +076 +088 -052 -051 +036 -071 -032 -075 +035 -020 +035 -018 -072 -085 +022 +047 -085 -048 -008 +028 -071 -046 +044 -006 -006 -013 +080 +030
+001 -034 +047 +054 -004 -048 +012 -035 +003 -053 -038 +056 +053 -041 -044 +005 +050 +010 -032 -018 +057 +048 -087 -036 -040 -085 -062 -048 +060 +080 +015 +013 -026 +071 -022 -036 -040 -021 +082 -020 -034 -061 -048 -067 -072 +068 -055 -065 -080 +033 +038 +081 -025 -038 +037 +047 +011 -045 -038 +063 -018 -005 +011 +044 +100 +028 +024 +067 +061 -022 +083 -047 -050 -065 +027 -058 -070 -057 +084 -033 +078 -032 +005
+075 -073 +061 +025 -004 +045 +068 +036 -058 -032 +060 -010 +070 +070 +073 +058 +078 +068 -063 -005 +057 +003 +055 +048 -080 -065 -043 +014 +016 +028 -087 +031 -000 +034 -087 +060 -005 -062 +085 +050 -033 +056 +074 +072 -036 +010 +071 -013 -015 +066 -075 -014 -075 -036 +052 -037 +015 -038 +018 +041 +080 -052 -060 -051 +055 +036 +042 -087 -067 +032 -077 +021 -068 +050 +061 -025 -048 -025 +010 +023 +088 +042 -021
+012 +073 +047 +083 -032 -002 -023 -032 -052 +043 -077 -035 +086 +068 +058 +038 +088 -024 -078 +061 +003 -047 +061 -080 +075 +088 -006 -054 -075 +081 +015 +030 +082 +028 +042 +047 -082 +007 -001 +041 +084 -060 -068 -071 -026 +070 -085 -024 -080 +024 -050 -032 +073 -035 -003 +042 +072 -010 +026 +033 -041 -008 +000 -052 -023 +031 -023 +075 -032 -041 -064 -020 -062 -077 -017 +006 -001 -002 +025 +082 +014 +006 -078
-058 +043 +024 +084 -008 -011 +022 -050 -031 +085 -050 +085 -066 -028 +014 +074 -078 +037 +076 +084 -013 -054 +004 -015 +018 -064 -082 +007 -022 -067 +076 -036 -004 -065 -065 -016 -082 -013 -018 -024 +050 -081 -075 -056 -002 -061 -027 +004 -014 -017 -066 +012 -018 +017 +064 -077 -006 +071 +015 +042 +056 +064 +083 -066 +044 +053 -026 -066 +070 +012 +060 +002 +045 -007 +012 -086 +054 +036 +070 +047 +047 -085 +018
+077 +033 +044 -012 -066 -061 +083 -067 +082 -050 +048 -076 -084 +013 +008 +035 -010 -037 -078 -043 +051 -006 +068 -041 -016 +004 -025 +064 -072 +075 -024 +057 +016 -038 +035 +071 +033 +018 -063 +062 +055 -058 +068 +064 +087 -057 -000 +084 +024 -067 -051 +030 -033 +058 +083 +065 -027 -056 -051 -038 +056 -062 -013 -017 +100 -000 -056 -005 -077 -062 -060 +016 -015 +010 -037 -063 -062 +013 +077 +078 +066 +047 +005
-054 +012 +032 -001 -085 -025 +044 +082 -012 -002 -071 +016 -040 -067 -061 +033 +082 -036 -068 -037 -048 -011 -085 +083 -005 -053 +012 +033 -018 +021 +072 +065 +067 +052 +055 -078 +068 -088 +074 +004 -076 +071 -063 -072 -082 +015 -028 -062 +072 +086 -013 +088 +025 -062 +008 +005 +027 -021 -023 +088 +052 +063 +014 -071 +060 -036 -085 -048 +048 -001 -041 +083 -025 -035 -030 -016 -045 -005 +033 -072 -080 -022 -075
-028 +036 +082 -030 -051 -083 +048 +032 +005 +011 +028 -043 +008 +036 -087 +010 -001 -001 +002 -032 +061 -057 -024 -004 -080 +077 -015 +002 -085 +044 +014 -048 -032 -028 -003 +048 -071 +062 -085 -031 +045 -076 +025 +006 -058 +022 -008 +071 +012 -018 +003 +050 -021 +034 +041 -012 -031 +084 -008 +035 +015 -022 +076 +037 +027 -081 -056 -078 +006 +062 -083 +043 +027 -031 -080 -004 -000 -027 -011 -056 +087 +042 +001
-057 -053 -045 +055 -061 +025 +084 -026 -055 -058 +050 -041 +042 +066 -073 +067 -002 +085 -034 +067 -062 -041 -050 -013 +011 +080 -010 +057 -060 -062 -011 +072 +088 -036 -084 -064 -081 +003 -011 -087 -017 +054 -014 -085 -075 +016 +041 -021 -082 -022 -074 -006 +055 -064 +040 -065 -023 +002 +047 +084 -072 +072 -040 +088 +001 -000 -024 +052 +033 +028 -044 -053 -015 -041 -037 +038 +086 +071 -002 +003 +078 -062 +037
-046 -083 +100 -075 -042 +060 -055 -042 +068 -087 -071 -073 -071 -063 -031 -055 -052 -012 -046 -071 -023 +016 -074 -042 -007 +088 +072 +053 -065 -045 +050 -080 +088 -088 +046 +077 +052 -017 -016 -047 +071 -037 +016 -066 +012 -060 +025 +024 +080 +022 +041 -061 +065 -041 -017 -073 -026 -012 +023 +028 +026 +056 +006 -027 +002 -008 -060 +038 -045 +030 +084 -018 +068 +100 -045 +071 +042 -005 +075 +065 +046 +070 +042
+021 -036 +074 -065 +082 -011 -056 +067 -038 +054 +073 -085 -065 +045 +070 +004 +051 +008 +085 +086 -005 -004 +007 +037 +057 +053 +083 +047 -032 +013 -028 -034 -067 -051 +082 +071 +010 -000 +042 +048 +028 +057 +002 -076 -076 +007 -034 -057 +027 +057 -086 -057 -031 -061 +037 +040 -046 +000 -038 -086 +031 -047 -058 -087 +023 -082 -082 +007 -063 +081 -082 +006 +082 +075 -006 -061 +021 +018 -068 -034 -060 +052 -036
-087 +038 +072 -064 +080 -043 +071 -081 +086 -060 -014 +056 +082 +014 -017 -007 +026 +016 -081 +022 -080 -060 +045 +074 -058 +037 -031 +066 -025 +040 -058 +034 -076 -038 +016 -066 -028 -074 +061 -037 -028 -035 -014 +037 -064 +034 +037 +056 -035 +086 -060 +031 +021 +053 -087 -042 +067 -035 -061 -088 -070 +022 -051 +067 +013 -034 +017 +081 -087 +021 -007 -057 -066 +017 -083 +038 +012 +001 -007 +015 -027 +073 -074
+002 +050 -035 -084 +080 +031 +018 -008 +087 -065 +020 -072 -026 +023 -001 +067 +024 +036 -066 +012 +021 -013 +062 -021 -012 -084 +033 +003 +040 -005 +074 -047 +043 +001 -100 +060 -040 +086 +014 -057 -054 +082 -071 -073 +022 +041 +005 -053 +052 -083 +046 +022 +004 +015 -048 -048 -007 -036 +087 +051 +024 +081 -032 -075 -015 -052 +064 -070 +057 -073 +018 +006 -088 +055 -082 -074 +061 +084 -050 -005 +070 +043 +081
+086 +065 +033 +046 +005 -077 -030 +063 -006 -024 +083 -031 -033 +008 -004 -024 -061 +086 +065 -050 +076 +086 +006 -002 -064 -053 +052 -031 +050 +064 +026 +060 -100 +064 -075 +018 +016 +007 -088 -025 +055 -003 -028 +041 -055 -033 +052 -027 -017 +042 +066 -031 +046 -065 +082 -078 -080 -061 +034 +074 -040 -002 -087 +076 -034 -030 -045 +073 -083 +020 +048 +013 -042 -047 -008 -025 -032 -045 -058 -084 +081 +063 +014
+084 -052 +000 +083 -046 +041 -058 +026 -078 +073 +065 +100 +024 -028 -075 -070 -076 -086 -058 +023 -062 +008 +046 +002 +005 -056 +008 -062 -023 +012 +036 -031 -011 +005 +041 -052 -047 -043 +057 +076 -017 +061 -011 +037 +055 -067 +080 +057 +066 +003 +032 -055 -020 +036 +052 -038 +037 -002 +074 -012 -063 -007 +043 -035 +087 +088 -005 -081 +053 +066 -011 +085 +027 +011 +061 +005 -054 -022 +012 -037 +035 -044 +038
