+050 +080 +063 -075 +051 +024 -052 -048 -047 -052 -081 -100 +070 -052 +053 +045 +044 +000 +003 -004 -055 -018 -044 -088 +051 -035 +073 -005 -044 +044 -066 +014 +016 +055 -011 +080 +002 +003 -065 +067 +038 -068 -076 +055 +024
+083 +084 +073 +011 -076 -085 -043 +026 -060 -013 -030 -013 -058 +083 +041 -057 -082 -001 -002 -081 -062 -013 -025 +045 -064 -035 +073 -044 -008 +028 -062 +040 +048 -037 +061 +048 +032 +043 -000 -062 +051 +088 +033 -067 -078
-032 +004 -076 +053 +052 -018 +086 -016 +034 -033 +062 -040 +037 -074 -084 -010 -022 +045 +000 +042 +005 +015 -047 -063 +028 +025 -082 -021 -062 -055 -007 -085 -058 -038 -070 -080 -024 -075 -085 +075 +072 -021 -100 -072 +028
+070 -060 -045 +087 -075 -037 -000 +000 -047 +031 +017 -007 +036 -034 -031 +043 -048 -087 +070 -038 -034 -014 -042 -006 +064 -075 +053 +038 -005 -008 +063 -016 -078 +073 -023 -074 +087 -008 +057 -076 +084 +035 +054 +063 +025
-031 +088 -015 -021 -035 -008 +036 -044 +027 +030 -025 -022 +005 +010 -033 -038 +053 -046 -074 +018 +062 -008 +022 -015 -084 -083 -004 +050 -022 -060 -018 -030 +042 +001 -037 +026 -064 -001 +070 -048 +037 +041 +005 -012 -075
+048 -060 +002 -021 -064 -036 +002 -087 -082 -036 +081 +088 -035 -034 +073 +007 +027 -003 -056 -052 -017 -024 -041 +043 -064 -045 +027 -057 +007 -042 +020 +044 +050 -010 -033 -088 -078 -073 +067 +060 +012 +062 -087 +037 +012
-036 +017 -045 +063 +012 -000 +044 -033 +066 +015 +053 +002 -061 -064 +058 -016 +075 +068 +062 +054 +062 -044 +057 +085 -037 +080 -024 -075 +045 -078 +081 +087 +032 -060 -036 -052 +027 -087 +035 -060 +047 +028 +034 -046 +077
+004 -064 +061 -062 -006 -032 -076 -023 +072 +082 -035 -007 -038 -075 -004 +070 -025 +018 +012 -080 -051 -033 +014 +086 +070 -068 +028 +031 -038 -100 +068 +000 -031 -082 -048 +041 +025 +003 +047 +004 +083 +075 -030 +067 -017
-061 +071 +045 -001 -075 +021 -077 -038 -050 -013 -023 +060 -034 -053 +003 -073 -013 -080 -068 -071 +048 -080 +078 +055 -047 +001 -014 +037 -047 +034 -051 +011 -005 +037 +044 -045 +008 +013 -016 +072 +065 -080 +031 -057 +024
+073 -058 -062 -004 +076 +048 +007 +062 +054 +058 +041 -072 -046 +068 +016 +100 +000 -081 -078 -051 +082 +083 -073 +084 +036 -011 +087 +082 +068 -043 +072 +084 +030 -014 +037 +043 +042 +086 -044 +023 -025 +071 -012 -015 +005
+086 -023 -032 -073 +065 -015 -042 -072 +067 -018 -014 +006 -055 -037 +078 +023 +008 +032 +084 -020 -055 -060 +044 -077 +048 -057 +025 +002 +034 -050 -021 -041 +048 +058 +036 -100 -053 +060 -068 -015 +066 -011 -033 +013 +044
+031 +000 -021 +020 -042 -047 -083 -011 +022 -013 +071 -057 +087 +051 +004 -020 +084 -087 +034 +026 -038 +078 +046 -064 -036 -072 +048 +076 -032 +070 +050 -001 -073 +035 +065 -004 +002 -035 +077 +037 -041 +025 +068 -067 +015
+064 -062 +050 +078 -017 -068 -051 +046 -008 +016 +037 +061 +017 -015 -054 -087 -018 -080 -010 +077 -026 -001 +016 +021 -061 +005 +061 +022 -022 +062 -028 +033 -040 +012 +015 -004 +072 -054 -056 +018 +053 +074 +050 +025 +047
+070 -004 -058 +088 +027 -067 +066 +058 +082 -076 +031 +002 -070 -032 -038 +016 +088 -076 -011 +008 +055 +000 +073 -036 +082 +074 +038 -073 +083 -068 +074 -038 +011 -058 +058 +083 +037 -060 -032 -044 -036 -078 -053 +065 +037
-038 +016 -065 -038 -061 -003 -025 -063 +008 -081 -075 -048 -032 +061 +056 +081 +017 -070 +015 +075 -038 +047 -021 +038 +052 -061 +015 +016 +034 -047 +056 -086 -033 -048 -005 +088 -070 +032 +028 +012 -023 -006 -077 -004 +077
+051 +078 +037 -023 -031 +038 -073 +086 -014 -047 +025 -055 +016 -044 +062 +015 -051 -070 -088 +022 +001 +022 +048 -054 +051 -062 +063 -000 +047 +044 -087 +083 +005 -006 -074 +035 -077 -041 +042 -044 +044 +072 +003 +021 +068
+001 +052 -050 -037 +071 -045 -057 +012 -018 +006 +065 -071 +003 -022 +027 -083 -057 +053 +033 -058 -073 +061 +068 +054 +081 -005 +002 +053 +064 +013 -057 -071 -047 +012 -082 -062 +001 -068 -020 -040 -016 -021 -061 -051 +053
+000 -032 -015 +080 +100 -012 -063 +070 +027 +032 +024 +022 -072 +077 +024 +027 +004 +084 -010 -081 -025 +047 -016 -021 +010 +067 -027 -082 -058 -010 -012 -011 +060 +053 +018 +068 -052 +036 -084 -068 +011 -087 -067 +002 -085
-022 +070 +022 -004 -068 -072 -055 -014 +071 +043 -046 -044 +038 +008 +013 -010 -088 +013 -053 +070 +058 -043 -013 -062 -063 -045 +020 -050 -038 -056 +046 -051 +032 +027 +025 +075 +000 -054 -060 -002 +003 -040 -054 -012 -020
-017 +006 +031 -063 +041 -058 -007 -070 +038 -032 +016 +037 -086 -065 -054 +063 -040 -055 +056 -006 -017 +085 -082 -035 -087 +074 -013 -028 -051 -004 +028 -015 -010 +028 -001 -023 -037 -044 +037 -065 +017 +033 +054 -088 +072
+073 +042 +081 -051 +007 -085 -035 +082 +037 +005 -040 +048 -062 -023 +025 -040 -015 -060 +068 +051 -063 -076 -078 +060 -055 +072 +074 -074 -063 -023 -047 -038 -038 -028 -051 -012 -086 +080 -083 +052 +050 +078 +024 -003 +088
-057 -024 -067 -032 -000 +100 +036 +030 -072 -026 -047 -050 -033 +085 -073 -051 +061 +067 +018 +054 -058 +065 -062 -041 -000 -064 -035 +077 +083 -003 +035 -018 +061 -051 -086 +086 -056 -025 -035 +032 -050 -088 -018 +061 +080
+011 -022 -083 -083 -075 +028 +066 +025 +071 +077 +064 +033 -088 +048 -070 +047 -062 -072 +013 +052 -034 -015 +030 +047 +061 +054 +066 -052 +046 -084 -020 +056 +080 +054 -042 +011 -083 +047 +016 -024 -058 -001 +035 +032 -002
-054 -044 -075 +013 +022 -086 -022 -080 +054 +010 +100 +006 -022 -077 -035 +086 -022 +028 -084 +008 +051 -100 -007 -048 +051 +055 -078 +018 +001 +077 +085 -011 -045 -060 +013 -043 -053 -071 +006 -058 +080 +084 +001 -074 -011
+060 -044 +080 +086 -008 +047 +001 +012 -008 -034 -011 -010 +058 +027 +043 +055 -053 +070 -058 -056 +001 +080 +063 -000 +066 -073 +041 -010 -028 -028 -078 +088 +016 -036 -067 -027 +002 +043 -003 -018 +080 -000 +054 +058 +075
-003 +000 -038 -010 -018 +046 +000 -047 -015 -058 -016 +020 -071 +052 +035 +055 +024 +026 +033 +035 +040 -010 -012 +044 +014 -083 -022 +003 +022 -081 -050 -007 -018 +050 +015 +068 -088 +017 -024 -080 +060 -013 -010 +047 +041
-043 -027 +061 -011 +040 -046 +026 +005 -005 -052 -040 +005 -025 -017 -084 +078 +016 -054 +037 -054 -048 +055 -084 +034 +032 -078 -030 -050 +037 -008 +066 +057 -076 -076 -078 -062 +067 -035 +077 -022 +020 -027 +057 +080 -013
+042 -001 -082 +080 +038 +048 -021 +082 -002 -067 -004 +037 +004 -062 -056 +055 -055 +082 +016 -054 +003 -004 +025 +038 -088 -057 +026 -055 -076 -017 +033 +036 -073 -064 +088 +062 +052 +076 +018 +042 +100 -053 -052 +057 -000
-017 -040 +028 -055 +058 +038 +086 -086 -070 -023 +012 -034 +046 +028 -078 -044 -042 +004 +081 +050 -068 -040 +011 +025 +016 +008 -066 -011 -048 -048 -065 -016 -030 +051 +041 -055 -050 +030 -007 +088 -070 -074 -022 -057 +018
+004 -077 +034 +031 -040 +026 -085 -027 -051 -041 +087 -062 -051 +008 +076 -028 +015 +035 -000 +066 -043 -013 -028 -012 -052 +026 -072 +004 -063 +087 +018 +063 -082 -038 +028 -000 +024 +081 -050 +063 +005 -043 +004 -010 -033
-080 +035 -051 -005 -012 +011 -071 +038 +083 +050 +011 +001 +071 -018 +006 -061 -083 +002 +032 -051 +013 -022 +000 +054 +013 +072 +018 +054 -026 +054 +073 +041 -005 +028 -021 -055 -087 -032 -031 -027 -003 +082 +078 +033 +031
+046 +048 -087 +070 +004 +078 +000 +053 -071 -013 +000 +025 -072 -064 -024 +036 -010 -030 -053 +027 +050 -050 +077 +050 +014 -015 -014 +011 -015 -006 +087 -044 -065 +025 -013 +040 -053 +085 -058 +020 +006 -072 -078 -080 -034
-043 +048 -024 -033 +041 +010 +007 +044 +067 +088 -032 -006 +012 +080 -037 -078 +012 +040 -077 -017 +012 +018 +083 +024 +071 +000 -076 -078 +017 +011 +051 -100 +061 -067 +023 -075 +067 +051 -000 -084 -005 +084 +080 -015 -048
+007 -001 -010 -028 +068 -033 +014 -013 +022 +082 +050 -057 +030 -066 -025 -061 -078 +086 +002 -033 -004 -056 +065 +013 -048 +051 -083 -072 +035 -010 -038 +012 +083 -084 -007 +025 -053 +037 +064 -077 -076 +016 +078 +027 -067
-087 -073 -005 -075 +037 -051 -057 +010 -017 +028 +053 +002 -023 -058 -018 +071 +008 +012 -077 -087 -002 -043 -083 +026 -012 -043 -052 +003 -007 +012 -020 -064 +048 +050 +012 +008 -088 -070 -010 -077 -002 +085 +047 -072 +066
+025 -033 -071 -077 +054 +000 +075 +085 +010 -022 +047 +080 -045 +022 +037 -060 +055 -015 +065 -026 +005 -060 -027 -036 -066 -085 -024 -004 +021 -086 +080 +030 +047 -041 +076 -055 +046 +024 +081 -100 -005 -011 +026 +062 -002
-000 -082 -017 -028 -041 -027 -020 -050 -053 -084 -067 +008 +065 -000 -060 -062 -002 +008 -007 +057 +071 +027 +068 +061 +086 +018 +008 -034 +021 +082 +013 -056 +032 +034 -042 -085 +001 -058 +035 -000 -071 +051 -080 -037 +013
+077 +021 +023 -020 +057 -072 +021 +034 -028 -004 -070 +031 +027 +020 -013 +043 -024 -070 +005 +024 -013 +074 +048 -060 -026 -040 -062 -068 -056 +031 -058 -002 +002 +002 +006 -047 -040 -078 -043 +064 +014 -088 -020 +016 +014
+008 +044 +081 +000 +030 +005 +052 +086 +000 -024 -061 -006 -023 -002 +055 -022 -020 +004 -046 -034 -013 +052 +038 +054 -006 +047 +058 -006 +072 -031 -004 -086 +006 -034 -060 +064 -024 -033 +063 -075 +027 -015 -025 -068 +008
-031 -030 +031 -013 +050 +025 -088 +087 -010 +063 -087 +080 +062 -086 +036 -020 -044 +028 -001 +060 -024 -078 +001 -073 -010 -011 -040 +071 -067 +064 -064 -042 +045 +100 -044 +042 +067 -002 -084 -016 +053 -051 -067 +081 +084
-006 -038 -082 +003 -064 -003 -047 -081 -026 +033 -072 +027 +086 -066 -051 -082 -048 +017 +028 -002 -018 -027 -027 -048 -058 -034 -073 +035 -082 -041 -014 -064 +080 +020 -047 -025 -021 -007 -058 -011 -000 +022 -014 +064 -006
-027 +055 -007 -030 +083 -071 +032 -083 -038 -028 -061 +017 -050 +061 +070 +084 +062 -050 -011 +070 +004 +004 +065 +055 -061 -060 +075 +006 +028 +020 +018 -044 -031 -020 +008 -040 -084 -052 +036 +025 +055 +100 +078 -031 +060
-040 +084 +066 -051 +020 -017 -054 -051 +027 +030 -088 -074 +028 -043 +041 +057 +036 +025 -031 -061 +026 +076 +060 -073 -078 -050 +078 -034 -005 -077 -034 -058 -074 -053 -073 +050 +083 +006 -021 -027 -040 +081 +086 +082 -038
+023 -022 -082 -073 -054 +004 -056 +086 -018 -041 +053 +061 +080 +006 -023 -058 +084 -063 -022 -020 -011 +001 +051 -008 -058 +062 -008 +082 +041 -055 -048 -014 -057 -030 -023 -002 +023 +025 -076 +060 -001 +033 -045 -100 +056
-012 +044 -024 +075 +046 -046 -037 +037 +084 +061 -006 -065 +001 +072 +010 +034 +021 +056 +023 +056 -083 +067 -055 -088 -080 -074 +067 -030 -033 -087 +074 +054 +032 +018 +057 -000 -051 -100 +063 -027 -005 +075 -023 +008 -038
-051 +062 -028 +000 +048 +007 -030 +054 -041 -028 +014 +001 +074 +008 -001 -074 -061 +000 +088 -036 +022 +072 +075 +056 -001 +057 -052 +086 -072 -005 -017 +075 -065 +020 +015 +040 -063 -076 +036 -038 +077 -058 +024 +087 +043
+010 -052 +000 +068 -070 +061 +073 -032 -044 -031 +033 +067 -045 +078 -085 +010 +065 +040 -068 +081 +031 -008 +066 +087 -044 -077 +072 -024 -066 -034 +080 -048 -036 -080 +084 +021 +036 -064 -064 -048 +056 -082 +005 -050 +088
-053 +010 -016 -035 -000 +087 +005 +066 +000 -032 -023 -086 -078 -025 -040 +051 +064 +058 -047 +083 +015 -003 +084 -053 +083 -064 +048 -051 +066 -036 -043 -041 -073 -074 +032 +017 -047 -078 +053 -047 -022 -040 +085 -020 -035
-031 +086 +043 -006 -032 +082 -008 +083 +030 -072 +031 -021 +075 +076 +057 -084 +022 -058 -000 -080 -037 +088 +015 +000 -013 -066 +074 -057 -026 -071 -066 -066 +045 -071 -056 -001 -030 +048 +071 -032 -027 +011 +076 -035 -004
-074 -083 -042 +084 -048 +042 +015 +052 +031 +012 +013 -028 -084 +012 +021 -028 -046 -083 +071 +018 +067 +066 -050 -028 +055 +005 +036 -072 +042 +071 +013 +012 +026 -042 +045 +002 -072 +055 +046 -065 -078 -040 +006 -087 +036
-056 -011 +047 -050 +047 -072 +054 +057 -051 +064 -031 +046 -046 -020 -066 -050 -028 +078 -001 -052 +017 +054 +050 -071 -087 +026 -062 +063 +046 +087 +014 +026 +002 +012 -067 -014 -045 +073 -008 +063 -006 +041 +011 +053 -000
-037 +014 +007 -067 +078 +038 +038 +023 +005 +100 -073 +048 -042 +043 +082 +083 -048 +082 +084 +002 +055 -017 +067 -066 -088 -035 +010 -002 +035 +042 -051 -081 -026 -065 -026 +070 -061 +021 -027 +081 -052 -001 +050 -081 +073
-070 -057 -065 -062 +004 -013 +087 +006 +025 +035 +050 -020 -072 -016 +007 +087 -008 -011 +026 +034 -051 -015 -052 -012 +008 +018 -044 -005 -004 +042 -057 +057 +004 -062 -008 -078 +036 -025 -048 +001 -030 +030 +081 +004 -023
+045 +010 +051 -048 -047 -041 -004 +022 +026 +061 +011 -086 +082 +033 +043 +036 +100 -044 +084 +024 +056 -000 +027 +067 +056 +060 +023 -014 +057 +085 -021 -016 -046 +001 +050 +007 -083 -075 +070 -046 -026 -020 +087 +046 +053
+044 +032 -057 -047 -056 -004 -034 +050 -070 +081 -064 -071 -013 +041 +058 -041 -082 +087 -063 -054 -057 +001 +003 -015 +020 +068 -053 +021 -068 -014 +002 -031 -014 -017 -086 +012 +037 -074 -015 -045 -073 -056 -065 +007 +041
-002 -021 +054 +061 -030 -060 +086 +013 -041 -036 -027 -016 -045 -061 -033 +042 +018 -024 +012 +033 -005 -084 -032 +037 +014 -033 +052 -058 -085 -087 +020 +083 -077 -048 +088 +032 +072 -026 +072 +016 -056 +000 +006 +042 -053
-007 -055 +024 -077 -027 +080 -081 -044 +044 -080 +051 -003 -070 -074 +007 -004 -084 -067 +080 +018 +088 -006 -070 -028 -052 -012 -011 -020 +088 +088 +006 +001 +025 -024 -082 +068 +073 +006 -058 +035 +074 -041 -031 -008 +007
+058 +082 -061 -004 -044 +085 +088 -067 -010 +078 +004 +051 -077 -074 -026 +046 -014 -028 -060 -002 +067 +074 -080 -014 -053 -087 -015 +041 +021 +031 +062 +048 -060 -045 -025 -036 -024 +063 -043 +048 +031 -005 +030 -084 +070
+052 -080 -063 +030 -081 -012 +038 -068 -002 +018 -016 -012 +050 +075 -088 -046 -024 +041 -066 +027 -056 +023 +032 -027 +022 +046 +011 -011 -026 -042 +047 +056 -075 -052 -064 +047 +034 -005 +024 -025 +010 +087 +035 +027 -043
+084 -058 -065 -015 -000 -013 -001 +002 -086 -045 +018 -082 +010 +082 -006 -067 -046 +066 +037 -040 +015 -080 +037 -068 -061 -004 -001 +074 +008 +027 +083 -065 -083 +037 -073 -023 -070 +037 -060 -011 -017 +074 -045 -044 -070
-061 -011 -020 +053 -053 +028 -034 -041 +088 +037 -065 +053 -050 -076 -058 +027 -018 -065 -071 +013 -007 +065 +040 -066 +047 +061 +004 +011 +038 -010 +045 +058 +010 +007 -030 -022 +055 -026 -084 -002 -042 +002 +051 +065 -040
+064 +083 -050 +008 -067 -070 +024 -086 -063 +055 -078 +045 -031 -031 +033 -041 -048 +017 -026 +046 +055 +046 -026 -086 +023 -043 -067 -050 -038 -068 +068 +085 +052 -027 -027 +035 -007 -057 -042 -073 +071 -051 -006 -012 +040
-070 -010 -007 +088 +034 +041 +075 -082 -004 +031 +003 +056 -026 +036 -078 +046 +054 -016 +078 +063 -060 +057 -033 -065 +070 -027 -000 +066 -081 +074 -081 -013 +066 -006 +017 +065 -003 +048 -003 +078 +042 +014 -080 -063 +017
+055 +053 -012 +083 -018 -067 -011 +083 +022 -087 -047 +082 -088 -063 -006 +066 -036 -050 -008 +077 +014 -018 -032 +008 -032 -088 -076 -043 +066 +007 +001 -077 -018 -100 -054 +007 +088 +100 -067 -074 +003 +020 -000 -000 -043
-084 -013 -068 +065 +086 +036 +071 +070 +046 -056 +020 +048 -011 +022 -011 -016 +083 +062 +048 +086 +020 +065 -065 -065 -075 -052 +080 -057 -068 -062 -071 -064 -053 +031 -082 +100 +012 -063 -053 +060 -015 -064 -035 -070 -048
+032 -038 -051 +034 +028 -063 -044 +030 +046 +085 -065 -047 +004 +046 +047 +058 +087 -047 -011 -053 +043 +076 +070 +051 +042 +088 -077 +012 -023 +067 +024 +047 +018 -037 +010 +082 -052 +063 +038 +007 +008 +071 +036 -053 +061
-064 +060 -016 -018 -076 -028 +047 -031 +060 -043 -034 +002 +055 -005 +074 -051 -032 -028 +043 -073 -100 -062 -077 +050 +026 +088 -070 -041 -020 -078 -014 +006 -023 +011 -006 +065 -058 +033 +004 -021 -064 +015 -001 -086 +022
-015 -038 +073 +024 +071 -055 -022 +022 -011 -002 +067 -030 +031 -046 -076 -010 -052 +063 -013 +025 -015 +045 +031 -085 +085 -075 +016 -004 +011 +003 +034 +032 +022 +057 +086 -028 +063 -077 -028 +083 +040 -000 -068 -048 -072
+043 -015 +067 -020 +042 -031 -007 +045 -016 -010 +016 -023 +015 +084 -038 +047 +024 -011 +022 -002 +011 +080 -021 -005 +042 +005 +050 -003 -001 -066 -067 -036 -087 +006 -023 +002 -007 +077 +042 +037 +040 -053 -037 +061 +087
+014 +015 +082 -021 -067 -077 -072 +084 +077 -056 -012 +052 -022 -017 -030 +001 +016 +046 +085 -054 +085 +017 -072 -068 -007 +054 -034 -088 -075 -036 -081 -005 -017 -004 -043 +033 -051 +016 +037 -001 -078 +007 +024 +005 -043
+025 +026 -051 -043 -044 -046 -052 -021 +065 -010 +066 -000 -074 -020 +038 -083 +013 +013 +007 +070 +083 -030 -084 +067 -006 +048 +044 +023 +000 +021 +062 +043 -023 +024 -006 -050 -023 -004 -076 -010 -011 +023 +032 -000 -000
+027 -087 +080 -047 +067 -040 +032 -041 -076 -046 -072 -081 -075 +040 -077 +022 -081 -063 +044 +024 -030 -087 -076 -077 -024 -028 +047 -036 -064 +075 -055 -082 +028 +025 +036 +084 +075 -043 +057 +015 +042 -086 +000 -088 +084
+021 -066 +085 +031 +000 -030 +080 +055 -046 -001 -056 +047 -033 +014 +047 +048 -038 -001 -013 +086 +003 -031 +055 -010 -024 +050 -066 +084 -018 -012 +066 -067 -077 +073 -023 -081 -020 +023 +077 -084 +026 +061 -088 +087 -041
+055 +061 +043 +036 -031 -050 -064 -000 -074 +014 +055 +028 +035 -058 +041 -024 +080 -030 -058 -005 -083 -043 +058 -007 -006 -054 +048 +063 -075 +061 -042 -072 -087 +035 -058 +022 +030 -057 -070 -015 +040 +048 -061 -028 -023
+027 -070 +076 +080 +052 -070 +018 +083 +011 -007 +075 -055 -031 +012 +010 +007 +058 +075 +074 +073 +022 +071 -057 -065 +070 +003 +086 -065 -026 +041 -000 +034 +071 -006 +017 +037 -003 +042 +022 +023 +068 +054 -076 +008 -027
+034 +033 +084 +063 +031 -021 -031 +035 -084 -052 -082 +044 -037 -015 +084 -042 -023 +046 -084 +004 +031 -044 +063 -071 -038 +066 -006 +077 +078 +060 +033 +068 -007 -065 +064 -052 -043 +081 -030 +010 -062 +003 -045 +000 +025
-088 +062 -006 -046 +075 +050 -013 +041 +003 +026 +050 -000 -005 -053 -046 +047 -034 -023 +087 -047 -082 -042 -046 +078 -031 +023 +048 +028 -018 -075 +080 +056 +028 -032 -065 +000 -008 -045 -061 +052 -005 +041 +058 -036 -031
+007 +046 +077 +065 -048 +001 +023 +075 +065 +038 +041 -020 -087 +048 +034 -080 +015 -034 +026 -065 +025 +074 -048 +083 -050 +088 +041 -028 -084 +066 +028 +041 -007 +086 -073 -030 +080 +005 -032 -036 +032 +072 +055 -086 -005
-027 -086 +010 -044 -032 -018 +077 +017 +054 +032 -034 +035 -006 -058 -063 +078 -053 +077 -001 +013 -018 -086 +053 -084 +013 +048 +034 +033 +042 +081 -025 -062 -018 -075 +060 +058 -040 -052 +088 -066 +066 -024 +028 +027 -066
-061 +055 +061 +013 -081 +082 -021 -068 -043 -020 -078 +056 +072 +006 -052 +020 +064 -076 -005 +013 -048 +074 +073 +050 -070 +084 +048 -064 +031 -021 +070 +001 +015 -077 -070 -100 +046 -048 +034 +072 +027 -021 -007 -004 +054
+018 +044 +063 -027 -022 +022 +012 -025 -053 +040 +078 -020 +002 +052 -014 -014 -044 -026 +051 +005 -058 -061 -067 -056 +087 +000 -025 +073 +044 -021 +056 -048 -071 -027 -015 +046 +078 -057 +048 +058 -082 -032 -072 -082 -044
-047 -068 -041 +003 -023 +060 -025 -006 -004 -024 +074 -018 +043 -072 -037 -001 +037 +033 -041 +035 +038 +068 +077 -087 -022 -025 -074 -008 +011 +007 +065 +006 -012 +042 +030 -002 +068 +044 -002 -050 +064 +050 -056 -075 +052
+087 -036 -086 -025 -067 -052 +051 +008 -006 +004 +068 -066 -063 +081 -034 +001 -021 -080 +023 -058 +081 -008 -021 -003 +080 +055 -065 -081 -027 -073 -071 -035 +002 +003 -014 -070 -011 +050 -083 +072 +045 -022 -001 +045 -076
+024 +081 -036 -025 -062 -064 -001 -028 -072 -076 -052 -035 -007 -036 +054 +026 +081 -047 +017 -072 -077 +082 +084 +051 +002 -022 +001 +085 +036 +032 -040 +037 +043 +054 +023 +031 -064 +027 +045 +065 -040 -017 +073 -070 +024
-002 +074 +065 -048 -075 +005 -067 +086 +008 -075 +033 -015 -016 +031 +037 +072 -067 +065 +037 -064 -056 +046 -027 -080 -046 -088 +032 -038 -026 +064 -040 +022 +004 -016 -014 +055 -017 +017 -025 +062 -084 -070 -016 -046 +053
-006 -000 +014 -001 -035 -004 -042 +050 +023 -030 -023 +040 +048 +002 -014 +046 +037 -045 +075 -073 +060 -004 +048 -057 -036 -078 +034 +052 +060 -055 +078 -001 +064 +043 +087 +063 -071 +073 -044 -023 -027 +076 -054 +070 +085
+024 -024 -073 -070 +063 +080 -044 -033 +003 +083 +045 -050 -040 +051 -068 +078 +100 +006 -054 -040 -016 +028 -015 +001 -011 +071 -002 -003 -058 -065 +065 +026 +084 +005 +068 -025 -027 +056 -022 -064 +054 -084 -033 -065 -050
-041 -034 -017 +075 +076 +078 -022 -057 -057 +066 +046 -032 -042 -040 +074 -012 -064 +014 -045 -068 -081 +022 +028 +031 -007 +021 +024 +028 -080 +048 -004 +021 -080 +008 +050 -057 +082 +013 -068 +086 -065 +074 +031 +067 +015
-000 +036 +052 +032 +088 +040 +008 -000 -050 -100 -005 +036 -048 +044 +010 +074 -017 +086 -040 +007 -054 +047 +043 -042 -035 -041 -058 +024 +037 -085 +033 -077 +040 +016 +036 -085 +010 -050 +088 +054 +067 +057 +076 +014 +042
+011 +057 -078 -014 -085 -044 +025 -015 +082 +052 -033 -075 +064 +081 -008 -078 -044 -050 -078 -043 +088 -027 -032 +081 +043 +060 +022 -064 -003 -052 -068 +005 +084 -026 -062 +062 +014 +005 -074 +017 -030 -023 +056 +011 -081
-088 -004 -058 +086 -021 +076 -088 -027 -048 +042 +087 +007 -001 -087 -047 +005 +082 +023 -052 -003 +060 -013 -036 -054 -004 -050 -031 +001 -024 -053 -068 -012 +068 +083 -060 -074 +060 +012 +075 -076 -004 -038 +027 +010 -035
+024 +087 +036 +043 +045 -086 -020 +055 +075 -084 +082 +044 +066 +053 -018 -084 +084 +018 -070 -080 +053 -031 +042 -061 +055 +036 +050 -085 +002 +031 -035 -000 +045 -087 +024 -078 -025 -035 -046 -064 +021 -038 -073 +073 +057
-016 -076 +025 -034 -044 +060 -003 +014 +063 -062 -008 -014 +013 -035 +032 -025 +048 -062 +067 -075 +058 -066 +017 +033 -007 +057 +032 +062 -072 -072 +046 +017 +011 +066 +007 +085 -027 -060 -028 +051 +047 +008 -011 +030 +046
+031 -063 -023 +015 -061 -025 +075 -020 -054 +083 +021 +023 +037 +025 +067 +058 -032 +082 +088 -028 -026 -043 +018 -024 +074 +014 -027 +012 +061 +050 -074 -047 +080 +047 +014 +020 -077 +004 +015 +073 -024 -024 -061 +077 -076
-077 -086 -024 +012 -021 -008 -006 +035 -030 +080 -028 +061 +038 -052 +053 -077 +038 +020 -022 -078 -060 -060 -081 -056 -086 +040 +046 +031 -028 +027 -058 +078 +084 -031 +057 +070 +087 +028 +015 +066 +055 -078 +082 +004 +000
+043 -064 +053 -068 -012 -030 -063 -007 -062 -063 -070 -042 +043 -067 +071 +025 +046 -071 -066 +038 +045 +008 +056 +076 +030 -041 -052 +016 +053 +004 -013 -036 +024 -037 +017 +072 -013 -078 -016 -032 -024 +004 +041 +012 +032
-072 +046 +086 +030 -012 +083 -020 +100 -061 -085 -035 +022 -014 -064 -081 +037 +020 +088 -000 -013 +072 -042 +081 -073 +087 +015 +012 +003 +025 -086 +006 +015 -037 +032 -024 +030 -045 +002 +027 -051 +066 +060 -060 -040 +056
-026 -022 -016 +037 -008 +036 -017 +057 -057 -006 +031 -024 +022 +075 +036 -048 -007 -057 -048 -034 +055 -043 -035 -065 -016 -084 -083 -002 -036 -055 -018 -087 +027 +031 +082 +008 -023 +087 -087 -068 -078 +012 +000 +040 +014
-058 -055 +020 +041 +056 +083 -003 +038 +048 +027 -044 +016 +064 -065 +056 +026 +054 -055 +047 -033 +010 -058 -038 -033 +076 -072 -001 +061 +027 +025 -084 -052 +001 +066 -084 -083 -062 +050 +063 +000 -001 -066 -036 +021 +057
-058 -051 -054 +084 -043 -055 -066 +010 -056 -048 -041 -071 -022 -007 -005 +041 +000 +002 +082 -076 +080 -007 +070 -043 -074 +015 +030 -031 +083 +060 -042 +018 +046 +055 -028 +015 -011 +077 +041 +003 -085 -024 -022 +041 -015
-087 +071 -068 -075 -027 -002 -084 -061 -063 -052 -073 -013 -073 -045 +034 -087 -083 +004 +047 +015 +086 +012 -064 -075 -064 -067 +081 -017 +038 +044 +051 -011 +035 +070 -084 -060 +000 +054 -051 -074 -088 -074 +014 +057 +005
-044 -040 +002 +056 +001 +001 +005 -078 +063 -081 -077 +033 -043 +075 +086 -054 -030 +023 -060 -067 +031 -081 +037 +076 -040 -014 -015 -017 +032 -060 +060 +025 +054 +006 -041 -045 -075 -055 +042 +005 +084 -068 -052 -020 +000
+005 +045 +083 +048 -060 +011 +033 +023 -011 +036 -020 -075 -055 +045 -068 +050 +066 -087 +008 -068 +042 +000 -047 -077 -074 +024 -020 +076 -051 +086 +071 +006 +037 +083 -058 -032 +038 -052 +011 +081 -070 +064 -002 +043 -038
+016 +060 -025 +027 +078 +057 -031 -055 -084 -023 -004 -032 -031 -088 +052 +050 +052 -017 -070 +031 -016 -020 +016 +036 +038 -064 +062 +057 -004 +001 -068 +080 -032 -077 -012 -054 -013 +000 +004 -037 +004 +075 +036 -026 +061
-024 +040 -087 -058 -023 +066 -076 +062 -086 -001 +057 +001 +072 -054 +031 -057 -082 +017 -046 +074 -034 +016 +062 +070 +085 -087 -083 -077 -010 +050 -040 +031 +010 +061 -005 +058 -014 +076 +062 +067 +057 -082 +046 +007 +068
-064 -053 +020 -008 +086 -061 +034 -017 +047 -010 +024 +023 -081 -033 -054 -036 -067 +076 -051 -077 -034 +076 +021 +016 +035 -028 -045 +013 -054 -071 -088 +007 +063 -080 +012 +050 -032 -010 -047 +004 -077 -074 -056 -008 -043
+055 +021 +013 +068 -014 -004 +070 -042 +038 -024 -013 +067 -065 +066 +064 -072 -041 -076 +030 -100 -068 -075 +062 +071 -064 +070 +076 -023 -058 +011 +087 +035 -067 +072 -003 +052 +028 -023 -002 -042 -078 +035 +022 -005 +032
+036 -042 +006 -008 -023 +042 -082 +020 -034 -037 -012 +048 +087 +013 +060 +037 +036 -014 -072 -053 +054 -037 -068 -041 -017 +002 +018 -036 -057 +080 -004 -074 +036 -073 +000 +081 -035 -001 +010 +008 +023 +061 +064 -013 +044
+072 -076 +046 +046 -072 +084 +010 +013 -057 -052 -017 -086 -056 -084 -057 -025 -037 -006 -042 +071 -022 -068 +031 +055 -018 +082 +051 +001 -022 +047 +015 -014 -022 -040 -030 +003 +071 -082 +017 +042 +085 -003 +064 -027 +020
-010 -000 -022 -070 +048 +028 +054 -065 -057 +015 +082 -016 +100 -014 -085 +081 -015 -006 +084 -041 -078 -058 -064 +036 +084 -046 +004 -025 -077 -071 -074 -021 +081 -014 -038 -003 -085 +036 +081 +028 +012 +012 +035 +071 +046
+027 -038 -056 -067 +068 +017 -008 -065 -088 -013 -047 +071 +002 +048 -054 +072 -046 -035 -007 +065 -024 +044 +000 +035 +085 +022 -083 +073 +007 +054 -063 +018 -070 +048 +081 -004 -080 +012 +007 -018 +007 -074 +037 +074 -014
-042 +043 -084 +047 -033 +046 +061 -077 -011 +014 -088 -051 -018 -064 +033 +078 -007 +050 -052 -071 +050 +072 -041 +053 +026 +075 -043 -030 -040 -003 +005 +015 +081 -034 +065 -051 -000 -030 +053 +074 +034 -074 +025 -025 +022
-004 -036 -021 -013 -060 +066 +080 +038 +022 +015 -083 -081 -003 -057 +064 +031 -100 -087 -023 +026 -081 +066 -080 -020 -073 +036 +065 +036 +072 +034 +070 -080 -026 -063 -081 +042 -002 +053 +003 +026 -072 +072 -044 -028 +072
-001 +078 +077 -043 +000 +065 +058 -032 -022 -081 +056 +087 -027 -088 -014 +015 -031 -032 -036 -031 +015 +010 -023 +043 +017 +012 +034 -015 -020 +002 -072 -023 +003 -051 +028 -023 +063 +015 +046 +046 -072 +053 +027 -075 -032
+042 -026 +074 -045 +020 +005 -015 +012 -063 -086 +024 -034 +026 -082 -027 +003 +085 +076 +077 -040 +056 +054 -027 +070 -007 +045 -030 +008 -015 +074 -077 -045 -002 -052 +036 +043 +085 -007 +017 -063 +026 -027 -005 -044 -064
-064 +005 +026 +065 -076 +048 -056 -050 -013 +058 -018 -026 -080 +031 +068 +043 -053 +012 -060 -026 +058 +086 +003 +032 -018 -080 +043 -045 +040 -031 +013 -054 -056 -022 -055 +100 +071 +043 -047 +038 +065 -028 -077 +036 -012
+083 -071 +041 -038 -076 +075 -022 +021 -018 -086 -003 -044 +010 -038 +025 +083 +021 +082 -028 -004 +001 +013 -041 -003 +063 +085 +081 +017 +041 -063 -018 +031 +000 +038 +070 +088 -081 +015 -060 -060 +034 +086 +016 -020 -051
-025 +017 -037 +074 +024 -023 -084 -033 +076 -080 -010 +086 +041 +017 +057 +048 -013 -027 +081 +017 +043 -033 -066 -000 +001 +040 +074 +078 +042 +008 +054 +065 -076 -081 -046 +002 -022 -072 -031 +057 -002 +026 +075 +005 -002
-037 -075 +051 -083 +062 +085 +067 -066 +067 +082 -052 -054 -041 -071 +024 +028 -058 +072 +033 +067 -088 +064 +068 -088 -055 +061 +021 -066 -064 +053 -052 +034 +036 -080 +060 +083 +035 -048 -080 +061 -030 +020 +088 -066 -040
+028 +030 -080 +010 +062 +064 +073 +032 +015 -064 -025 -083 +056 +010 +068 -000 +088 +036 -083 -087 -002 -088 +034 -081 +017 -002 -056 +062 -066 -034 -006 -046 -045 +042 -010 -068 +024 -015 -048 -016 -003 +084 +031 +021 +024
+051 -017 -080 +048 +061 +050 +047 -024 -055 +076 -036 +025 +048 -010 -073 +077 -061 +044 +077 +060 +078 +076 -035 +078 +054 -047 -042 -058 +014 -080 +030 -041 -007 +084 +053 -030 +022 -088 -001 -083 -066 +033 +076 +068 +087
-025 -053 +022 +086 +080 +055 -000 -016 -053 -038 +053 +074 -056 +011 +058 -016 -004 -053 +051 +023 -057 +027 +057 -054 +073 -063 -032 -015 +015 -061 -062 -060 +073 -063 -028 +003 +028 +068 +001 -024 +028 +016 +033 -081 +001
-034 -041 -004 -050 +076 -058 +044 -013 +002 +062 -065 +022 -017 -006 -062 -037 -001 +025 -088 +060 +047 +032 +021 +043 +004 +060 -043 -048 -066 -071 -067 +021 +011 -015 -063 -062 +023 +067 -021 +082 -050 -027 +017 +065 +016
+035 -023 -018 -084 -031 +042 +028 +041 +055 -076 +016 +030 +046 +016 -083 +003 +015 +028 -001 +051 +050 +086 -067 +016 -060 +056 -100 +065 -073 +030 -022 +072 +015 -016 -035 +021 +007 +033 +066 -044 +026 -031 +007 +070 +058
-007 +074 -061 -088 +100 +072 -052 +013 -012 -005 -016 +016 +077 +033 -028 +001 +022 +042 -033 +022 +010 -054 +035 +063 -038 -085 -080 +082 +007 +013 -032 -047 -055 +064 -044 -042 +074 +006 +011 +004 -064 -062 +058 +057 -061
+046 -085 +006 -066 +061 +040 -038 +057 +017 +077 -065 -083 +015 -044 -067 +061 -075 -005 +006 -067 +008 -042 -012 +007 +007 -027 +010 +018 -058 +060 +045 +024 -010 -031 -022 +003 +065 +031 -037 +023 -011 +024 -032 +063 +084
+010 +082 +031 -004 +062 -050 -013 +037 -012 +060 +007 +030 -010 -006 -030 -056 +056 +031 +053 +088 +070 -035 -074 -043 -000 +003 -015 -040 +032 +076 +025 -076 +006 +057 +100 -053 +014 +037 +082 +083 -044 -044 -025 -055 +065
+007 +006 +078 -032 -057 -016 +085 -076 -085 +028 -057 -060 -083 -077 -037 +080 -047 +034 +086 -035 -012 -076 +011 +070 -052 -028 -061 +027 -081 +076 -038 +061 -040 +016 +005 -030 -000 -058 +030 +058 -028 -051 +085 +060 +085
-035 +085 +085 +052 +051 -034 +020 +062 -048 +013 -051 +050 -088 -020 -003 -087 +001 -031 -066 -040 +063 -086 -030 -042 +044 -065 +061 +078 +022 +031 -087 -074 -100 +071 -048 -006 -007 -064 -023 -021 +058 +051 -067 +004 +057
-060 -086 +081 -082 -054 -042 -023 -085 -005 -038 +050 -005 +085 -031 -064 -005 +070 +081 -062 -064 -035 +055 +070 -076 +055 +082 -053 +053 -080 -084 -084 -055 +080 -006 +076 +021 +052 -054 -073 +032 -010 +081 -024 -084 +072
-072 +006 +073 -018 +047 +064 +003 +025 -011 -012 +010 +050 -087 -015 -038 +046 +013 -052 -034 -018 +080 +077 +061 +008 -021 -045 +076 +020 +078 +065 +022 -082 -058 +047 -023 -073 -054 -011 +013 -017 -064 +071 +047 -072 +003
-040 -063 -075 -004 +075 -052 -051 +086 +034 -027 +000 +000 +047 -027 -056 +025 -033 -013 +088 +018 -035 +013 +077 +067 -041 +064 -005 +051 -016 +031 +080 +065 +011 +028 -083 +033 -074 -040 -073 -074 +076 +050 +025 -005 -048
