+070 +016 +073 -010 +061 +076 -040 +047 -002 -051 -013 +030 -028 -061 +041 +078 +018 -056 -074 +030 +035 +070 +082 -087 -077 +001 -025 +085 -052 +061 +025 -078 -043 -052 +057 +044 -067 +001 -002 -086 +013 -016 -034 -086 +014 +028 +041 +013 -070 +066 +021 -030 +022 -053 +020 -033 -011 +047 +057 +016 -073 +083 +081 -051 +044 +036 -087 -027 +008 +038 -021 +076 -070 -088 +035 +003 +047 -016 +061 +055 -100 -011 -025 +063 -077 +053 -061 -073 +041 -065 +046 +081 -046 +088 -084 +084 -013 -067 +041 -003 -032 +013 -037 -050 -016 -027 -017 +088 +031 -062 +067 -072
+068 -046 +003 +007 -083 +045 -031 -078 -062 +018 -041 -034 -042 +026 -075 +074 +002 +001 -042 +037 +036 +045 -012 +016 +061 +064 -078 -072 +081 -023 -062 +087 +066 +043 -023 -010 +007 -061 +011 -071 -054 +041 +046 +053 +085 +033 +063 +022 -027 -026 -046 -040 -083 -020 -086 +011 +082 -041 -038 -018 -077 +067 +036 +043 +082 -061 +080 -027 -051 +021 +073 -030 -030 -027 -078 +010 +034 +025 +017 -012 -032 +003 +087 -077 -001 +062 +055 -054 +068 -016 -067 +074 +046 -008 -044 +057 +082 +047 +031 +088 -041 -013 -043 +060 -004 -042 -055 -014 +044 -065 +051 +031
-023 +054 -021 -031 +007 -026 -078 +078 -017 +024 -002 +032 -071 +070 +084 -074 +087 -071 +018 +002 -067 +023 -080 +034 +030 -072 -040 +044 -020 -032 -070 -080 -082 -005 -044 +050 +017 +002 -067 +005 +047 +085 +073 -100 -028 +011 +060 +040 +071 -051 -083 +067 -078 -046 -078 -080 -047 -027 +051 -082 -086 +051 -042 +100 -012 -028 -021 +050 +044 +005 -067 +067 +076 -000 -060 +060 -008 +060 +061 +053 +044 -043 +088 +033 -031 -077 -034 -028 -044 +008 -020 +053 -017 +077 +061 +076 -072 +078 -007 -023 -002 -025 +058 +001 -088 -064 +004 +083 -086 -031 -006 +031
+020 -076 -067 +043 -071 -060 -024 +024 -062 -022 +078 -030 +018 -055 -055 +075 +013 +043 +010 +042 -033 -016 +034 +020 -083 -071 -006 -074 -048 -023 +065 -010 +070 +033 -072 -005 +055 +047 +022 +063 +062 +007 +057 -043 +010 +005 -042 +058 -052 -055 +008 +034 +024 -020 -015 -056 -088 -013 +031 -077 -027 +043 +015 -035 +033 +015 +045 +022 -082 -063 +025 +073 -048 -043 +038 +073 -084 -023 +032 -058 +080 +033 -064 +072 +034 -064 +067 +062 +065 +007 -055 -083 -071 -025 +036 -040 -068 +084 +024 +021 +000 -000 +043 -076 +012 +020 -024 -032 -003 +070 -000 -035
-054 +037 -013 +024 +081 -046 +072 +082 -014 -073 -078 -078 +026 -004 +088 +057 -064 -003 +045 +062 +006 -070 -004 +075 -002 -070 -060 +081 +088 -086 -086 +014 -028 -058 +072 -016 -011 +027 +061 -036 -006 +005 +065 -076 +028 -085 -036 +006 +037 -021 -016 +008 -033 +070 +021 +010 -062 -038 -085 -070 +061 +032 +006 -078 +004 -054 +045 -042 +020 +053 -023 +060 +006 +015 +016 +025 +074 -011 +003 +016 +081 -047 -053 -067 +072 -066 -067 -005 -026 -076 -051 +070 -033 -047 +008 +081 -081 -075 +011 -076 -068 -088 +058 +065 -053 -041 -013 +030 +020 +061 -012 -035
-027 -016 -032 +077 +040 -058 +074 +040 +026 +053 +036 +068 -048 -050 -072 +081 +071 +033 +054 +020 -074 -052 +004 -077 +025 +083 -072 +011 +017 +036 -062 +042 -064 -003 +038 +032 +084 +070 +012 -073 -062 +065 -067 -080 +035 -071 -007 +007 +025 -056 -010 -087 -012 +007 +037 +042 +084 +052 -074 +006 -070 +086 +070 -011 -027 -087 +004 +007 -006 +026 -008 -071 -008 +078 -087 +006 +020 +044 +014 -037 +013 +048 -041 -024 +084 +081 +087 +020 -073 +020 -014 +041 -051 +064 -063 -000 -065 +038 +032 -005 -065 +041 -070 -048 -048 -035 +066 -100 -006 -015 -076 -043
-056 +081 -055 +084 +056 +016 +006 +014 -056 -044 -067 -075 -043 +034 -033 +012 -014 -100 -015 -061 -067 -003 +068 -053 +012 -001 +038 +060 -041 +072 -053 +031 +064 -076 +001 +044 +007 +027 -057 +046 -032 -001 +080 +054 -055 +087 -042 -050 -028 -032 -002 +023 -037 -072 -040 +060 -078 -041 +042 -084 +072 +083 -031 -010 +016 +045 +016 -041 +021 -081 +001 -068 +018 +073 +020 -005 -063 -066 -034 +087 -050 -063 -017 +032 +040 +048 -037 -062 +062 -042 +065 -067 -011 -100 -020 -036 -012 -035 -031 -010 +075 +006 -002 -021 +083 -060 -077 +007 -086 +048 -012 -024
+011 -075 +035 -013 +071 +061 -068 -078 -007 -007 -043 -085 -036 -061 +031 -051 -086 -028 -066 +003 -044 +028 +075 -003 +018 -013 +055 +016 -074 -017 -026 -002 -058 +064 -053 -066 -062 +035 +006 +067 +060 +043 +050 -081 -055 +036 -041 -078 +002 +034 -036 +081 +002 -073 +000 -045 -082 +082 -010 -011 -031 +038 -041 +056 +034 +070 -040 +063 -000 +011 -054 -001 +021 +088 +032 -038 +041 +045 -080 +086 -001 -007 -001 +002 +044 -057 -064 +055 -054 +085 -086 -017 +053 -081 -083 -022 +087 -005 +007 +038 -078 +054 +052 -018 +008 -088 +018 +072 -073 +003 -006 -042
-002 -028 -071 +004 +025 +080 +008 +042 +024 -012 +006 -080 -008 -058 +003 +014 -021 -073 -007 -056 +035 +066 -005 -058 +055 +052 -065 -061 +077 -003 +000 -033 +066 +030 -048 -018 +078 +027 +082 -040 -008 -024 +074 +018 +027 +082 +085 +003 +028 -032 -011 -070 +040 -001 +100 -002 -071 -068 -021 +011 -016 -081 +056 -014 +007 +064 -020 -001 +021 -031 -046 +013 +088 +064 +048 +035 +035 +054 +047 -024 +032 +010 +055 +040 +077 -084 -003 +023 +033 -024 +087 +003 +067 -083 +017 +011 +052 +057 -014 +071 -082 -065 +035 +003 -085 -044 +035 -008 -048 -071 -050 +045
-001 -024 +073 +005 -054 +032 +038 +027 -003 +071 +023 -052 +018 -003 +021 +065 +015 +028 +045 +027 -081 -046 +016 +036 +054 +057 +038 -043 -074 -052 -054 -020 +055 +070 +081 +084 -054 -088 +063 -007 +076 +076 +084 +065 +050 +042 +018 -012 +028 -040 +063 +043 +010 +073 +030 +062 -056 -017 -017 +033 -072 -066 -017 +067 +020 -004 +028 +003 +028 +008 +002 +056 +005 -067 -016 -061 +057 -084 -068 +040 +002 +055 +014 +075 -044 +063 +054 +037 +043 +040 -043 -072 +072 -044 +008 -081 -013 -053 +010 -058 +071 +070 +085 -075 +087 -035 +034 +016 +036 -078 -086 -024
+011 +012 -032 -072 -038 +010 -050 -085 +057 +086 +012 -076 +088 -060 -020 +022 +087 -015 -040 -042 -051 -051 +067 +006 +018 +072 -002 -082 +033 -008 +026 +070 -048 -070 -087 -055 -058 -083 -048 -072 -062 +064 +073 -083 -032 +072 +040 -082 +053 +060 -034 +063 -001 +028 +056 +043 +037 +081 +023 +036 +054 -017 -035 -086 +063 +076 +047 +007 -064 -078 -001 -040 -050 -083 -041 -024 +000 -017 +002 +074 +023 -018 -075 -068 -034 +043 -062 -024 +042 -014 -048 +010 +072 +010 +005 +030 -015 -050 -031 +084 -064 +017 -088 +020 -052 -032 -045 +051 -073 -086 -005 +001
+035 +027 -014 +055 -041 -043 +033 -023 +066 -046 +024 +047 +076 -061 +017 +071 +014 +016 +084 -011 +046 +028 +021 +000 +001 -041 -031 +042 +036 -044 -014 -061 -074 +030 +025 +014 -024 -036 +054 +060 -022 -024 -054 -006 -022 +055 -062 -041 -005 -060 +082 +068 +006 -006 +066 -002 +017 -087 +085 -024 +062 +076 -015 -058 +046 +021 -068 +086 -035 -078 -076 -081 -033 -003 -076 +054 +026 +011 +057 +004 -032 -083 +075 -071 -087 -008 +013 +070 +021 +082 -066 -042 +052 +084 -060 -054 -048 +043 +001 -063 -002 +078 +034 -070 -072 +002 +037 +000 +067 -042 -027 +050
-073 -027 -023 -082 +025 +004 -072 -003 +007 -060 -048 -023 +022 -060 -054 -005 +050 +070 -030 +003 -020 +008 -026 -022 +085 +004 +031 -054 +007 -057 +077 +037 +053 -005 +063 -072 -025 -056 +053 +078 -013 +058 +003 -055 +046 +048 +067 +032 -024 +008 -020 -056 +038 -005 -055 +058 +006 -071 -067 -051 +008 +081 +075 +031 +063 -004 -055 -008 -070 -074 +083 +032 -008 +081 -064 -034 +078 -005 +018 +034 +003 +038 -050 -016 +028 +000 +100 +036 -025 +062 -087 +081 +064 +070 -085 +061 +066 +014 +067 -043 +062 -062 -026 -066 +014 +032 -027 +056 +030 -018 -043 -088
+070 -018 +073 -002 -032 +064 +081 -047 +080 -050 +063 -024 +015 +017 +070 +080 -007 -075 -022 -014 -022 +013 +046 +022 +030 +088 -081 -057 +065 -025 +075 +047 -075 -025 +008 +076 +004 -071 -084 +031 -020 -024 +073 -035 -062 +072 +037 +084 +021 +012 +066 +077 -012 +008 -071 -046 +004 +068 -071 +005 +038 -061 -034 -067 +036 +050 +052 +033 +084 +065 +037 -060 +080 -064 -062 -030 +082 -034 -076 +074 +076 +034 +077 -088 +047 +027 -077 -055 -013 -052 -052 -054 +007 +021 +000 -086 +040 +000 +066 +050 -005 -072 +047 +062 +081 -018 +045 -010 +048 +010 +023 -038
+072 +016 -045 -084 -042 -073 +020 +055 -041 -003 -065 -085 +011 +038 +085 -072 +030 -100 -041 -024 -028 +024 +030 -011 -060 -000 +063 +016 +033 -044 +085 +027 -018 -008 +084 +067 +028 -056 -022 -084 +020 -072 +064 -082 -042 -008 -042 +004 +072 +085 -015 -080 -031 +032 -045 -055 -011 -030 +014 +007 +011 -022 +044 +008 +030 -006 -078 -087 +068 +008 +054 -063 +077 +085 -056 +063 +053 -073 +023 +076 -035 -072 +053 +022 -065 +044 +084 +036 -016 -068 +050 +026 +078 -010 +020 +083 -070 +002 +003 +073 +083 -080 -028 -081 +044 -082 -088 -055 -014 -080 +002 +088
+023 +031 -030 +008 +041 +012 +068 +025 -045 -087 -033 -013 -056 -085 -025 +085 -053 +074 -048 +016 -046 -063 -028 +081 +034 +048 +020 -023 -016 +007 -002 +048 -025 -037 +066 -036 +064 +066 -074 +081 -052 +077 +032 -046 -011 +085 +015 +050 +010 -017 +062 -088 -027 +070 -026 +018 +041 -083 -043 +003 +070 +044 -037 -033 -005 +076 +071 -057 +061 +070 -000 -031 -061 -072 -005 -063 -022 -000 +077 +068 +061 +035 -071 +083 +001 +017 +088 +046 -031 +004 -075 -006 +057 -046 +082 +043 +087 -026 -007 +001 -036 +067 -065 -072 -064 -027 +013 -040 -077 -034 +008 +035
-047 +004 +060 -071 -023 -066 -024 -085 -041 -073 +012 -036 -053 -021 -054 +003 -073 +025 +061 -010 +084 +031 +047 -044 +012 +001 +086 +067 -085 -082 -041 +080 -020 -053 -062 -003 -008 +076 +022 -011 +034 -018 -045 +012 -081 +044 +036 -044 +067 +027 -054 +036 +052 -047 +047 +076 +054 -005 -013 +014 +055 +007 -083 -077 +081 -046 -015 -050 +018 +020 -032 +021 +078 -050 +074 -031 -044 +076 -071 +100 -074 -064 +011 +065 +004 -043 +078 +038 +071 +014 +062 -003 -047 +036 +050 +086 +016 +021 -086 +056 -087 -053 +088 -067 +026 +052 +052 -021 -072 -011 +007 -075
+080 -062 -012 -002 +018 -071 +047 -011 +037 +051 +087 -030 -055 +043 -076 +066 +028 +028 +041 -008 -035 +027 +067 +084 +008 -022 +077 -025 +035 -003 -046 +041 +012 -014 -016 +083 -062 -046 -016 +013 +073 -076 +056 +054 -062 +061 -077 +076 -064 +042 -080 +045 +058 +002 -067 +042 +028 +027 -020 +034 +048 -054 -030 +048 +066 -028 -054 +026 -036 +086 -013 +065 -031 -023 -085 -001 +011 -021 -003 +004 +002 +011 +087 -050 +047 -006 +037 -011 +011 +002 +050 +062 -040 +033 -054 -076 -058 -045 +041 +010 -033 +044 +060 -075 -083 -014 +074 -038 +024 -026 +056 -054
-054 -075 +045 +025 +072 -020 -068 -080 -013 -008 -083 +048 -063 +027 -038 -002 -021 +080 +027 -067 -051 -078 +061 +057 +075 +015 -024 +038 -066 +062 +034 +068 -072 -010 +061 +060 +021 +018 +064 -041 -080 -001 -076 -054 +015 +002 +035 -087 -007 -057 +043 -000 +051 +023 +084 -015 +021 +027 +016 -020 +087 +028 +012 -083 +051 -015 -001 -083 -065 -067 -067 -025 -005 -080 +010 +057 +021 +078 -002 +040 +042 +054 -016 -075 +070 +003 -080 -031 +077 +034 +075 +056 +081 -088 -065 +080 +074 -082 -085 -002 -018 +080 +085 +045 -030 +041 +001 -030 +043 -053 -032 -075
+031 +057 -015 +075 -063 +030 -007 +037 -077 -053 -054 -033 -030 +006 +050 +048 +020 +075 +003 -043 -027 +060 -000 +082 -030 +011 +060 -028 +002 -025 +030 -080 +062 -016 -067 +088 -087 -008 -083 +055 -060 -077 +074 +014 -057 -045 -051 +008 -036 +041 +080 +047 -027 -034 -050 +036 -006 +024 +020 -074 -081 +010 -076 +021 +052 -056 +045 -000 -036 -034 -011 -024 +017 +066 -028 +070 +028 +083 -011 -013 +052 +021 +042 +052 -035 +083 +057 -086 -003 +022 -066 +030 -035 +040 -007 +038 +052 -017 +017 +032 -034 +017 +061 -018 +006 +081 -037 +054 -028 -033 +071 -018
-071 -085 -030 -007 +052 +000 +087 +011 +036 +023 +064 -074 -074 -055 -055 -034 +077 +068 -051 +003 +007 +086 -014 -015 +017 +005 -083 +018 +021 -028 -001 +070 +056 -054 +064 +057 +005 -072 +087 +034 -036 -006 +085 -052 -016 -008 +048 +045 -066 -055 +042 +077 +068 +065 +018 -086 -054 -058 -067 -082 -063 -032 -064 -004 +033 -036 +087 -087 +054 +018 -025 +080 -050 +076 +014 -067 +070 -056 -075 -016 -024 +020 -023 -018 -017 -036 -008 -058 -017 -013 +073 -050 -035 +045 +062 +083 -067 +087 +055 -058 -068 +041 +042 +074 +012 -018 -046 -040 +001 -075 +071 +043
+036 -003 +034 +025 +012 -017 -038 -058 +087 -028 -043 -064 -007 +078 -040 +018 +020 +042 -036 +037 +033 +078 -033 +014 +003 +064 +087 +053 -046 +053 +077 -066 -006 +024 -011 +036 +055 +028 +037 -080 +067 -058 -064 +087 +014 +031 -064 +054 -042 -058 -003 +057 -100 +046 +082 +052 +017 -041 -008 -060 -086 -061 -074 +054 +045 +088 +026 -086 +085 +100 -068 +033 -033 -031 -087 -014 -062 +004 -056 +068 +031 +046 +063 -057 -033 +041 -060 -042 -085 -033 -000 +056 -016 -023 -066 -051 -012 +002 -001 +003 -068 -018 -057 +048 +053 +046 -012 +041 +031 -052 +018 -035
+048 -087 +000 +002 +083 -085 +057 +028 +025 +001 -067 +016 -040 -083 -002 -081 -061 -014 +047 -053 -080 -045 +073 -036 +080 +017 +063 -020 -058 -041 +062 +077 +004 +031 +020 +022 +026 +017 -065 +072 +087 -000 -100 -018 +008 -035 +042 -007 +044 +042 -053 -004 -007 -023 +066 -046 -088 +031 +086 -086 -058 -067 -021 +006 +026 -046 -041 -071 +082 -083 -011 -051 -046 +037 -056 -072 +085 +100 +082 -044 -018 +062 +015 -016 -015 -038 -030 -045 +073 +004 -048 +043 -065 +011 +002 +032 -041 +022 -077 +032 -001 +088 -036 +056 +017 -083 -006 +031 -061 -003 -053 +012
-020 -051 -055 -100 -055 -083 +070 -086 -046 -034 +036 +018 -006 -040 +050 -084 -072 -038 +057 -066 -075 +002 -053 -025 +007 +024 -025 -076 -073 +085 +023 -022 +043 -044 -024 -057 -053 +003 +042 +034 -067 -061 +050 -041 +028 +082 +073 +041 -048 +078 +063 +088 +000 -068 +054 -078 -010 +078 -074 -015 -018 +047 +038 +051 +075 -066 +053 -047 -033 -088 -032 -026 -048 -048 -040 +016 +023 -072 +048 -066 +078 +002 -062 +077 -030 +048 +078 +083 +054 -083 -053 -023 -003 +053 -014 +037 -078 -064 +010 -033 +084 +073 +036 -084 -034 +040 +073 -061 -004 +057 -046 -021
-035 -025 -027 +046 -072 +071 -060 +068 +017 +033 +033 -056 +021 +088 -005 +086 -001 -053 +048 +000 -033 -032 -023 -058 +065 -082 +053 -016 -082 -022 -072 -033 +080 -027 -065 +015 -037 +086 -024 -073 -014 -033 +037 -052 -080 -087 -011 -056 -084 -030 +024 +088 +027 -041 -063 -082 +005 +041 -077 -026 -064 -088 -055 -042 -005 +084 +066 +007 +016 +080 -022 +067 -016 -000 -065 -037 +002 +006 -003 -044 -015 +072 -075 +048 -033 +023 -080 -012 +003 +027 +008 -084 +042 -007 +000 -000 -070 -051 +035 -082 +084 +006 +048 -015 +048 -080 +002 +056 -052 -056 -077 -028
-034 +020 +080 -045 +061 -060 +012 -081 -010 -072 -026 +034 +007 +076 +026 -031 +082 -006 +080 -062 +085 +014 +033 -006 +028 -050 +045 -030 +030 +012 -035 +081 -081 -074 +040 +048 -075 -076 +012 -080 +057 +081 -081 -041 -000 -006 +018 -017 -034 -020 -042 -058 +054 -025 +031 +042 -068 -040 +058 +038 -076 -077 -032 -057 -003 -084 +042 -025 -061 +074 -081 +002 -048 +072 +021 -085 +003 +036 -030 -061 +048 -032 -064 +063 -037 -067 +020 +088 +071 +008 -044 +051 +010 -075 +057 +012 -076 +005 +084 +055 +065 -022 +065 +047 -023 +012 +071 -064 -061 +028 -078 -083
+011 -002 -027 -017 +077 +047 -071 +054 -076 +077 -048 -056 -041 +027 -078 +051 -083 +016 -014 +024 +056 -007 -005 +045 +053 -006 -100 -027 +077 -010 +076 +063 -012 -066 -025 -004 -035 -042 -061 +023 -021 -026 -015 +000 +041 +086 -046 -034 +083 -062 -018 +051 -057 -042 +038 +074 -004 +004 +061 +030 +046 +080 -041 -030 -011 +001 -014 -002 +065 +045 +076 +068 +077 +075 -066 -025 +028 +004 +065 -043 -040 +030 +087 +081 +008 -011 -015 -065 +011 +062 -075 -004 +100 -005 +016 +067 -041 -054 -041 -010 -012 +071 +058 -060 -031 -076 +081 -077 +058 +003 -056 -052
-056 -074 -054 +083 +082 +060 +072 +033 -057 -071 -073 -024 -078 +025 -017 -072 -084 +036 +000 +042 +070 -087 +067 -034 -082 -031 +052 -037 +020 -048 -071 -031 -021 +044 +040 +028 +072 +061 +002 +062 -048 -048 -058 -087 -077 -022 -022 -026 -066 -031 -048 +073 +083 +031 -065 +088 -083 +001 -044 -050 +013 +062 -004 -006 -068 +056 +001 -083 -017 -067 +034 -001 +056 +030 +043 -083 +020 -076 -081 +058 -050 +058 +021 -042 +056 +024 -078 +032 +078 +021 +072 -003 +006 -060 -065 -077 -055 -035 +012 -068 -044 -051 +000 -007 -003 -013 +082 -083 +083 -022 +002 -018
-058 +054 -032 -030 -082 -021 -040 +023 +075 +071 -051 -030 -072 -080 +081 -058 -081 +086 -073 +072 +046 -011 +021 -005 +047 +041 -030 -050 +077 +030 +075 +075 -070 -030 -035 +026 -080 -052 -021 -020 +057 -007 +051 +065 +053 -080 -038 +044 -027 +030 -036 -067 +051 +043 -038 +085 +028 -063 -038 +048 -037 +068 +047 -004 -051 -060 +018 +013 -065 -051 +028 +082 -044 +001 +088 +031 -047 +008 +012 +031 +057 +023 -048 +065 -060 +006 -058 +086 +082 +081 -073 +004 +044 -052 -088 +005 +088 +075 -043 -072 +070 -002 -017 -011 +017 +056 +077 +053 +071 -067 -068 +076
-068 -080 -014 +004 -045 +032 -018 +046 +078 -034 +002 -000 +004 -072 -088 -043 +050 -046 -034 +051 -085 -036 -012 +036 +040 +058 +077 -083 -037 +036 -012 -034 +025 -026 -071 -056 +068 +077 -076 -008 +000 +021 -017 -056 -080 -047 -010 -031 +061 +046 +075 -061 -006 -004 -032 -026 -068 +011 +016 -005 -080 -037 -076 +080 -055 +045 -035 -031 +001 +071 -033 -040 -047 -068 +030 +084 -017 -066 +028 -054 +017 +066 +050 -063 -006 -054 -076 -021 -013 +057 -020 +066 +024 -006 +008 -060 -067 +053 +005 -067 -006 +071 -035 -010 +088 -005 -037 +057 +025 -010 +084 -027
-058 -033 +024 -075 -040 +055 -042 +054 +008 -082 +021 -050 -007 +085 -003 +023 +050 +012 +052 -058 +043 +083 +026 +072 -021 +011 -046 -037 -088 -037 +013 -048 -014 +073 +002 +021 -061 +007 -031 +055 +085 +006 -067 -017 +047 -054 -010 +075 -066 -026 -000 -082 -063 +073 +008 -088 +035 -086 +020 -021 +000 +087 +067 +044 +085 +088 +021 +063 +017 -028 +076 -060 -046 -083 -082 -065 -047 -024 -027 -087 +063 +073 -004 -084 +033 +003 -062 +053 -070 -053 +033 +042 -075 +057 -012 -006 -005 -055 +006 +054 -004 -006 -068 -034 -073 -041 -072 +064 +066 -065 +041 -045
+022 +064 -053 +040 +011 -075 -042 -020 +082 +013 -026 +044 +084 +066 -038 +063 +003 -002 +000 +025 +061 -011 -003 -054 -016 -088 +058 +025 +016 -002 +071 +022 -083 +067 +041 -024 +021 +071 +084 +038 -062 +021 -036 +003 -080 -035 +031 -056 +032 +086 -000 -020 -038 -084 -062 -072 -010 -061 -084 -068 +070 -047 +051 -012 -061 -021 +010 -087 +056 -010 +065 -066 -021 -064 +077 -034 +038 -012 -005 -064 +058 +063 -042 +048 -025 +021 -040 -051 +072 +034 -048 +026 +064 +008 +082 +014 +026 +065 +058 -007 -024 -001 -018 +060 +018 -035 +028 -080 -078 +047 -075 -005
+061 -007 +082 +077 -003 +054 -003 +031 +030 +071 -086 -086 -038 +028 -033 -100 -042 -060 +017 +044 -072 -048 -064 -058 -067 +071 -026 -074 -083 -011 +075 +043 +058 -023 +062 +032 +100 +005 -082 -012 +062 -014 +018 +088 -003 +077 +064 -027 +048 +033 -082 -085 +066 -044 -018 +003 +082 +030 -030 +033 +077 +000 +018 -008 +036 -025 -075 -028 +081 +077 +028 -001 -034 +013 -016 -074 -036 +031 +056 +015 -064 +075 +058 -043 -005 -061 -072 -056 -052 -081 +004 +072 -057 +042 -040 +070 +034 -071 -035 +048 +030 -045 +050 +074 -088 +034 -024 +046 +085 +024 +047 +042
+071 +028 -064 -028 +051 -057 +080 -051 -011 -051 -052 -037 -038 -058 -052 +018 -040 +010 -066 +070 -001 -083 -074 -068 +028 +033 +017 -038 -041 -073 +023 +046 -046 +047 +005 +031 -045 -010 +071 +022 +087 -033 -051 +046 -046 -073 -045 +085 -065 -077 +023 -017 +056 -003 +035 +001 -026 -041 -086 -051 +051 -066 -068 +067 +048 +066 +046 -021 -046 +070 -075 -084 -022 +036 -085 -058 -068 +054 +003 -076 +007 +001 +086 -053 -050 +001 -027 +067 +084 -088 +085 -062 +012 +031 +026 +020 +031 +052 -012 -008 -042 +048 +085 -001 +023 +015 +032 +021 -007 +003 -088 -070
+051 -036 -014 -072 -016 +051 -084 +014 +074 +028 -061 -043 +013 -026 -018 +060 +064 +036 -027 +014 +023 -072 +036 -030 -040 +027 -042 -004 -033 +061 -080 +022 -086 -041 +007 +040 +055 +080 -047 +006 +006 -082 +078 +020 +026 -008 +022 -000 +027 -010 -026 +024 -072 -007 +020 +060 +078 +046 -086 +078 -035 +061 -016 -035 -058 +040 +064 +024 -016 -028 -072 -038 -028 +006 +066 -028 +074 +008 -085 +080 +021 +062 -043 -034 +088 -056 -064 -043 +054 -082 +063 -017 -020 -007 -084 -051 +041 -003 +006 +071 +000 +078 -015 -074 -010 +001 -027 -030 -011 -036 +022 +017
+040 +012 +023 +055 -056 -076 -027 -083 +013 +000 -020 +017 +034 -088 +061 +086 +078 +065 +028 -043 -026 -028 +056 -024 +027 -006 +032 -057 -067 +076 -023 -032 +065 -076 -011 -086 -033 -001 +060 -030 -010 -058 -006 +038 +004 -017 +026 +055 -006 +085 +028 +034 -073 +088 +078 +003 -067 -043 +026 -055 -021 -071 -055 -003 -034 -045 +006 -083 -001 +085 +013 +051 +066 +062 +014 -100 +012 +048 -042 +002 +046 +045 +008 +056 -044 +028 +087 +038 +045 -006 -080 -042 +078 +048 +061 -020 -045 +075 +100 -006 -064 -011 -075 -004 -084 +040 +037 -081 +085 -000 -016 +072
+055 -070 +052 +054 +024 +010 +071 -036 +028 -010 +034 +050 -045 -086 +075 +048 +034 -072 +012 +007 -072 -075 -015 -016 +044 -062 +075 -055 +081 -076 +087 +050 -040 +048 +032 +006 -006 -025 +001 -035 -047 -027 -034 -081 -026 -074 +057 +086 -041 -066 -000 -066 +026 -037 -067 +013 -045 -071 +085 -083 -038 +036 +078 -058 -067 -004 -056 -012 +024 -074 +025 -005 +024 +061 +052 -016 +002 +045 -014 +038 +033 -061 -022 -052 +085 -081 -080 +062 +021 +020 -035 -050 +012 +010 +051 -071 -057 +087 +041 -080 +037 -063 -070 -073 +013 -048 +076 -067 -028 -048 -050 +071
-027 +055 -083 +045 +016 -065 +053 +023 +005 +073 -076 +050 +014 -075 +001 -072 -065 +042 -050 +028 -051 -031 +043 -060 +023 -084 -014 -011 -006 -033 +048 +058 +006 -006 -008 +021 -002 +014 -043 -037 -014 -018 +051 -058 +076 +066 -008 +044 +044 +075 -023 +025 +011 -087 +050 +037 -048 -070 +010 +021 -033 -013 +016 -022 -054 +051 -006 +083 +031 +044 -063 -046 -057 -021 -011 +017 -062 +041 -021 +055 +002 +061 +005 -058 -052 -060 -078 -011 -050 -080 +058 +048 -027 -078 -023 +074 -073 +006 +083 -072 -007 -055 -018 +066 -022 +000 +017 +026 +000 -083 +051 +042
-064 +084 +077 +010 +058 -015 +066 -040 +001 +036 -051 +074 +023 +061 -022 +026 -020 +034 -018 -088 +081 -023 -074 +010 +041 +078 +018 -020 -078 -030 +031 -054 -038 +058 -084 -002 +078 -008 -003 -073 +041 +077 -066 -004 -085 -088 +046 +030 -027 -010 +055 -065 -016 -077 -072 -061 +070 +068 -042 +041 +015 -028 +060 +011 +008 -086 +023 -085 +067 +086 -023 -051 +025 +010 -003 +046 -028 +001 -000 -035 -024 -051 +013 +083 +100 +018 +004 -028 -018 -015 +054 -065 +016 -032 +011 +053 -044 +003 +025 +088 +060 -020 +043 +040 +036 +023 +014 -050 +032 -055 +070 -050
-047 -087 -077 +072 -051 +021 +027 -016 +086 -075 -064 -042 -017 -003 -073 +016 -031 +040 +058 +057 +046 -004 -045 -036 -047 -078 -081 -042 -066 -055 -000 -033 +085 -064 +043 +026 +086 -024 -022 -055 -012 -055 -080 -048 -053 +088 +032 +077 +028 -087 -025 -046 +061 +044 +015 +036 +036 -082 -041 -088 -054 +037 +032 -087 -072 +054 +070 -006 -003 +081 +021 +071 -053 +012 -066 -026 -070 -014 -001 -015 +027 -012 -025 -014 -076 -057 -073 -080 +042 +083 -031 +064 -064 +050 -072 +046 -066 +013 +022 +018 +037 +027 +080 -033 -007 -041 +024 -081 -060 +047 +013 -042
+004 -064 -006 +046 +088 -063 +066 +031 +002 +084 -046 +016 +008 +064 -064 -088 +026 -080 -071 -058 +043 -042 +048 +031 +084 -017 +078 -041 +087 +081 +003 +082 -067 +077 -004 -083 -025 -018 -088 +026 -048 -051 -043 +003 -040 +065 -083 +011 +003 +003 -075 +075 -033 -010 -030 +032 +011 +068 +002 -007 -063 -025 +065 -078 -016 -015 -061 +046 +068 -068 -012 +016 +020 -051 -020 +006 -056 +033 +062 -015 -052 -058 -007 +007 +074 +038 +017 -052 -028 -017 +088 +026 +047 -055 +066 -010 -082 -017 -030 -075 -051 +052 -040 +053 +024 +021 -035 +008 -004 +044 -066 +002
+062 -078 +048 +044 -022 -036 -050 -055 -062 +012 +065 -058 +087 +082 -052 +031 -057 +054 +053 -060 +075 +026 +077 -028 +055 +012 -056 +040 -020 -002 -085 +018 -036 +014 +025 +054 +015 +022 -061 +005 +044 -075 +000 -053 +047 -046 +048 -065 +021 +071 +005 -066 +011 -035 +068 +022 -004 +025 -052 +010 +013 +003 +065 +008 -067 -018 +076 +057 +055 -074 +015 -048 +051 -036 -028 +055 -028 +047 +063 +012 +086 -050 +027 +087 +068 +072 +083 -047 -021 +007 +022 -088 -085 -075 -044 +046 +017 -058 +056 +024 +018 +026 -034 +078 +016 +056 -031 +055 +046 -016 +055 +023
-023 -086 +052 +021 -066 +035 +050 -055 -016 -048 +088 +028 +038 -005 +033 -010 +002 -022 +042 +026 -035 +002 +074 -086 +008 -052 +067 +018 +084 -050 +043 +084 +018 +086 +045 +075 +087 +064 +028 +061 -027 +031 -085 +056 -032 +030 -013 -027 +004 +051 -014 -066 +050 +040 +043 -046 -062 -030 +044 +082 +015 -043 -016 +034 +027 -045 +067 -064 -066 +008 -080 +050 -047 -068 +012 +035 +007 -077 +084 -074 +012 -045 +063 +067 +024 +070 -076 +073 +018 -043 -062 -084 +011 -037 -028 +080 -050 +041 -001 -066 +067 -007 +061 -003 -066 +021 -050 +032 +077 +065 +081 -058
-010 +051 +030 +056 -021 +016 -010 +074 -016 -034 +076 +062 -036 +004 -018 +046 +033 -004 +085 -046 -025 -022 -031 -035 +034 -003 +050 +018 -074 -050 -088 -051 -020 +070 +051 -064 -064 +043 -032 +066 +056 -071 +081 +043 +010 +034 +034 +020 +036 +018 +067 +028 -052 -006 +011 +061 -027 -084 +075 -067 -010 +078 -046 +088 -061 +056 +063 +100 -020 +066 -006 +026 +067 -010 -052 -015 +001 -014 +000 -021 -028 +033 +040 -005 -041 +076 +035 +023 -034 +036 +077 -047 +060 -042 +035 +075 -011 -025 +060 +040 -008 +082 +012 +058 -016 +023 +080 -043 +004 +078 +066 -072
-056 +057 +034 -017 +078 -064 -074 +043 +080 +072 +042 +073 -035 -068 +035 -067 -035 -010 +033 -088 -071 +015 -024 -078 -088 -007 -002 -048 -060 +027 -025 +000 +066 -076 +027 -034 +077 +070 +050 -065 +051 +004 +002 +001 +075 +075 +063 -011 -016 -061 -076 -065 +014 -038 +060 -055 +066 +004 +025 +048 +043 -015 +015 -054 -011 -011 -013 -063 -000 -088 +040 +048 -076 +038 +062 +012 -078 -054 +038 +006 -045 -085 +063 -015 -006 -100 +025 -075 -058 -057 -062 -021 -065 +086 +048 -073 +023 +075 +073 -068 -001 -086 -074 -100 +073 -036 -008 +032 -014 +047 -027 +087
-084 -052 +055 -047 +073 +000 -082 +005 +078 +023 +047 +026 -060 +064 +055 +055 +032 -055 -017 +003 -034 +050 -018 +056 +088 -004 -012 -058 +068 +030 +074 +033 +052 -036 +085 +075 -033 -046 -082 +062 +023 -034 +061 +043 -087 -064 +053 +032 -055 +000 +045 +028 +100 +048 +008 -004 -056 -061 +043 -081 -062 +001 -018 +060 -080 +013 +083 -076 +015 -008 -080 +005 +068 -026 -078 -075 -008 -070 -026 +020 -087 +018 -018 -030 -043 -083 +078 +008 +006 -061 +046 -025 -075 -056 +012 +062 -026 -076 +100 -057 -032 -020 -065 +067 -013 -076 -040 +020 -033 -053 +080 +055
-074 -015 -084 +078 +040 +087 +007 +005 -037 +012 -050 +053 -050 +003 +061 +076 +051 +066 +080 -042 -067 +085 +003 +047 -010 +066 +043 +016 -065 +073 +055 +047 +054 +031 +055 +076 +015 +056 +018 +014 +065 +050 +038 +052 -045 +080 -041 -024 +006 -013 -085 -064 +051 +025 -036 +073 +037 -005 +058 -032 +038 -003 -003 +087 +083 -058 +001 -063 -087 -056 -026 -088 +005 -045 +044 +042 -071 -021 +072 -054 +035 -008 +024 -024 -057 -027 -027 -037 +025 +032 +083 +058 +071 -077 +060 +077 +047 -075 +064 -023 +010 +046 +008 -045 +010 -078 +054 +038 -100 -023 +016 -086
-001 -014 -053 -088 -033 +025 +071 +067 +026 +021 -035 +050 +008 +000 -087 +013 -011 -081 +080 +005 -067 -066 -083 -058 -024 +012 -030 -061 +023 +038 +062 +043 -047 +045 +047 -041 -054 -026 +026 +045 -060 -100 -077 +085 -020 -043 -072 -023 -023 -054 -003 +000 +012 +064 -082 +001 +070 -041 -055 -025 -054 -041 -011 -081 -024 -034 +018 -063 -100 -012 +041 +044 +013 -075 +065 +070 -002 +020 -027 +006 +078 -003 -026 -087 +008 -001 -023 +072 +026 +032 +063 -005 -018 +061 +016 +070 +010 -082 -035 +042 +015 -055 -066 -045 +023 -081 +023 -074 +037 -008 -017 +076
+080 -068 -086 -007 +013 +011 +073 -016 +030 +081 -027 +042 +025 -031 +081 -020 +035 +020 -065 +022 -084 -042 +071 +067 +007 -053 +070 -070 -077 +060 +062 +033 -063 -052 -023 +070 +013 +045 +001 -063 +063 +013 -033 -078 -048 +060 -064 +054 +003 -040 -025 -040 -006 +034 -060 +021 -011 -033 -065 -071 -035 +056 -082 -082 -007 +044 +081 +044 -077 +100 -035 -055 -076 -006 +017 +050 -004 +050 -066 -083 +076 +077 -048 -068 +054 +068 -074 -045 +080 -056 -008 -036 -036 +010 +036 -008 -038 +016 -071 -068 -070 +076 +061 -054 +066 +037 -038 +077 -023 -020 -077 +082
-085 +030 +004 -075 -087 -080 +077 +086 +045 +075 -065 +072 +044 +073 -066 -003 -014 +100 -007 -028 +070 +011 -081 +060 -074 +083 -070 +008 +026 +054 +084 +013 -056 +004 +055 -023 +013 +086 -015 -062 -052 +043 -030 +004 -100 +051 +086 +005 +035 -076 +055 +060 +022 -057 +082 -016 -085 +086 +064 +061 -038 +077 -074 +038 -012 -020 -086 -026 +016 -006 -005 -081 -040 -017 -011 -024 -002 -038 +061 +004 +004 -081 +021 +075 +017 -032 +071 +067 +054 +022 +003 -047 -085 +081 -055 -060 +022 -012 +001 -042 -012 -048 +027 -068 -078 -078 -035 -068 +085 +083 -051 +002
+037 +080 -083 +075 -066 +033 +078 +015 -022 -021 -081 +015 -005 +064 -002 +068 -088 +068 -063 -077 -048 -081 +036 -088 -065 -081 +023 +078 -082 +015 +013 -028 +017 -037 +036 -021 -058 +084 +041 -044 +055 -020 -005 +060 +050 +003 +012 -003 -076 -071 -028 +076 +004 -048 -004 -030 -011 +037 -035 +002 +081 +071 +025 +055 -054 -087 -010 -088 -025 +017 -033 +066 -042 -021 +021 -051 +045 +043 -036 -030 -085 -011 +021 +065 -000 -004 +022 +083 +017 +050 -055 -002 -047 -052 +055 -042 -035 +016 +004 +027 +024 -055 +011 +066 -067 -035 +051 -016 -081 -034 -074 -072
+082 +081 -075 +028 -048 +017 +018 +046 +021 +081 -036 -045 +078 +028 -083 -031 +013 -047 +007 -024 -030 +013 -040 -087 +027 +007 +070 +017 +082 -040 +020 +080 -070 +067 +032 -042 +003 -004 +070 -046 -022 -078 +051 +077 -067 -014 -008 +054 +077 -055 +081 +036 +077 +030 +053 +011 +006 +024 +021 +063 +075 +060 +002 -038 +072 +020 +012 -006 -007 -014 -031 -036 -011 -021 +071 +047 +082 +071 +058 +046 +026 +004 -087 -014 +070 +083 -012 -023 -085 +048 -054 -046 +052 -042 -073 +087 +007 +044 +050 +051 -041 +066 -082 -077 +045 -060 -072 -033 +065 -001 +028 -078
-051 -050 +003 +033 -077 -067 +040 -061 -010 -056 +056 -046 -040 +012 -014 -055 +044 +047 +041 -080 -083 +060 -007 -014 -053 +038 -078 -046 -021 -066 +016 -000 -053 +088 +067 +078 +047 -058 -034 +023 +005 -028 +016 +046 +088 +054 +058 -085 +078 +070 -040 -008 -056 +028 -075 +064 -074 -065 +018 +068 +050 +005 -055 -072 -075 -002 +048 -008 +013 +008 +015 -048 +023 +000 -032 +011 -083 +038 +004 +005 -011 -051 -018 -053 -055 +038 -021 +010 +022 -007 -068 -062 +042 +025 +064 -017 +011 -041 +071 +074 -060 -058 -062 +035 +024 -086 -016 -058 +062 -072 +032 +035
+006 -028 -033 -038 -070 +003 +031 +074 +057 -065 -070 +058 -051 +035 -026 +100 -051 +020 +061 -003 +028 +077 +042 +073 -004 -082 -003 +088 +002 -027 -024 -038 -021 -021 +081 +048 +064 -086 +082 +070 -050 +038 +011 +015 +017 +070 -044 +082 -055 -046 +073 +008 +061 +064 +071 -036 -058 -027 +060 +066 -041 -048 -010 -044 -087 +061 +023 +018 -073 +082 -080 -021 -001 +064 +088 -067 +024 -081 +025 +045 -072 +042 +061 -053 -067 +083 -052 +087 +064 -088 +006 -063 +001 +086 -082 -037 +047 +024 +060 -033 -053 -032 -080 +012 +066 -038 -047 -008 +100 +068 -040 +062
+064 +055 +052 -046 +075 +023 +026 -046 +041 -040 +051 -031 -030 -056 +087 -073 -081 -084 -003 +004 -031 +028 +040 -031 -051 +003 +010 -031 -024 +043 +080 -100 +013 -064 -081 +021 -013 -025 +033 -034 -014 -067 +005 -081 +011 -002 +083 -012 +040 +002 -048 +033 +063 +024 -021 +013 +065 +026 -016 -023 -046 +086 +051 +036 -040 -026 -081 -011 +085 -016 +066 +050 -027 -014 -060 +075 +085 -058 -062 -030 +015 +061 -022 +018 +021 +007 -065 +030 +043 +052 +005 -012 +064 +005 +037 -074 +032 -028 -012 +012 -025 -023 -035 +068 +041 -046 -005 -061 +046 +026 -023 -056
-040 -076 +007 +064 +062 -078 -087 +052 -057 +033 +022 +086 -073 -063 +073 -022 +027 +073 +040 -072 -013 +015 -057 +067 +026 +020 +034 -088 -078 -007 +025 -016 -073 -047 -057 -082 -067 +066 +026 -051 -051 -080 +062 +014 +085 -025 -002 +015 +044 -031 +021 -082 -087 -061 -066 +027 +024 -034 -005 +048 +011 -077 +054 +015 -042 -087 -080 +001 -071 -015 +046 -085 +053 -004 +076 +007 -075 +048 -066 +055 -078 -057 -042 +004 +077 -082 -055 +051 +033 -058 -040 -032 -011 -060 +000 +006 -071 -012 +074 -061 -027 -016 +032 -021 -038 -022 +048 +058 +016 -002 -041 +045
+047 +044 -030 +018 +020 +083 -041 -038 +045 +047 -027 -051 +017 +070 -030 +055 -058 -010 +061 +062 -027 +000 +082 -015 -075 +036 +037 +007 -070 +018 +061 -017 -076 +051 -066 -074 -026 +023 -068 -035 -008 -045 +050 +004 -022 -002 -084 +081 +088 -061 -040 +004 -081 -008 +057 -052 -012 -035 -035 +082 +077 -076 -081 -013 +031 +004 +031 -000 -028 -067 +023 -043 -085 +036 -100 -022 +028 -055 +063 -033 -035 +012 +027 -035 +044 -017 +087 +082 +042 +005 -011 -072 -042 +035 +062 +015 -023 +031 +022 -010 +055 -026 -070 +076 -008 +061 +060 -067 -070 +010 -026 +027
+073 -045 +038 -027 +050 +054 +065 -020 -048 -078 +088 +070 -082 -023 -068 +017 -003 +027 -088 +074 +044 -064 -064 -075 +017 +023 +041 +072 +032 +088 +063 -052 +006 +033 -005 -085 -040 -001 +084 -014 +071 -070 -025 +018 -013 +058 +034 +034 +061 +024 -074 -086 -067 -060 -030 +076 +034 +033 +008 +007 +075 -073 -071 -014 -012 +045 +002 -000 +078 +065 +053 +066 -018 +043 +082 +010 +048 -078 -084 +014 -060 -058 +055 +067 +068 -052 -022 -081 +013 +035 -048 -028 +076 +011 +061 +083 +038 +016 -053 +065 +034 -082 -003 +027 -005 -021 -075 -054 +057 +023 -030 -065
-016 +013 -068 -022 +046 -084 +081 +013 +033 -052 +032 +016 -005 -056 -005 -071 +038 -058 +008 -031 -053 -022 +002 +037 +004 -045 -032 -046 +080 +050 +013 -072 -015 +083 -022 -024 +041 +027 -023 -060 +075 +006 +072 +030 -047 -066 +080 +003 -015 -031 +028 -085 -023 -060 -043 -032 +002 -001 -040 -001 -050 +040 -028 +025 -001 -047 +036 +021 -026 -026 +024 +083 -046 -046 +067 -037 +054 +055 +056 -005 -064 -051 -061 +030 -056 -072 -003 +067 -083 -053 -060 +077 -033 -008 +047 +011 -040 -057 -042 +052 +018 -018 +035 +054 +050 -018 -083 -014 -010 +030 -054 -061
+030 +032 +063 -025 +041 +005 +043 +071 -001 +053 -020 +064 -041 +072 -052 +071 -077 +071 -057 +052 +077 +026 +065 +065 -063 -062 -022 -055 +084 -041 +040 -000 +014 -100 -076 +088 -041 +073 +062 +022 -063 +032 +000 -056 -067 +065 +021 +042 -061 +037 +043 +037 -080 -033 -065 -028 +076 +001 -062 -080 -076 -011 +065 -068 -032 +003 +074 +074 -065 -015 +037 -067 +077 -055 +071 -033 -050 +006 +001 -054 +002 +036 -061 +017 +074 -068 -004 -073 +007 -064 +031 +034 -052 +080 +046 +020 +042 -008 +054 +008 -005 -058 +027 +084 -023 +011 -044 +032 -023 -015 +011 +050
-008 -000 +014 +082 -028 +021 +084 -032 -071 -075 +080 -027 +025 +055 +082 +082 -085 +037 +011 +031 +035 +036 -023 -048 -051 -008 +088 +002 +051 -026 -054 +050 +068 +006 -008 +000 -073 -008 +066 +080 +100 -086 +082 +007 +037 -032 +074 -032 +063 -055 +024 +020 -025 -045 -050 +017 +007 -075 +057 +017 +064 -018 +064 +075 +075 +015 +004 +041 +011 +030 -081 +056 -013 -052 -075 -002 -051 +070 -016 -017 -042 +067 +054 -083 -055 -073 +017 +032 -087 -036 +056 -005 +053 -001 -038 -036 -100 -086 -058 -023 -038 -015 +057 -075 -041 -052 +068 -066 +050 -064 -041 +023
-084 +073 +013 +028 +045 +052 +027 -002 +080 -017 -083 +018 +014 +064 -056 -016 -081 +088 +006 +012 -030 -087 -032 -062 -063 -016 -062 -046 +075 +084 -020 -056 +023 -034 -038 +037 +051 -084 +048 -001 +050 +068 +037 -006 +033 -020 -046 -074 -073 -032 +066 +024 -025 -024 -076 -055 -012 +034 -087 +021 -084 -021 +040 +027 -013 +062 -086 -001 +020 +054 -047 +026 -071 -025 +041 -014 -041 +077 -073 +037 -020 -012 -035 +043 +016 -066 +064 -037 +054 -066 +048 +100 -044 -077 +025 -052 -062 +001 +072 +077 +070 -045 +066 -040 -001 +010 +056 +083 -026 -056 -010 +056
-083 -027 -017 -017 +063 -050 +076 -041 +021 -072 +078 +060 +051 +041 -050 +017 +013 +088 -006 -014 -046 -058 -061 -037 +063 +065 -066 +007 -024 +007 -066 -057 +070 -064 -002 +067 +088 +088 +035 +017 -056 +060 -064 -023 -011 -010 +013 -080 -082 -033 +020 -002 +002 -038 -072 +064 -035 +054 -027 -072 -025 +036 +071 -064 +027 -100 +045 +023 -043 -070 -045 +047 -080 +021 -027 -062 -038 -012 -045 -016 -010 -083 +028 +056 -007 +048 -066 +007 -038 -012 -052 -030 +031 -015 +065 +074 -061 -026 -085 -051 -046 +035 +058 +011 -056 -085 -037 -026 -085 +061 +022 -023
+035 -012 -003 +032 +072 -043 +086 -061 +070 +037 +023 +025 -057 -060 -085 -075 -053 -010 +023 -062 -012 +057 +044 +040 -070 +066 -056 -012 -062 +050 -048 -036 -058 -030 -038 +053 +073 -081 +031 -084 +062 -040 -055 -100 +033 -002 +020 +081 +051 +086 -057 +053 +066 +066 -050 +042 +027 -081 -073 +013 -045 -042 -038 +025 -004 +010 -018 +040 +016 +003 +072 +037 -003 +021 -053 -077 -028 -000 +015 -012 -088 +031 -017 -028 -074 +055 +024 -083 +085 -023 +023 +074 +085 +024 +022 +078 +074 -070 +050 +073 -056 +016 +041 -080 +036 +058 +068 +052 +070 -000 -074 +044
-088 +082 +024 -078 +003 -061 +032 -027 -021 +020 -064 +042 +014 +086 -002 +022 -005 -082 +083 -043 +044 +013 -051 +037 +071 -024 +020 -077 +041 -065 -012 +002 -035 -023 +045 -080 -003 -036 -074 +025 +025 -044 -046 +002 +017 -024 +038 -065 -058 +068 +020 -080 -057 -087 +070 -064 -080 -084 +048 +053 -061 +065 +022 -018 -047 +003 -025 -078 +074 +085 +071 -018 +035 +064 -006 -045 -050 +064 -054 -005 +033 +037 -011 -063 -003 +076 -051 -003 -011 +053 -074 -005 +041 -032 +056 +053 +005 +023 +047 -035 -015 -024 -007 +084 -067 +036 -016 +022 -023 -064 +056 +043
-038 -055 -047 -065 -026 -066 +000 -012 -082 -022 -005 -100 -027 -100 -013 -018 -062 -065 -066 -015 +002 -076 -038 +084 -065 +061 -021 +013 -081 -057 +078 +077 +043 -088 -011 -020 -082 -002 +057 -082 -082 -077 +006 +062 +076 -075 +081 -036 -030 -068 +034 -031 -001 +077 +056 +067 +087 -063 -028 -075 +036 +001 +026 -086 -007 -037 +043 +031 +026 -012 -081 -075 -037 -044 -007 -011 -023 +043 -011 -026 -073 -042 +013 +061 +020 +014 -060 -087 -056 -048 -084 -023 +052 +004 +024 +078 +032 +077 -064 -026 +037 +031 +035 -028 +015 -027 -060 +006 -071 -061 +077 +041
+026 +053 +040 +052 -013 -007 -036 -048 +035 +026 +006 -003 -038 +042 -008 -023 +083 -058 -035 -021 -006 -044 -005 -070 -086 -034 -024 +063 +006 -024 +010 +078 +086 -000 -010 +068 +054 +075 +008 -008 +086 -088 +010 +015 +066 -034 +063 -055 +055 -004 +028 +031 -010 +044 -028 -066 +032 -031 -023 -073 +008 +022 -012 +078 -021 +043 +024 -080 -066 -058 +035 +058 +055 -050 +047 -022 +048 -058 +016 +075 +012 +046 -037 -065 -030 +018 +000 +025 +043 +026 +055 -051 +068 -017 -008 -052 +077 -077 +031 +008 -086 -080 -078 +011 -076 -035 -016 +068 +076 -016 -067 +065
-044 +037 -072 -015 -058 +015 +035 -020 +016 -003 +056 +077 +062 -026 -085 +080 +058 -084 +084 +085 +013 +042 +081 +075 +024 -081 +067 +045 +023 +066 +023 -000 -002 +068 -023 -064 +028 +028 +042 +023 -023 -010 +011 -035 -085 -038 +066 +050 +017 -032 +064 -060 -073 +078 -062 +002 -011 -024 +088 -043 +050 -031 +000 +040 +043 -035 -040 -076 +044 -087 +018 +045 +057 -008 +034 -040 -028 -060 -057 -010 +056 +085 +002 -064 +036 +070 -063 +025 -017 -040 -002 -054 -016 +066 +041 +046 -075 +042 +053 +028 +033 -000 +064 +001 -048 +036 +088 -020 -023 +002 -066 +037
+015 +033 -051 -006 -051 -043 +070 +050 -014 +063 -030 -032 +056 +078 -015 +026 +041 +048 -037 -037 +020 -060 -057 +055 -007 +002 -014 +055 +027 -016 +076 +071 -045 +035 -085 +074 +020 +063 +042 +021 +015 -055 -044 +020 +014 +035 +087 -081 -051 -001 +034 +025 +083 +082 +065 -003 +075 -028 -035 +063 -023 +008 -074 -047 +010 -083 -010 -066 -058 -064 +012 -005 +021 +038 -005 -036 -046 +028 +043 -052 +085 -043 -034 -066 +030 -005 -075 +072 +024 -016 -064 +044 +038 -004 -008 -035 +055 -076 -044 -020 +033 +023 +070 -048 -007 +077 -030 -003 +041 -044 -002 -042
-055 -051 +036 -023 -054 +051 +016 +004 -055 +048 +047 -064 +070 +042 +004 +078 -073 -062 +088 -005 -026 +046 +082 -064 -043 -068 +035 +064 +088 -033 -032 +008 +024 -008 +072 -052 +014 -084 -050 +023 -014 +071 -075 +064 +015 +030 +016 -014 -042 +062 +065 -012 +072 -078 +038 +082 -023 -077 +042 +033 -052 -033 +084 +058 +067 -062 -031 -065 -012 -022 -010 -016 -035 -010 +003 -087 -080 +080 +077 +018 -013 +051 -024 +011 -020 +088 +076 -067 +077 +023 -074 -068 -008 -006 -035 -007 +057 -007 -048 -031 -071 +067 +030 -001 +023 -013 -063 +000 +037 +050 -006 +058
+025 +021 -018 +061 +068 -022 +063 +012 +041 -084 +040 -068 -013 +083 -065 +005 -042 -031 +077 +084 +040 +011 -065 +004 +045 +075 -005 -070 +062 +025 -056 -055 -047 -080 +028 +037 +007 +032 -008 +003 -042 +071 -047 +035 +003 -021 -050 +005 -044 +050 -007 -033 +081 -068 -012 +048 -067 -070 +057 +007 -086 +023 +071 -071 -043 -073 -041 +083 +085 -038 -030 -061 +001 -027 +085 +037 +040 +037 +046 -048 +075 +050 -044 +025 +016 +014 -033 -056 -033 -088 -081 -031 +034 -044 +008 -066 +040 -061 +033 +046 +038 -088 -036 -027 -006 +074 +008 +075 -032 +080 -011 +083
+020 +008 +030 +000 +004 -018 +072 -016 -084 -038 +084 +060 -036 -034 -051 -047 +051 +006 -030 +081 +021 +015 +086 -081 -052 +014 -004 -007 -070 -016 +068 -073 -081 +067 +074 -025 +001 -048 -030 -008 +056 +020 +068 -050 -073 -031 -054 +053 -070 -058 -001 -055 +001 -071 -003 +013 +066 +051 -073 +063 -054 +041 -072 -036 +001 -064 +034 -017 +024 +004 -075 -040 +013 -036 +014 -021 -022 -070 -084 +012 +021 +063 -056 +075 +000 -075 +085 +031 -023 -076 -052 +084 -008 +025 +052 -057 -025 +067 -021 -031 -041 +055 +030 +050 -015 +006 -032 +044 -087 +085 +053 +038
+043 -004 +021 +004 -048 -021 +027 +036 +035 -081 +018 -081 -073 +041 +015 +062 -037 +030 -004 -048 -083 +081 +067 -042 -017 -082 -077 +060 -045 -011 +027 +074 +046 -044 +070 -074 -030 -014 +011 +056 -041 +066 +054 -034 +074 -056 +054 +012 -055 +053 +061 -040 -010 -074 +003 -068 +060 +000 -056 +008 -008 +087 +056 +050 +021 +000 +036 +001 -077 +086 +053 -060 -030 -073 +068 +046 +000 -018 -074 -044 +005 +085 -056 -007 +000 -028 -000 +084 +016 +000 -045 +082 -046 +056 -055 -064 -037 -084 -032 +010 +035 +036 -048 +038 +064 +085 -053 +046 +035 +066 +051 -078
-054 +025 -015 +003 -053 -062 -023 +050 +002 +040 -024 -022 -027 -080 +001 +044 +024 +027 -082 -031 -016 +047 -013 -065 -008 +022 -032 -056 +034 -058 +037 -070 -017 -063 +080 -064 +051 -071 +031 -041 -055 -061 -015 -027 -067 -004 +083 -043 -070 +085 -030 +063 -042 +064 -065 +011 -088 -058 -007 -055 +050 +082 +086 +050 -032 -028 +002 +055 -041 +033 +062 -072 -008 +010 +071 -073 -032 -007 +026 -018 +028 -063 -100 +067 -001 +064 -017 +045 +061 -063 -030 -000 +010 -065 +005 -053 +080 -086 -022 +000 +028 +056 -026 +046 +002 -016 +061 -046 +016 -016 -021 +087
-027 +031 +040 -008 -038 +052 -038 -032 +063 +037 +057 -086 +020 -047 +037 +035 +027 +065 +013 +047 -024 -034 -046 +086 +001 +086 +010 -073 +057 -028 -026 +020 -052 -084 -087 -064 +020 -062 +077 -057 -088 -005 -037 -008 +073 -073 -013 +016 -058 -004 +032 -034 -020 -010 -062 +015 +075 -067 -078 +050 +037 +012 -015 -032 -001 -084 -035 -046 -028 -001 +048 +057 -083 -066 -017 +065 -088 +046 -058 +010 -057 +081 -070 +004 -068 -031 +037 +054 +078 -100 +040 +025 +083 -051 +001 +085 +080 -050 +000 -000 +086 -053 +025 -081 +026 -055 -003 +017 +031 +008 -063 +063
+036 -068 +006 -030 +087 -077 +032 -037 +006 -074 -056 +070 +067 -014 -054 +047 +082 +004 -074 +016 -007 +001 +045 +018 +010 +032 +011 -040 -054 +025 -024 -053 +087 -072 +016 -083 +002 -060 +058 -072 +046 +002 +078 +054 +065 -061 -030 -081 +053 +065 -024 +087 +055 +022 +086 -017 -067 +003 -043 +073 -053 +038 -041 -006 +056 +075 -053 +053 -048 +085 +062 -086 -064 +035 -078 -051 -070 +075 +034 +072 -012 +063 +042 -030 -022 +028 +004 +025 +031 +027 +066 +067 -037 -083 +048 +056 -016 -043 -051 +042 +025 -081 -083 +002 -041 -050 -021 +036 -025 +028 -051 +035
-017 +064 +048 +057 -005 -023 +025 +045 -026 +076 +080 -002 -060 -037 +015 -065 -038 -038 -050 -045 +058 -026 -001 -037 +034 -054 -062 -018 +084 -078 +016 +074 -030 +027 -077 -046 +033 +011 -032 +032 -024 -073 -046 +078 -021 -073 +041 +037 -043 +002 +024 -027 +084 -054 -028 -073 +072 +015 +081 +078 -024 -006 +000 -045 +040 -063 -023 +000 -001 +067 -015 +015 +023 -026 +034 +031 +003 -085 +071 -036 -073 +071 +008 -041 +014 +008 +007 +011 +047 -040 -062 +071 +087 -046 -062 -066 +018 -083 +016 -086 -035 -015 +018 -026 +021 -081 +007 -006 +071 -086 +077 +000
-022 +068 +056 +084 +084 -037 -011 -051 -015 -008 +006 -036 -053 +077 +088 +044 +054 +085 +036 -044 +030 -040 -073 -062 -050 -012 +042 -008 +041 -068 +024 -037 -056 +074 +012 +031 +087 -083 +030 +086 +042 -032 -045 +067 +064 -023 +016 +017 -015 +065 -081 -073 +002 +023 -041 -025 +084 -045 -071 +063 -014 -071 -052 -005 -056 +007 +078 -044 -084 +084 -014 +021 +015 -011 -066 -072 -036 -043 +006 +070 +058 -014 +075 +085 -010 +045 +004 +065 +052 +006 +077 -066 -007 +044 -064 -013 -046 +042 +072 -005 -010 +045 -031 +082 +033 +077 +043 +072 +006 -074 -031 -052
-076 -035 -075 -033 -061 +072 -012 +074 +073 +052 +071 +041 -031 +081 +017 +036 -042 +010 +058 -050 +078 +064 -046 +036 +065 +085 -054 -022 +067 +062 +048 -075 -085 +008 -065 -026 +010 +045 +068 -075 +004 -010 +027 -033 -015 -005 -004 -025 -051 +074 -027 +005 -031 -011 +048 +024 +055 +061 -048 -084 -081 -048 +026 +002 -083 -015 +073 +047 +052 +047 +016 +068 -035 -024 +070 +020 -007 -024 -083 +036 -044 +034 +088 +061 -004 -052 -064 +040 +006 -054 -074 +005 +000 +013 +088 -073 -028 -007 +028 -052 -023 -074 +024 -071 +027 -083 -001 +065 -037 +022 +084 -065
+077 +035 -034 +070 +032 +065 +076 -043 -000 +081 +032 -071 -062 +084 +004 +072 -025 -031 +086 +055 -080 -065 +076 +074 -030 -034 -070 +031 -012 +045 -000 +037 -085 +022 -071 -068 +055 -030 +072 +041 +053 +100 -077 +000 -048 +045 -012 -042 +008 -024 +087 +028 -034 -017 -083 -063 -016 -051 +083 -021 +016 +011 +000 +036 +003 +063 -005 -040 -054 +084 -086 -060 -026 +018 +018 +084 +024 -058 +074 +034 -033 -024 +012 +020 +052 +100 -036 +007 +007 -071 +008 +024 -084 +028 +013 +042 -072 +014 +068 +038 +000 -080 -070 -040 +021 -033 -020 +003 -050 -004 +035 -026
-064 -030 -065 -086 -072 -055 +028 +082 +073 -052 +082 -085 +005 +005 -032 -041 -010 +036 -051 -054 +033 -083 -051 +070 -036 -056 -011 +044 -025 +050 -001 -065 +020 -076 +026 +054 -017 +086 +036 -048 +065 -024 -014 -064 -057 +054 +027 +034 +040 +084 +037 -030 -036 -030 -003 -033 -005 -076 -021 -100 -016 -011 +026 +001 +042 -032 -045 -056 +004 +051 +007 -081 +011 +082 +032 -046 -085 -064 +086 -035 -082 +037 -034 +075 -084 +015 +050 +026 +001 +063 -007 -085 +057 +034 -026 +082 +048 +048 -074 -086 -042 +025 +043 -061 -061 +028 +007 -077 -020 +083 +041 -078
+004 +070 +036 +062 +087 +025 -075 +016 +048 +061 -050 -010 +008 +040 +081 -057 -077 +072 +071 -040 -072 +020 +011 +026 +060 -053 +011 -056 -071 +050 -006 +072 -004 +003 -051 +011 -018 -056 -083 +046 -012 -061 -042 +075 +048 +030 +030 +075 +088 +023 +047 -082 -034 +034 +064 -012 -080 -058 -017 -017 +032 -034 -071 -028 +008 -033 +002 -001 -023 -004 +015 -001 -088 +033 -034 -043 +056 -024 -001 -037 +042 +005 -024 -076 -082 -040 +054 +086 +051 -085 +052 -032 +082 +083 -063 +034 -008 -058 +038 +036 +022 +100 -038 +021 +043 -087 -058 +057 +003 -021 +025 -082
+043 +064 -032 +018 +048 -074 +008 -076 +032 +007 +073 -067 -071 +033 +043 -072 -052 -016 -040 -011 -086 +060 +051 +082 +014 +073 +062 -086 -075 -064 +070 -076 -030 -048 +068 +033 -028 +018 +016 -036 -064 +038 +007 -021 -023 -051 +084 +060 +012 -054 +033 +013 +031 +038 -042 -018 -072 +081 -070 -076 -041 +036 +057 +004 +058 +034 -071 -046 -080 -012 +084 -060 +020 -065 +022 +016 -037 +015 +050 -013 -071 +082 -081 -037 +086 -060 +083 +068 -082 +027 +000 +033 +012 -006 +016 -075 +054 +087 -016 +022 +053 +005 -008 -086 +034 -063 -087 +011 -056 -014 -080 +087
+063 -073 +066 +015 +016 -033 +072 -037 -070 -055 -031 -062 +077 -071 -075 -072 +056 +010 +082 -033 -080 +006 +027 +061 +071 -087 +056 +037 +000 -087 +081 +054 +043 -021 -037 -044 +064 +035 +081 -034 -085 +071 +008 -075 -044 +035 -082 -020 -078 +073 +046 +062 -088 +060 +043 +054 -011 +036 -055 +040 +053 -081 +073 -031 -084 -073 +073 +052 +022 -082 +084 +082 +078 -085 +034 +008 -040 +023 +068 -036 +008 +027 -063 +064 -081 +001 -065 +027 +040 -056 -060 -021 +001 +011 +037 -035 -067 +012 -035 -004 -081 -070 -041 +067 +033 -072 +008 +047 -073 -065 +031 -010
-062 -012 -008 +015 -066 +014 +083 -067 -073 +046 -012 +010 +007 +038 +030 +030 -038 +085 -047 +075 -075 +048 -035 +024 -073 +007 +084 -044 +030 -026 +063 -016 +080 +088 +056 -038 +085 -031 +027 +021 -041 +082 -042 +038 +060 -080 -088 +000 -072 +026 +054 -036 +077 -085 +025 +042 -032 -065 -000 +031 -002 -056 +047 +006 -083 -045 +053 -056 -033 -018 +045 +045 -003 +004 -023 -015 -074 +058 +011 -083 -078 +055 -065 -017 +048 +067 -007 +056 +013 +044 +020 -061 +068 -003 +087 +072 -066 +068 +006 -006 +016 +041 +001 +035 +087 -025 +072 +077 -028 +036 +081 +070
-007 +052 +061 -034 -033 -054 +053 -003 +010 -074 +053 +036 +074 -013 -066 -084 +037 -088 -002 +061 -004 -051 -000 +046 +015 -047 +042 -081 -068 -072 +067 +051 +034 +055 -040 -023 -018 +000 +086 -052 -080 +084 -083 +031 +025 -022 +052 +032 -081 -056 +005 +064 +078 +057 -000 +011 +037 +050 -043 +058 -001 -036 +081 -020 -005 +023 +054 -038 -053 +047 +062 +028 +080 +001 +065 -050 +022 -055 +050 +075 -034 -013 -048 +050 -046 +057 -078 +023 -026 +071 -072 -081 +001 +055 +082 -002 +020 -000 -057 -033 -043 +057 +012 +062 -028 +082 +004 +024 -084 -002 +072 +022
-014 +040 +035 +053 -044 -035 +020 +003 +061 +071 +088 -044 +006 +073 -058 +024 -006 +055 +012 +043 -024 +077 -073 -037 +031 +086 -048 +068 +016 -058 +041 -047 +017 +041 -067 -001 -041 +007 -045 -068 +057 +007 -054 +035 +047 +022 -075 -084 +042 -025 -087 +052 -020 -035 +048 -081 +064 +020 -001 +076 +008 -011 -023 +050 -081 +058 -044 +071 +075 +016 +063 -011 +030 -057 -051 +001 -025 -013 -045 -005 -072 +054 -041 -074 +087 -007 -073 -066 -014 +027 +056 -081 -006 +007 +085 +003 +030 -033 -030 +072 +045 +084 +045 -013 -082 -012 +044 -013 -025 +052 +017 +030
-082 -041 +077 -008 +070 +011 +061 +017 +001 +033 -081 +036 +048 +086 +083 +077 +045 -068 +015 -075 -040 -011 +050 +053 +001 -056 +007 -075 -042 +025 +065 -032 -053 -032 +071 +025 +037 +033 -070 +001 +013 +062 -024 -023 -003 +001 +085 +036 -043 -051 +056 +035 -033 +072 +026 +066 -041 -077 +011 -054 -087 -016 -063 -033 -055 -053 +046 +037 -000 +008 +086 +033 +018 +084 +081 -022 -062 -044 +003 -013 -010 +010 +040 -006 -076 -002 -088 +010 +011 -072 +050 +045 +083 -026 +071 -076 -078 -045 -050 +061 +083 +028 +080 +056 -081 +083 -055 +022 +008 +070 +057 -088
-015 +028 +047 -016 +068 +014 +036 -070 -070 +000 +054 +066 -073 +028 -073 +015 +086 -086 -024 -066 +044 -014 +016 -060 +023 +010 -013 +035 +015 +012 +060 +003 -080 -057 +014 -072 -048 +043 -041 -022 +038 +006 -068 +064 -008 +083 +003 +020 -063 -065 -001 +054 -065 +065 +056 +076 +022 +007 +018 +064 +073 -074 -073 +043 +074 +035 +012 -005 +025 -007 +015 -063 -054 -086 -007 +050 +038 -071 +036 +030 -078 -054 +036 +080 +082 -064 -050 -080 -034 -050 +000 -050 -052 +052 +002 +007 +044 +068 -037 +087 -064 +050 -044 -043 -026 +047 -047 +043 +008 +074 +051 -010
-072 +080 -024 -046 +064 -083 +022 +022 +020 +038 +055 -020 +010 +048 -054 +057 +067 +067 -063 -068 -058 +087 +064 +002 -067 -024 -078 -042 +017 +021 +088 -000 -017 -021 -047 -078 -058 +047 +063 -054 -044 +056 -081 -044 +010 -023 +006 +045 +088 +072 +035 -018 +032 -083 +088 +063 -075 +035 +057 -046 -085 -047 -001 -034 -071 +010 +087 +031 -021 +064 +014 +012 -017 -013 +057 +100 +074 +073 -082 +076 +087 -056 +014 -010 +086 -086 +005 -075 +015 -066 +027 +083 +015 -037 +051 -013 +012 +087 -061 +013 -080 -071 +011 -031 +074 +024 -056 -066 -054 -051 +074 +031
-068 +066 +022 +076 -003 +065 -044 -027 -056 -052 +065 -084 -046 +011 -023 -012 -037 -046 +061 -043 +040 +083 -008 +022 +003 -003 -034 -045 -076 +066 +046 -054 -083 -078 +048 +006 -007 +066 -021 -087 +100 -046 +066 +030 +004 -012 -020 +046 -023 +045 -088 -022 -072 +018 -083 -063 +027 +076 +045 +046 +003 +012 -017 +035 +015 -027 -075 -062 +066 +027 -061 -010 +080 -018 +046 +011 +078 -001 -056 -074 +044 +083 -003 +021 -081 +046 +067 +054 -077 -046 -004 -010 +077 +000 +036 +067 +032 +048 -082 +017 -028 -062 -047 +018 +014 +074 +036 -084 +008 -064 +038 +044
-065 +082 +080 -085 -076 -014 -082 -033 +057 -062 +073 -035 -061 +027 -011 -053 +008 -066 +053 -010 +067 +078 -067 +071 +077 +005 -035 -004 +015 -086 +013 +028 +037 +053 -018 -080 +077 +084 +081 -028 +065 -072 -078 -034 -082 +025 -032 +065 -064 -082 -054 -088 +065 -058 +078 -035 +057 +063 +082 +087 +013 -087 -085 +041 -061 -024 -071 -005 +031 +083 +055 -008 -066 +006 +068 +004 -073 -086 +045 +044 +001 -030 +018 -061 -054 -074 +082 +001 -040 +066 +038 +017 -026 -000 -007 +011 +056 +023 -013 +042 -026 +080 +016 -052 +011 -041 +056 -020 +012 +030 -044 -060
-035 +077 -073 +027 +083 -080 -064 -031 +036 +041 -012 +051 -002 +078 -064 +021 -015 -015 -062 +050 +063 -084 +066 +056 -064 -075 +014 -036 -080 +026 +056 -038 -030 +011 +072 -038 +021 -015 +036 -026 +014 +012 -077 -012 +034 -004 +051 -015 -051 -044 +013 -023 +075 -035 -018 +081 -052 -051 -017 +043 -002 -023 +021 +058 +042 +007 -031 +015 -011 +083 -081 +032 -045 -062 -057 -084 -077 +046 -041 +056 +078 -035 -006 -046 -033 +035 +005 -036 +058 +018 +022 -066 +031 +014 +082 +042 +021 -084 +031 -010 +033 +064 +085 -033 +084 -087 -002 -000 -063 +063 -005 -082
-068 +045 +072 -077 +034 +010 -082 +058 -022 -024 -077 -035 -034 +072 -044 -030 -075 +087 +056 +018 -002 +085 -003 +014 -076 -066 +002 +048 +064 +005 +007 +060 -024 +026 -061 -071 -042 +002 -070 -024 +052 +036 +018 -056 -037 +043 -073 +057 +062 -028 +001 +056 -080 +053 -023 +027 -056 +035 +052 +058 -074 +003 +002 -020 +085 +070 +051 +081 -064 -087 +056 -085 -077 +074 -074 +034 -070 -006 +033 +060 -033 +030 +061 -010 +038 -041 +005 +037 -064 -050 -062 -017 -062 -041 +072 -068 -013 -007 -086 -037 +000 -042 +000 +074 +010 -028 -008 -061 +044 +048 +012 +018
-031 +043 -014 -037 +027 +074 -016 -010 +022 -026 -053 -076 -017 -016 -012 +050 -027 -012 -034 +071 -026 +063 -025 +056 -015 +050 -048 +072 -080 -065 -006 -024 -001 +075 +062 +052 +074 +074 -045 -076 -057 +083 -073 +043 +082 -024 +046 -070 +033 -012 -048 -048 -083 +061 +000 +065 -080 +010 -045 -028 -062 -074 -085 -100 +048 +045 -042 -037 +042 +015 +073 +070 -083 -071 -022 +034 -045 -003 +057 -001 +086 +056 +087 -012 -053 -043 +057 +043 -074 -073 +087 -047 +057 -067 -040 -047 +042 -021 -058 -067 +040 +088 +071 -070 +040 -006 +013 +077 -040 +081 +006 -055
-030 +021 -073 -025 +014 +077 +018 +056 +036 -043 +053 +025 +031 -072 -000 +086 -060 +022 -035 +013 -043 -031 -084 -035 -038 -043 -026 -082 -042 -048 +071 -022 -085 +001 -020 +072 +051 -057 -011 -083 -075 +087 -071 +084 -042 -020 +063 +043 +050 +064 +073 -004 +044 +076 +062 -058 +061 +002 +067 +046 +078 +063 -033 +018 -007 +020 +068 +071 -053 -002 -074 -008 -010 -063 +012 +070 +083 +047 +060 -006 +038 -070 -050 -021 -038 +066 +081 +046 -075 +044 +080 -048 +016 -006 +006 +062 +003 +065 +053 -087 +018 -020 +040 -061 +084 -073 -001 +056 +086 +088 +011 +055
-032 -030 -013 +046 -083 +065 -057 +011 -002 +023 +053 +030 +012 -087 +014 -060 -054 +005 +024 -085 +031 +080 -071 +012 +064 +034 -066 +025 -003 +050 -011 -012 -027 +065 +003 +052 +044 -017 +032 -082 +068 +013 -041 +088 -011 +012 -032 -081 +045 -005 +072 +017 -072 -086 -082 +027 -037 +063 -024 -041 -020 -078 +006 +012 +014 -065 +006 -022 -004 -057 +005 -071 -066 +041 -065 -080 +018 -034 -003 +017 -025 -034 -018 -010 -011 +074 -067 -045 +004 +031 +022 +021 +083 +066 +013 +013 +018 -002 +000 -050 -044 +081 +040 +063 -037 +044 -022 +057 +000 +056 -020 +048
+058 -037 +063 +030 +052 -011 +003 -075 -041 +025 +078 +078 -033 -084 -058 +023 +035 -006 -085 -065 +080 +017 -034 -076 -022 +010 +087 +073 -066 +028 +034 -001 +020 -043 +001 -027 +087 -011 -052 -056 -008 +064 +046 -046 -023 -054 -001 +015 -061 -051 +087 +083 +058 +038 -033 +054 -010 -067 -003 -056 -068 +021 -076 -083 +000 +084 -060 +010 +058 +067 +064 -075 +087 -078 -002 +012 +016 +047 -021 +050 -064 -062 +006 -028 +043 +030 -065 +032 -067 +041 +042 -024 +016 +014 +017 -002 +005 +054 +077 -020 +071 -040 +013 +001 -080 -012 -058 +055 +100 +017 +077 +081
+002 -032 +012 -077 -062 +046 +042 +082 +068 -058 -024 +040 +002 -054 +008 +038 -070 +051 +077 -043 +052 +010 -078 -038 -058 -031 +070 -081 +023 +053 -002 -041 -060 +087 +006 -038 -045 +058 -003 -004 +044 +013 -078 +000 -022 +058 +014 +018 -015 -070 +054 +045 -046 +058 +054 -064 +045 +060 +082 -013 +073 -063 -070 +032 +075 -083 -037 +004 +035 +081 -066 -087 -005 -016 +005 -037 +067 -063 -033 +010 +038 +034 -031 -057 +020 +000 +051 -067 +080 -000 -003 -014 +043 -053 +022 +018 -057 +025 +061 -075 +040 +021 +082 -037 +077 +081 +023 -050 -041 -024 +021 +053
+034 -070 -017 -034 +026 -044 +034 +016 -082 -055 -084 -020 -034 -017 +022 +073 -065 +061 -003 -032 +056 +044 +034 +072 +045 -088 -027 -043 -047 -026 +065 -034 +005 -017 -083 +061 +002 -012 -037 -065 +084 +080 -075 +054 +064 +087 -042 +018 +027 -058 +023 -005 +016 -080 -011 -040 -046 -080 -068 -076 +080 -026 +061 -018 -073 -084 +003 -018 -021 -044 -008 +078 +015 -057 +016 +060 +048 +086 -068 +044 +014 -015 -010 +015 -023 -068 +063 -000 -000 -081 -048 -053 +085 +015 -017 -031 +074 -054 -010 +004 +046 -035 -084 +011 -088 -004 +058 +033 -056 +007 +056 -086
+087 +036 -100 -025 +041 +077 +077 +003 -071 +067 +051 -045 -030 +071 +005 +030 +031 -000 +035 -048 -068 +005 -047 +077 -018 +011 -015 +045 +052 +023 +007 +055 +034 -084 +047 +030 -018 -071 -027 -005 -013 -087 +043 +088 -067 +075 -077 -037 +012 -007 +014 +027 +020 -011 +080 -000 -051 +055 -004 +070 -087 +041 -051 +045 +027 +087 -006 -075 -054 +037 -078 +100 +087 -060 +036 +031 -075 -071 -044 -026 +061 +073 -061 -007 +015 +087 +013 -062 -043 -020 +076 -035 -005 -070 +036 -040 +046 -004 +075 +010 -071 +053 -036 +016 -044 -042 -051 +046 +043 -047 +045 -065
+018 +086 +012 +065 -038 +077 -062 -063 +046 -081 +030 +067 +050 -002 +056 -043 +058 +074 +068 -033 -040 -014 +005 +034 -038 -088 +065 +071 +080 -087 -028 -023 -015 -080 +043 +080 +007 -057 -057 +006 +021 +058 -048 +073 +027 +005 -056 -015 +044 +068 -081 -056 -035 -100 +083 +060 +008 +052 -073 +050 +078 +067 -025 +066 +004 +043 +080 -025 +020 -068 -056 +070 -017 +073 +044 +026 -054 -060 -002 -037 +052 +071 -010 +023 +066 -023 -000 -003 +043 -070 -018 -011 +037 +055 +065 -024 +034 +070 +026 +053 -056 +078 -054 -045 +016 -078 +030 -037 +057 -083 -032 -046
-013 -036 -065 -077 -082 +016 +015 -043 +034 -044 -048 +053 -024 +061 +007 +074 -068 +051 +020 -055 +045 -061 -076 +055 -052 -078 -057 +050 +007 -024 -010 +046 +047 -083 -052 +058 +033 -045 +043 +067 +042 -071 +051 -048 -047 -026 -077 -043 -006 +067 -071 -010 -064 +010 -006 +053 -076 +075 -003 -038 +028 +051 -013 -076 +036 +068 -064 +041 -084 +082 +047 -070 +081 +065 +034 -067 +075 +046 +086 -086 +057 -032 +036 -037 -081 -001 +038 +060 -022 +003 +011 +022 +028 +040 -025 -038 -015 +038 +064 -017 -051 -057 -035 +076 +066 +040 +038 -082 -002 -044 +007 +066
+083 -013 -084 +075 +017 +075 +025 +037 +022 -013 -077 -075 -028 +080 -041 -017 -021 +042 +060 -052 +055 +042 -038 -003 +060 +030 +048 -007 -023 +047 -058 +063 -014 -084 -063 +024 -014 +066 +052 +003 -081 +008 -065 +038 +032 -077 +054 -026 +041 -044 -088 -010 -082 -005 +036 -003 -054 +007 -006 +078 +065 +077 +008 +050 -041 +022 +012 -000 +087 +037 -061 -082 -001 +083 -011 -041 +083 +050 +070 -014 -001 +047 +005 +004 -066 +071 -055 +036 +002 +034 +023 +010 +086 -066 +070 -011 -041 +077 +080 -017 +037 -057 +001 -011 -055 -082 +085 -037 +025 +065 -006 +021
-047 +081 -005 -041 -025 +066 +046 +066 +078 -024 -050 +007 -011 -005 -074 +012 +026 +072 +031 +022 -021 +042 -082 -067 +057 -043 -015 -083 -021 +074 +016 -045 -000 +032 +024 +081 +088 -086 -087 +003 +050 +068 +008 -080 +057 +014 +087 -068 +043 +048 +055 -083 +024 +071 +024 +008 +063 +070 -041 +084 -048 +013 -031 +072 +023 -017 +055 -062 -070 +037 -066 +033 +063 +047 -047 +050 +041 +100 +034 -042 -051 -077 -081 -076 -085 -045 +005 -004 +035 -011 -007 +077 +024 +074 -075 +007 -011 -030 -023 -040 +014 -006 +057 +053 +074 -051 +078 +071 -038 -003 -083 -042
-012 +007 +085 -056 +026 +040 -003 -022 -014 +088 +075 +082 +008 +063 +064 +007 -008 +066 +074 +065 -047 +021 -047 -084 +076 +014 -006 +086 +073 +058 -080 +075 -063 -025 -060 -085 +076 -083 -025 +027 -066 +007 +066 -073 +005 -040 -055 -057 -070 +047 +031 -021 -073 -042 -007 +015 -018 -045 +016 -081 +046 -086 +018 +052 -024 +005 -008 -080 -042 +023 +063 -060 -058 -065 +014 +017 -076 +030 +007 +066 +030 +027 -051 -037 -082 -060 -046 -058 +036 +073 -022 +074 -024 -036 -057 +088 +072 -043 -064 +082 -062 +010 +035 -082 +066 +021 -057 -073 +044 +004 -021 -021
-016 -001 -064 +012 -083 -058 +087 -068 +075 -036 -078 -056 +034 -008 +026 -038 +072 -012 -008 +063 -088 -086 +028 -056 -074 -066 +016 -006 -008 +028 +045 +038 -071 +062 +017 -071 +007 -070 +042 -077 -033 -077 +066 +073 -067 +044 -037 -020 -064 +004 +065 +024 +068 +058 +077 +021 +068 +017 -077 -010 +037 +020 -037 -025 -040 -055 +024 -083 -032 -053 -080 +072 +032 -008 -052 -024 -065 -053 -085 +014 +082 -048 +030 -045 +071 +071 +064 -037 -052 -077 +010 -085 -016 -088 -025 -065 +050 +061 -045 +084 -018 +008 -002 +015 +016 +075 -031 +031 +013 +021 -052 -046
+023 -088 +073 +078 +056 -057 +061 +048 +087 +088 -074 -043 +047 -060 -003 +013 -031 +000 +007 +002 +005 -006 +048 +025 +065 -004 +037 -002 -030 -002 +002 -072 +064 +064 -077 -007 +052 -073 +055 +063 -001 +016 -086 +000 -053 -081 +044 +032 +053 -056 +055 +023 -017 -057 +061 -060 -082 +002 +034 +073 +058 +018 +075 -004 +016 -078 -008 +018 +046 -033 -012 -038 +064 +042 +012 +072 -063 +067 -026 -015 +015 +013 -072 -015 +035 -068 +038 +100 +058 +034 -000 -042 +002 -021 +055 +006 -066 -001 +017 -064 -054 -035 -038 +014 -045 +012 -050 +000 -034 -076 -068 -007
-012 -072 +022 +002 -002 -077 +002 -080 +050 +014 -043 +004 +060 +052 +024 -011 +025 +083 -063 -077 -072 +052 +087 +050 -075 -036 -081 -086 +047 +000 -016 -004 +017 +082 -078 -016 +065 -005 +052 -056 +004 -050 +041 +055 +001 -040 +018 +064 +007 -003 +023 +036 -081 -022 +031 -071 +027 +020 -072 -058 -025 +083 +011 -088 -061 +086 +046 -011 -012 +068 +085 -026 +036 +022 +064 +018 -071 +022 -010 -081 -081 -081 -076 +056 -022 -084 +000 -076 +056 +043 +060 -013 -063 +066 +036 +088 -053 +087 +035 +042 +088 -035 +015 +030 +057 +002 -031 -045 +023 -035 -032 -035
-008 -068 -000 -064 -038 +014 +013 -082 -067 -064 +066 -014 +062 +048 -053 +085 +065 +023 +057 +026 -038 +025 -067 +055 +050 -068 -052 +005 -021 -074 -014 -017 +026 +050 +021 +063 +020 +000 +021 +063 -018 -076 -011 -027 +065 -026 -042 -081 -020 +080 +040 +087 +013 +072 +082 -016 -043 -014 -023 -008 -038 -031 -052 +044 -020 +073 +001 +047 +087 -032 +026 -025 +034 +072 +075 -082 +075 +001 +003 -011 +054 -031 +078 +004 +027 +062 -065 +005 -025 -023 +020 -073 +007 +044 -010 -051 -015 -043 -076 +034 -001 +004 +008 +055 -044 -076 -073 +052 +075 -017 +028 -066
+080 +024 -008 +055 -083 -027 +005 +075 -066 -020 -040 +077 -004 -043 -084 +077 +043 +004 -034 -008 -080 -053 -024 -058 +030 -013 -054 +045 +041 +010 -034 +028 -085 +007 +055 -057 +070 -030 -084 +011 +007 +010 -026 +055 +051 +000 +068 +025 +033 -054 +008 -063 -072 +047 -051 -058 -028 -017 +050 +042 -052 +040 -067 -042 -036 -062 -052 -060 +052 -010 -047 -016 +052 +020 -075 +082 -015 -032 -046 -085 -002 -030 +081 -075 +088 +031 +015 +067 -034 +066 -003 +046 -003 -041 +025 +076 +031 +087 +038 -057 -033 -058 +017 +058 +077 -086 +020 +055 +086 +074 +018 -076
+085 -025 -074 +073 -036 +018 -032 +042 +062 -048 +032 -100 +063 -024 +087 -086 +062 +053 +016 +064 +041 +044 +071 +054 +061 +082 -031 -008 +073 +050 -021 -036 +001 -030 +087 +057 -013 +084 -071 -002 +087 -013 +001 +005 +040 +001 +076 +085 -007 +070 +055 -014 -033 -051 +012 +070 +036 -088 -012 +042 -065 +032 +033 +012 -082 -015 +020 +044 +011 +062 +037 -073 -004 -088 -020 -034 +082 -063 -061 -062 +035 -023 -012 +012 -047 +068 -033 -087 +052 +035 +032 +022 +074 +034 -026 -081 +054 +056 +006 -030 +082 +052 -088 +075 +014 +054 +023 +046 +061 +003 -006 -018
+002 +003 -012 -063 -053 -053 -076 -028 -062 -064 +017 +067 -010 +057 -021 +024 +078 +034 +004 -036 -083 -082 +080 -031 -038 -007 -008 -083 +077 +064 -065 -050 -058 -004 +040 +051 +031 -037 -047 +007 +024 -032 -025 -028 -063 -077 -082 +010 -021 +066 -088 -088 +025 +010 -050 +027 +084 -045 -053 -012 +014 -072 +033 +065 +074 +053 +011 -050 +086 +034 +045 +028 +061 +012 +032 +038 -030 +045 -078 +018 +007 -082 +042 -005 +013 -026 -010 -080 -088 -066 -051 +085 -048 +036 +072 -066 +016 +055 -051 -034 +037 -024 +047 -002 -080 -072 +003 -063 -030 +023 -036 -081
+016 -020 -061 +021 -085 +011 +012 -007 +021 +083 +044 -064 -086 -021 -011 -071 -000 +060 -011 +047 +073 +050 +026 +000 +041 +041 -085 -071 -075 -043 -057 +016 +013 -035 -070 +083 +034 +088 -025 +032 +054 -028 -067 +046 +026 +030 -076 +061 -082 +058 -033 +045 +035 -036 +002 +086 -025 +086 -040 -076 +031 -044 +044 +001 -060 +086 -051 -084 -070 +040 -068 +066 -033 -042 -100 -100 -001 +055 -020 -028 -086 +002 -003 -023 +022 -065 +038 +043 -062 -065 -067 +068 +036 -070 +078 +082 -084 +086 -054 +020 -054 -051 +001 -007 +000 -066 -050 -025 +016 +014 -051 +015
