+016 -048 +023 -080 -074 +076 -058 -005 -018 +015 -053 +005 +017 +026 +065 +004 +001 -041 -058 +026 -081 +008 +074 +085 -080 +042 +058 +015 -071 -065 -072 -066 -036 -045 +088 +020 +047 +088 +016 -007 +031 +045 +063 +076 -060 -085 -067 -036 -056 +041 -018 -026 +048 -021 +078 +081 +055 -027 -003 -022 -004 +040 -042 +074 -063 -088 +016 +051 -083 -033 +055
+061 +024 +080 +000 +033 +030 +004 -034 -000 -010 -040 -004 +031 +004 +051 -058 +073 +028 -056 +065 +007 +051 -032 +026 +051 +017 -085 +004 +010 -004 -041 -017 +086 +057 +074 -077 +016 +040 +010 -032 +060 -052 -011 +008 +072 +073 -058 +048 -038 -068 +078 -076 -013 -038 -078 +072 +011 +057 -023 -067 -015 +023 -021 -050 -016 -056 +027 +026 -021 -044 +045
+028 +024 -018 +031 +043 -064 -011 -045 -024 -015 -022 -015 -023 -056 -066 -008 -001 -071 -080 -058 +015 +064 -081 -030 -023 +057 +082 +022 +054 -000 +066 -007 -041 -040 -063 +067 -030 +031 -077 +046 +027 +064 +001 -034 -064 +037 +038 +085 +028 +068 -026 -065 +083 -042 -025 -031 +053 +033 +073 -053 +085 -083 -002 -051 +010 +042 +021 -065 -025 +011 +058
+038 -084 -022 -022 +020 +054 +064 -062 +077 -026 +072 +038 -074 +041 +051 -010 -038 -043 +022 -065 +014 +065 -070 +018 -075 -042 +084 -005 -028 -007 +047 -044 +020 +075 -037 -061 -018 +061 -000 -100 -032 -054 -033 +072 -046 +000 -086 -023 +066 -062 +087 -024 -005 -050 +035 -066 +043 +021 -068 +066 +006 -006 +084 -003 +002 -002 +054 +060 +006 -031 -083
-068 +024 +072 +051 -012 -008 +013 -057 +020 -042 +022 -068 -035 -061 -035 -076 -017 -005 +042 +068 +070 -072 -088 +076 +048 +064 -041 -051 +012 +088 -008 -055 -000 +026 +036 +027 -073 +017 +000 -045 +034 -064 +040 +056 +064 -037 +003 +085 +070 -024 +006 +025 -058 +008 -011 +077 +063 -058 -055 +057 +041 -004 -100 +007 -026 -047 -018 +068 +002 -007 +033
-042 +066 -038 +032 +037 -083 +018 +084 -031 -007 -013 -045 -047 -083 +000 -036 -006 -071 -018 -085 +041 +073 -037 -036 +034 +031 +024 +030 +085 -064 -047 +078 -081 -023 +073 -088 +066 +082 -013 -070 -076 -068 +022 +051 -003 +026 +062 +012 -088 -075 -080 -075 -056 -016 +026 -073 -037 +028 +062 -053 -070 -068 +028 -077 -081 -070 +064 +050 +003 -056 -055
-051 -073 -083 -063 +012 -041 -031 +026 -005 -005 +036 +010 +080 +034 -014 +001 -087 +076 +008 +070 -007 -023 -012 +068 -043 +022 -001 -078 +065 -057 -014 +085 +003 -023 -000 +005 +035 +006 -058 +054 +034 -005 -017 +018 +072 -007 -026 -065 +020 +050 +006 -081 +016 +071 +020 -038 +003 +026 +071 -034 +024 -040 +074 +088 +046 +034 -061 -080 -060 +088 -036
-050 -017 +004 +014 +087 +045 -071 -008 +073 +008 -030 +082 +047 +017 +008 -060 -062 -006 +041 -054 +077 +050 -066 +031 -060 +064 +028 -027 -027 -018 +025 +045 -050 -030 +003 -010 -001 +081 -078 +010 -004 -021 +083 -057 -066 +065 -012 -040 +022 -055 -012 -026 +058 -080 +000 -034 -074 +051 +024 +024 +037 -050 -026 -003 -025 +028 +023 +075 +008 -055 -045
-045 -026 +062 -060 -074 -015 +054 -001 -022 -014 -065 +013 +008 -048 -020 +062 +000 +028 +008 -031 +023 +056 +047 -002 -007 -012 +068 +040 +086 -062 -002 -058 +045 +003 -026 -036 -020 +066 +086 -032 +018 -051 -008 +071 -037 +077 -034 +075 +058 -072 +025 -037 +035 -078 +040 -032 +026 +028 -064 +000 +081 -025 -086 -042 +006 -032 -010 -070 -075 -000 -018
+053 +023 -055 -024 +020 -000 +040 +083 +022 +025 +075 -050 -087 -038 -057 +064 +048 +014 +076 -051 +042 -035 -048 +031 +076 +076 -063 -080 -014 -045 -066 +028 +017 -027 -018 +031 +055 -047 -088 +028 -041 +026 -014 +064 +072 -010 -017 -071 -012 +043 +033 -050 +032 +074 +066 -002 -041 +038 +016 -026 +086 -056 -002 -060 -061 +067 -047 +036 +050 -032 +073
-005 -064 +064 +011 +003 +035 +066 +045 +014 -026 +030 +082 +088 +060 +004 -012 -071 +011 -014 +060 -083 -035 +011 +022 +081 +030 +045 +078 -074 -011 +032 -085 +067 -080 +052 +073 +023 +043 -055 -062 +071 +054 +001 -045 +046 +037 -026 +087 -034 +078 -065 +051 -081 -060 -026 +028 +015 +006 -006 -006 -038 +077 +080 +071 -066 -026 +010 -071 +008 +026 +061
+074 -074 -020 -051 -033 +052 +065 -033 +022 -037 -043 +081 +041 +077 -032 -007 +070 -078 +080 +016 +013 -086 -082 -056 -083 +054 -083 +007 -048 -043 +073 +033 +080 +044 -051 +083 +001 +004 -045 +015 +057 +027 -007 +050 +055 +083 +063 +075 +031 -005 +021 -087 +042 +013 -007 -057 -076 -038 -003 +068 -010 -002 +067 -050 +053 +076 +027 -027 -023 +012 -005
+013 +066 -022 +044 +014 +053 +006 -007 -051 -012 -083 -021 +053 -038 -061 +004 +055 +076 +066 -008 -083 +000 +084 +070 +011 +008 -074 +066 -055 -013 -010 +046 +046 -062 -033 +030 +028 -063 -028 -024 -026 -056 -047 -027 -054 -032 +085 +012 -051 +002 +045 -036 -038 +057 +002 +018 -024 -053 +067 -050 -008 +063 -065 -045 +004 -065 -033 -078 +085 -004 -054
+070 +035 -037 +076 +024 +010 +081 +064 -023 +036 +007 +055 +045 -085 +027 +037 -065 +061 +076 +031 -007 +086 -060 +047 +042 +032 -061 -071 +055 +063 +061 -011 +085 +070 -085 -036 -007 -075 -044 -085 -065 -064 -035 +026 -060 +014 -033 -002 +006 +054 -088 -011 +007 -020 -055 +055 +003 +015 -030 -044 -003 +032 +036 -076 +047 -076 +081 +012 +081 -060 +058
-083 +034 -031 +070 +018 -008 -077 +003 -008 +034 -044 +012 +022 -020 -030 +011 -038 +004 +022 -013 -031 -045 +015 +050 -046 +083 -031 -004 -014 -045 -065 -081 +063 -053 -058 -006 +032 +057 +082 +087 -053 -032 +037 -054 -038 +038 +013 -081 +065 -087 +043 -047 -078 -060 -077 -046 -008 +068 -028 -035 -010 +025 +010 -083 +068 -023 +100 -057 -027 +037 -047
-028 +023 +018 +100 -076 -013 -083 +013 -006 +062 +063 -020 +020 -034 +080 +060 -074 +032 +050 +037 +065 +031 -082 +045 +012 -004 +036 -046 +062 -050 +004 +064 +015 -070 -028 +057 +082 +064 -084 +023 -004 -005 +050 -062 +005 +015 -010 +002 +087 +076 -071 -034 -051 -086 +030 -071 +055 -011 +078 -041 +047 -033 -074 +086 +063 +085 +026 -026 -014 +072 -075
-034 +017 -000 +080 -011 +073 -075 -085 +072 +036 -062 +043 +066 -002 -026 -052 -063 -027 +037 +085 -024 -023 +014 +024 -086 +081 -042 +081 +062 -048 +035 -063 +015 -060 +061 -026 -070 +050 +016 +047 -003 +006 -055 -015 +086 +042 +013 +055 +005 +010 -014 -002 -076 +030 +024 -047 -074 -056 +007 -068 +014 +003 +012 -015 +027 +077 -085 +075 +026 +020 +011
-023 +022 -007 +068 +032 -053 -065 -058 -006 -022 -013 +055 -037 -088 -076 +031 -003 -012 -062 -072 +061 +035 +068 -048 -022 +003 -016 -018 -055 -066 +082 +032 -085 -058 -046 +053 -060 +043 +053 -046 -063 +080 +001 +016 +067 -051 +031 -037 -011 +070 -048 -055 -042 +001 +003 -002 +061 +075 +010 -034 +045 -014 +078 +077 -033 -031 -065 +100 -035 -056 -022
-033 +008 -086 -037 +072 +002 -025 -004 -023 +032 +052 -047 -052 +036 +016 +031 -015 -002 +055 -060 +033 +086 +080 -061 -078 +057 +012 +007 +033 +002 +086 +036 -061 +043 -075 -057 -036 -063 +076 +028 -068 -022 -000 -023 -055 +082 +034 -045 -082 -002 +047 -054 -011 +017 -075 +080 +065 +086 +073 +004 +078 +018 -036 -042 +071 -036 -080 +046 -072 -038 -045
+050 +072 +011 -041 -050 +053 -056 -037 +037 +011 +072 +003 +005 +065 -020 +023 -023 +021 +000 -037 -083 +065 -078 +050 -055 -075 -045 +005 +068 -073 +056 +078 -001 -065 +068 +006 +006 +016 +006 -085 -078 -034 -000 +060 +044 +045 -042 -011 -086 +082 -088 -043 -006 -064 -038 -085 -027 -021 +032 +025 -082 +033 +017 +070 +020 -014 -003 +032 -020 +056 -034
-040 +016 -083 +078 +000 -030 -056 +027 +067 +048 -001 -015 +058 -048 -027 +042 -038 -055 -035 +023 -077 +032 +053 -007 +033 +036 -074 -067 +083 -050 -031 +073 -001 +021 -007 +035 +031 +038 -066 +064 +037 -083 +088 +010 -022 +003 +014 +005 +011 -020 -061 +007 -050 -013 -062 +024 -064 -010 +067 -044 +057 -046 +081 -021 +047 -025 +046 -036 +086 +083 -047
+024 +017 -033 -057 +047 -003 -068 -041 -074 -038 -036 -076 -012 -021 -050 -047 -082 -032 -016 +056 +004 -073 -073 +020 +028 +014 +080 +062 +054 +043 -030 -013 +012 -080 -055 +070 +021 +036 -076 +026 -011 -077 -033 -008 -100 +062 +031 -022 -071 -007 -044 +065 -036 +037 +014 +081 -074 -067 +048 +018 +013 -052 -014 +077 -023 +067 -078 +068 +017 -017 -042
-030 +003 -016 +068 -023 -063 -087 +064 +040 +074 +076 +044 -036 +030 -052 +080 -001 -027 +060 -028 +044 +100 -068 -058 +001 -003 +082 -012 -035 -015 +017 -044 -052 -065 -016 -010 -024 -014 -072 +060 -040 +061 -037 -024 -064 +027 +010 -027 -066 +003 +043 +014 -057 +025 +024 -034 +060 -054 -077 +000 -073 -088 -062 +050 -050 -081 -036 -013 +067 +076 -042
-011 +066 -025 -035 -045 -052 -033 +047 +100 -014 -047 +057 -073 +088 -035 +066 -051 -047 -016 -044 +001 +058 -057 +030 -086 -041 -073 +041 -004 -074 -042 +005 +047 +018 +017 +065 +067 +015 +065 -067 -008 +038 +085 -074 +025 -044 -071 +042 -082 +060 +054 -062 +080 -081 -024 +054 -044 -010 +004 -075 +086 -075 +038 +017 +054 +036 +033 +088 +056 +044 +038
-033 +038 -004 +071 +056 -000 -034 -055 +017 -072 +005 -057 -010 -088 -100 -031 +060 +072 +014 -043 +014 -011 -063 -060 -033 -071 -086 +011 +053 -026 +088 +073 -071 -005 -046 +024 -047 +004 -060 +062 -100 -052 +036 -040 -030 -084 +021 -013 -072 -023 -100 +044 +073 -063 +067 -026 +073 -080 +046 -056 +021 -028 -078 -050 +003 +018 -035 -057 -067 -020 +000
-025 +080 -070 -070 +082 -074 -020 +050 -027 +088 -084 -056 -072 +083 -068 -022 -022 +048 -033 +068 -012 -060 -053 -067 -006 +022 -036 -071 -058 +040 +068 +071 +027 -025 -046 +020 +045 +057 -012 -046 -045 +044 -060 +026 -014 +026 +062 -088 +043 -040 +010 -033 +033 -014 +037 +043 -066 -078 +088 -040 +005 -032 +064 -068 +001 -037 +042 -068 -026 +073 +012
-037 -064 -000 +074 +044 +045 +041 -066 +080 +005 -067 -042 -027 -025 -047 -011 +047 -034 -077 -011 -012 +004 -004 -040 +050 +056 -051 +067 -015 -032 +003 -043 -007 -015 -067 -063 +008 -063 +064 +081 -058 -074 -023 -000 +010 -055 +051 +054 +038 +050 -088 -018 +010 -074 -003 +084 +032 -030 +000 +061 +027 +070 -056 -082 -082 +060 -076 +072 +087 +057 +028
-031 -060 +064 +063 -002 +010 +046 -014 -072 -045 +010 -027 -083 -050 +087 +027 -088 -063 +067 -000 -018 +056 -032 +025 -071 -042 -060 -044 +035 -066 -000 +040 -020 +034 +018 -083 -072 +015 -028 -037 -053 -066 -088 +016 +050 -024 -035 -056 -011 -048 -052 -036 +026 -055 -036 -028 -064 +020 +007 -062 -070 -051 +000 +000 +075 +070 -068 +051 -002 +043 +064
+047 -070 -005 +014 -005 +007 -065 +024 -054 +031 -031 +062 -064 -017 +037 +083 +062 -007 +053 -041 +058 -066 +057 +002 -046 +054 -070 -080 -033 +007 -035 +013 +073 +064 +084 +007 -072 -016 +014 -081 -075 -004 +058 -013 -086 -018 -030 +040 -032 +033 +026 -053 -015 +080 -030 +025 -033 -047 -056 -081 +017 -017 -052 -036 -057 +020 +077 +004 +078 +068 +023
+085 -044 -014 +026 -081 +016 +037 -085 +058 +067 +037 -006 +020 +013 -023 -048 +080 -025 +076 -045 +026 +052 +057 -000 +046 +004 +025 +066 +000 +065 +073 +045 +058 -013 -023 +008 -070 -003 -006 -003 -014 -063 +008 -030 -058 +054 +053 +003 +002 -074 +057 +066 -020 -025 -035 -023 -000 +007 -023 +028 +072 -067 -087 +068 -044 +072 -021 +064 -084 -043 +034
+057 +008 -038 +085 -043 +021 +027 +034 +087 -058 +007 +048 -026 -055 -015 -072 -064 +010 -021 +024 +044 -020 -053 +002 -044 -033 +035 -075 +053 -027 -055 -023 +057 +058 +037 -018 -056 +025 -005 +040 +060 +000 -051 -006 -053 -045 -022 +026 -026 +052 +051 +003 +033 +085 -038 +043 -036 -026 +055 +023 -003 +010 -084 -021 +023 +073 +081 +042 +055 +034 +010
-071 -071 +083 -018 +075 -034 +085 -080 -005 +078 -004 +011 -058 +036 +032 +000 +051 -083 +010 -032 +076 +008 -063 -004 -085 +077 +048 +005 -015 -042 +088 +046 -083 +024 +057 -003 +041 -026 +018 +063 +044 +046 -017 -081 +003 -072 -027 +000 +014 +013 -010 -000 +037 +060 +080 -088 -060 +065 +036 +001 -073 -033 +042 +043 -011 -086 +080 -028 +068 +017 -073
-060 +017 +067 -005 -040 -038 +072 +025 +058 +076 +033 -041 -018 +062 -014 +081 +052 +022 -074 -002 +031 -040 +035 -061 +070 -020 +061 +026 -025 -047 -008 -014 +038 +003 -064 +100 +037 +067 -057 -003 +033 +071 -081 +068 +078 -012 -036 -001 -014 -048 +012 -087 -004 +008 +022 +081 +060 -011 +032 +060 -024 +043 +045 -053 -062 -015 +024 +078 -050 +038 -045
+087 -003 -001 -002 +027 +026 +036 +085 +007 -087 -057 -063 -057 -028 -053 +024 -060 -064 +040 +078 -072 +041 +050 +087 +005 +076 -010 +026 -080 +024 -026 +071 -047 -010 +050 +057 -014 -071 -077 -023 -025 +004 -035 -038 -022 +067 -034 +023 +012 +018 +054 -026 -063 +033 +014 -003 -048 +043 -058 +066 -044 +055 +047 -012 +013 +065 +080 -004 +072 -063 -018
+043 -073 -044 +062 +036 -051 -001 +072 +020 +071 -001 -005 -083 +004 +031 +048 +075 +006 -000 -047 -023 -022 +026 +026 +011 +051 +023 -074 +050 -015 -051 +055 +025 +057 +015 +078 +071 -036 -076 -001 +012 -086 +020 +070 +043 -005 -077 +008 -081 -027 +015 +006 -004 +080 +037 -012 -010 -074 -000 -080 +058 +004 +001 -061 -057 +044 -042 -051 -001 +080 -058
+060 -061 -068 +008 +014 +030 +082 -002 +036 -021 -067 -065 -016 -073 -034 +083 +072 -078 -053 -032 +032 +061 +010 +050 -054 +004 -025 +065 +060 +023 +053 -021 -045 -074 -058 +062 +022 -004 -055 -005 -022 +047 -060 -083 +081 -038 +066 -055 +055 +037 -060 -074 -016 -064 +034 -080 +062 +051 +050 -051 +046 -062 +037 +002 +077 -011 -074 +013 -086 +073 -051
-073 -073 -040 +052 +037 +022 -007 -015 +058 -024 -086 +085 +021 +004 -010 -022 +067 -050 -052 -022 +074 -087 -050 +077 +054 -031 +076 +037 -041 +031 -010 -038 -088 -002 +067 -047 +036 -084 -037 -026 -011 -021 -088 +071 -088 +025 +015 +073 +016 -001 -056 -063 -025 -072 +036 +060 +035 -071 -063 +084 -088 -044 +086 -076 +068 -013 +017 -041 +081 +072 +026
+067 -002 -038 +074 +100 -042 +078 +046 -054 -071 -033 -037 -014 -083 +026 +005 +073 -065 -000 +081 -047 +041 -024 -012 +070 +084 -028 +018 +025 -086 -031 -042 -030 +022 -062 -007 +032 +002 +051 -007 +031 +005 +067 -046 -035 -043 +031 +031 -076 -006 -026 -024 -033 +078 +041 +085 +034 -033 +053 -085 -033 -018 -005 +016 +084 -080 -074 -046 -026 -053 -004
+058 +082 +067 -052 +067 +046 +017 -071 +083 +007 -017 +014 +006 -064 +055 -013 +080 +050 -005 +051 +075 -002 +085 +017 +007 +013 +011 +046 -060 +054 +023 -031 +083 -008 -058 -061 +011 -077 -057 -060 +073 -005 +005 -036 -002 +038 +050 -062 +082 -006 -080 -050 +015 +072 +003 -024 +048 -042 -083 +034 -044 -011 -088 -008 +014 +063 +016 +082 +042 -083 -057
-055 +034 -008 -058 +034 +077 +077 -071 +081 -081 +016 +056 -008 -075 -043 -042 +061 -075 -036 -080 +056 +021 -006 +002 +046 +060 +001 +026 -035 +073 +055 -035 +087 +055 -053 +076 +048 +041 -040 -055 +032 -056 +021 +060 -040 +060 -068 -042 +077 -003 +072 -072 -033 +017 -087 -083 -006 +027 +037 -042 +047 +083 -018 +070 -085 -080 -010 +005 -032 -063 +035
+068 -063 -005 +078 +075 +070 -062 +087 -053 -062 +024 +038 +080 +006 +024 +028 +067 +053 -006 -054 +024 +083 +071 +050 -000 +064 -057 -051 +006 +048 -041 +058 -013 +066 +020 +008 +080 -062 -050 -078 -027 -008 +042 -014 -031 +081 -022 +018 +004 +017 +065 +018 +042 +081 +001 +062 -085 +050 -082 -060 +031 -042 -073 -053 -034 -016 +040 +041 +007 +055 -032
-078 +028 +023 -016 +073 -065 +003 +053 +013 -033 -025 -043 +030 -040 +014 +037 +064 -070 +060 +031 +036 -017 -012 +073 +072 -024 +017 +022 -023 +073 -070 -073 -003 +020 -033 -024 -022 -060 -062 +062 +084 +062 -048 -006 -060 +064 -062 -033 +030 +010 -025 +000 +086 -064 -053 -026 +035 -002 -030 -063 +063 +044 +020 +014 -072 +065 -018 -017 +005 -032 -055
+076 +085 +054 -046 +033 +013 -042 +037 +081 -038 -076 -052 +068 -005 -012 +084 +017 +063 -002 +034 +087 +088 +057 -014 +071 -022 -030 +044 +013 -087 -084 -047 -022 +044 -065 +061 -085 -015 -067 +030 +055 -047 +002 +055 +052 +014 -025 -033 +026 -075 -008 -063 +062 +077 +060 -060 +067 -083 -086 -076 +045 +082 +045 +038 +008 -006 -047 +030 -027 -011 -025
+003 +047 +024 +086 +040 -046 +016 +013 -041 +078 -028 +068 -088 +083 -010 -043 +086 -037 -074 -052 +054 -052 +037 -035 +002 -023 -080 -014 -084 -063 +057 +068 -004 -071 +044 +053 -043 +008 -083 -013 -051 -023 +025 +078 -002 +071 -046 -035 -048 +075 -081 -046 +004 +037 +077 -001 -052 -014 +050 +067 +066 +060 -044 -082 +062 +067 +062 +033 +008 +026 -045
+033 -011 -057 +032 +035 -012 -071 +032 -047 -073 +041 -048 -086 -007 +047 -076 +023 -007 +053 +018 -017 -071 +061 +025 -062 +004 -024 -023 -043 +060 -071 +047 -071 +085 +011 +013 +055 -050 +031 -007 -025 -041 -055 -056 -078 -013 +042 +053 -087 -073 -033 -088 +024 -004 +013 -004 -056 +061 -040 +071 +080 -017 +080 -037 -036 -000 -012 -016 +057 -034 +022
+006 +061 +007 -068 +045 -068 -047 +017 +028 -036 +072 -012 +025 +006 -014 +010 +061 -077 +076 +086 -071 -077 +028 -034 +057 +072 +073 +036 +051 +014 +084 -040 -088 +054 -032 -087 -043 -004 -046 -016 +067 +021 -074 -035 +086 +016 +083 -027 +070 +077 -004 -074 -034 -012 -000 -053 -001 +005 -080 +046 -045 +015 +041 +007 -080 +036 -032 -057 +057 +006 -034
+014 -017 -065 -047 +077 +063 +046 +048 +053 -055 -040 +058 -073 -014 -003 -044 -051 -021 +076 -052 +013 -030 -013 -046 +000 -032 +041 +070 +048 -018 -022 -054 -025 +085 +031 +028 -065 -037 +056 -071 +031 -063 -037 +045 +061 -040 +010 +088 -010 -087 -012 +026 +008 -012 +060 +083 +087 +047 -084 -031 +001 -081 -100 -008 +074 -061 +075 +038 +042 +066 -055
-083 +074 -015 -050 -040 -068 -081 -082 +026 -071 -087 -025 +026 +056 +054 -073 -011 -080 -036 -016 -083 +045 +087 +024 +033 +050 +057 -007 +047 -056 +002 +072 -031 +086 -022 -032 -077 -081 -038 +082 -050 -082 +051 -018 -018 -050 -017 +007 -015 -007 +055 -077 -057 -060 -037 +043 +033 +083 +024 -020 +015 +076 -062 -002 +051 -082 +051 +015 -003 +078 -004
-027 +045 +061 -072 +080 -040 +082 -058 -015 +063 +081 +006 +068 +042 +042 -088 -057 -080 +007 +037 -028 +014 +076 +086 -015 -037 -081 +030 -043 +075 +075 -047 -013 -072 +014 -035 -087 +076 +083 +001 -058 -003 -051 +027 -031 +088 +037 +054 +048 -052 -080 +060 -078 +016 +065 +070 +080 +022 +008 +075 +045 +043 +088 -004 -076 +080 -070 +075 -070 -080 -027
-060 -013 -058 -012 +056 +041 +062 +038 -047 +003 +043 +085 +052 -067 -033 -074 +022 -030 -058 -073 -003 -024 +084 -036 +063 -067 -011 -086 +020 +084 -067 -071 -004 -074 +016 -001 +072 +057 -042 +050 -063 +072 +060 -066 +032 +016 -065 -082 +005 +037 -077 +062 -081 +010 +017 +040 -064 -017 +076 +045 -021 +024 -023 -046 +041 +055 -063 -088 -070 -050 +048
+086 +023 -065 -033 -010 -038 -030 -015 +007 -032 -000 -073 -066 +018 -022 +071 -056 +056 -065 +012 -005 +001 +040 +031 -078 -071 -064 -025 +001 +067 +088 +042 -012 +026 -087 +082 -087 +033 -043 -060 -065 -036 -052 -003 +100 +022 +073 -052 -077 -048 -047 -044 +023 -062 -023 +077 +043 -068 -011 +026 -002 -025 -022 -087 -053 +082 -021 -052 -014 -071 -080
-015 -075 -006 +031 -076 +078 -055 +022 -063 -004 -030 -064 -074 -073 +034 -015 -077 +027 -023 -087 -034 +032 -054 -044 -041 +084 +022 +031 -075 -072 -081 +014 +055 +082 -001 +083 -006 -045 +054 +036 +028 -068 +026 -078 -005 -013 +054 +078 +060 +071 +060 +023 +010 +041 -041 -060 -022 -040 -040 +074 +080 -084 -002 +075 +077 -061 +008 +008 +010 +027 -063
+005 -086 -006 -067 -046 -083 -022 -060 +024 +071 +037 +050 +037 +070 -037 -017 -001 +027 -045 +070 +001 -035 +046 -075 +017 +011 +066 +073 -055 -056 +020 +040 -053 +057 +081 +054 -000 +025 +045 -046 -057 +018 +010 -054 -085 -041 -067 +048 +017 +052 +034 +038 +052 +037 +018 -053 +057 +068 +038 -056 +071 +030 -004 -016 -004 -017 -003 +086 -047 -075 -085
+007 +057 +036 +084 +025 -086 -036 +013 -051 -018 -085 -085 +011 -030 +034 +064 +050 -006 -046 +062 -088 -030 +077 +044 +037 -021 -065 -043 -082 -023 -100 +028 -044 -037 +010 -078 -040 +064 -075 -050 -057 -046 -014 +086 -041 -041 -000 +014 -014 +073 -036 +052 -030 -075 +048 +073 -056 +073 +020 -037 +024 +067 +088 -004 -055 -032 -075 -088 -028 +036 +080
+038 +036 -046 -040 +061 -016 +065 +005 -021 -013 +076 -030 -050 -046 +020 -052 -005 -041 +082 -052 -021 +025 -054 +058 -033 +038 -022 +005 +060 +026 -087 +064 -061 +017 -042 -044 -061 -018 -007 -007 +084 +088 -032 -007 +006 -008 -088 -047 -051 -052 -067 -006 -010 -062 -083 -061 -050 +000 -056 +085 -020 +038 -042 -048 -048 +053 -011 +067 +017 -064 -088
+011 -034 +046 +066 +003 +041 +071 +054 +085 -070 -030 +040 -065 +011 +040 -011 -027 -007 +051 +018 +085 -038 -028 -032 -043 +082 +003 -081 -016 -063 +037 -006 -032 +062 -016 +070 +037 -000 -084 +048 +047 +028 -053 +014 +034 -021 +041 -068 -058 -017 +006 +048 +005 +022 -007 -056 -081 +040 +072 +032 +032 +016 -052 -022 +068 -068 -044 -075 -062 +075 +033
+084 +044 -032 +015 +020 +016 +038 -044 +074 +042 +015 +071 +001 +031 +014 -013 -026 +014 -002 -017 -062 -047 -043 -013 -061 +087 +048 +073 +075 +013 -085 +067 +033 -053 +047 +063 +064 -067 -033 +020 +075 +033 -087 +045 -088 -053 -017 +083 -036 +006 +088 -011 -060 +073 +076 -026 -074 -087 -007 -028 +037 +038 -041 -075 -005 +048 +042 -015 -032 +100 -055
+071 -015 -032 +007 -001 +003 -058 -078 -066 -025 -035 -003 -000 +077 +003 +016 +045 +004 +081 -070 -036 -021 -011 +002 +022 +000 +036 -082 +012 -041 -045 -082 -020 -062 -037 +033 -012 +043 +046 -062 -048 +088 -080 -032 +062 +001 +065 +003 +055 -042 +043 -057 -100 +043 -053 +041 -033 +015 -002 +042 -024 +044 +007 -044 +035 -053 -034 -067 +046 +048 -084
-072 +008 +023 +035 -010 -025 -075 -027 +057 -043 -046 -067 -025 -052 -073 -007 -015 +065 -061 -023 +032 -066 -003 -040 -045 -041 +080 +068 +040 -072 -025 -077 -060 -068 +025 -078 +082 +054 +068 +084 -023 -078 +060 +084 +066 -082 +015 +070 +020 +077 +072 +076 +024 -030 +084 +026 -025 +050 +041 -043 -034 +064 -015 -014 -074 -081 -072 +000 +082 -100 -064
+056 +073 +080 +020 +003 -075 -003 -046 +037 +058 -002 +010 +068 -014 -038 -026 -063 +043 +074 +066 +061 -005 +041 +054 -033 +055 +041 +050 -032 +061 -008 -005 -043 -070 +060 +062 +037 +080 +016 +001 +004 +035 +050 +043 -077 +014 +060 +014 -078 -001 +056 +067 +052 -044 +018 +022 +027 +053 +001 +025 -018 -016 -002 -071 +008 -006 -011 +043 +065 +087 -076
-074 +027 +060 +077 -040 +001 -066 -072 +053 +065 -063 -064 -068 -014 -087 -007 -013 +028 -068 -061 +033 +024 -042 +023 +063 -006 +014 +017 -044 +046 -068 -028 +048 +022 -031 -054 -057 +030 +047 +054 -070 -048 -077 -081 -003 +083 -052 +011 +030 -075 +023 +080 +076 +025 +027 -083 -073 +033 -003 +036 -071 -080 +031 -002 +075 -008 -077 +071 -085 -057 -018
-061 -045 -042 -012 -038 -050 -041 +075 +044 -047 +048 +053 +087 +074 -020 +040 +078 +070 +043 +048 -052 -022 +045 -028 -041 +060 -020 -007 +015 -022 +034 +024 +004 -005 -032 -013 +080 -028 +015 -043 -063 +066 -070 +018 +027 -084 +040 -077 -004 -016 -028 +011 -073 +035 -086 +046 -044 -055 -075 +070 +076 -000 +036 +078 -010 -044 +033 +071 -073 -025 +023
-057 -016 +064 -030 -041 -021 -002 +001 +043 -043 +072 +051 +061 -086 +020 -060 -018 -006 -087 -052 -030 +083 -078 +073 -030 +083 +077 -061 +030 +030 +020 +071 -051 +024 +080 -055 -007 +001 -033 -041 -007 -032 -030 +020 +070 -025 +013 -053 -045 +065 +041 +006 -027 -072 -086 -084 -021 +066 +002 -031 +086 -034 -010 +031 +023 -058 +036 +017 -067 -030 +022
-025 -074 -084 -001 -031 +070 +071 -080 +058 -034 -072 -100 -060 +081 +064 -048 +068 -030 +030 -044 +082 +077 +065 +018 -055 +036 -054 +027 +051 -002 -084 +047 +057 +028 -075 +050 +028 -042 -051 -017 +004 -023 +077 -041 -046 +076 -011 -010 +018 +021 -018 +035 -007 +037 +015 +010 +052 +055 -086 -042 +034 -064 +075 +016 +074 -013 -087 -021 -023 +008 +045
+035 -082 +037 +072 -050 -017 -021 -026 -055 +052 +070 -044 -037 +025 +062 -046 +020 -047 -001 +013 -025 +032 +028 -054 +027 -084 +067 +058 +035 +007 -010 -076 +060 -054 -053 -068 -081 +018 -032 -048 -068 +010 -004 -015 +077 +048 -015 -065 -041 +053 +024 +062 +054 +030 -064 -023 +036 +076 +080 -015 +086 +081 +053 +087 +062 -022 -058 -025 -060 -023 -027
-031 +048 +034 +046 -034 +067 +066 +088 -042 -046 +037 -055 +086 -055 -060 +075 -023 -066 -020 -066 -046 -057 +042 +062 +008 +046 -014 +077 +051 +062 -088 -035 -071 -000 -051 +051 +008 +054 +032 -056 -081 -086 -042 +027 +020 +087 -072 -032 -011 +037 -025 +032 -046 -071 +035 +074 +088 +040 +034 +024 -065 -012 -062 +025 +018 +023 +045 +046 -008 +088 +085
-078 -006 -023 -056 -047 -022 +001 +000 +065 +057 +038 +076 -082 +071 -088 +016 +066 -023 -023 +070 -066 -004 -036 +003 -066 -016 -003 +015 -077 +038 -014 +011 -008 -001 +040 -026 -001 +081 -077 +008 -061 -047 +010 +032 -011 +070 +085 +068 +084 -024 +032 -037 +024 +040 +023 -080 -078 -050 +000 +073 +070 +072 -017 -010 +078 -012 +008 +078 -066 -062 -017
+012 +028 -011 -062 +073 +022 +018 -062 +077 +057 +064 -061 +002 +070 +008 -067 +023 +065 -011 +045 -002 +085 +000 +035 +035 +017 -010 +085 +037 -043 -075 +002 -081 -057 +074 -036 +045 +038 +040 +062 -036 -076 +003 -062 -008 -071 -030 -077 +021 +047 +003 -025 -030 +031 -084 -044 -086 +011 +028 +013 -082 -080 -005 -082 +047 -025 +024 -052 -062 -023 +012
-017 -003 -032 +063 -060 -084 -001 -022 -061 +034 +014 +007 +067 +045 -034 +044 -058 +056 +056 +086 -025 +074 -010 +035 -006 +016 -087 +086 -048 -040 -015 -062 +046 -006 -046 +042 +006 +044 -075 -064 -028 -080 -072 +082 +018 +023 +017 +067 +068 -044 +083 -067 -076 -077 -028 -000 -085 +043 +053 +000 +027 -080 +048 -004 +068 -001 -023 +002 -072 +086 -011
+051 +052 +036 +006 +050 -063 -083 -080 +083 +062 +040 +055 -001 +054 +074 -074 +074 +074 -070 -004 -047 +087 -084 +044 -002 -075 -016 -001 +072 +064 -043 -057 +086 -085 -077 +015 +006 -074 +003 -003 +007 +056 -023 +041 -033 -062 -014 -068 +077 +013 -061 +070 +061 -051 +026 -000 -077 +038 -041 -002 +014 +037 +024 +063 -034 +005 +004 +077 -078 -068 +027
+088 +051 -015 +042 -000 +067 -072 +030 -040 -070 +027 +046 +065 -042 +082 -060 +011 -088 +052 -010 +065 +061 -073 -034 +074 -084 +032 +062 -003 -054 -003 +003 +055 +084 +000 +086 +088 +082 -010 -022 -077 -034 -061 -004 +037 +042 -036 -073 -073 -081 -086 +026 +045 +038 -047 +010 -076 +017 +077 -080 +063 +011 +035 +062 +073 +027 -007 -058 -062 +067 +060
-033 -058 +046 +072 +071 -034 +047 +081 +082 +012 +054 +034 -031 -026 +086 +015 -010 -031 -027 +055 +028 +052 +072 +058 -087 +081 -020 +005 +080 +034 -018 -057 -003 -040 +076 +037 -072 +088 +010 -077 +017 +025 +057 -046 +002 +038 -004 -007 +002 +000 +043 -006 +000 -041 -075 +017 +020 +040 +040 +074 -077 +063 -054 +006 +080 -002 -024 -080 +055 -062 -060
+084 +056 -013 +053 -053 -048 +060 +073 +066 -000 +011 +035 -067 +088 +073 -083 +015 -011 +060 +088 +033 +040 +030 -073 -086 +077 -005 +010 +052 +030 +086 -007 +046 +053 -045 +053 +001 +023 -072 +075 -083 -074 +003 -075 -016 -032 +001 +007 +057 +024 +002 -025 -071 +050 +053 -064 -030 +075 -047 -100 -074 +002 -011 +041 +014 -071 +072 -060 +062 +044 +013
+005 +041 +030 +041 -028 +088 -012 +040 -025 -036 +004 -054 -057 +052 -086 +051 +017 +012 +060 -030 -006 -033 +010 -026 +021 -011 +065 +018 +008 +081 -047 +036 +083 -041 -081 +000 -078 +064 -081 +000 -050 -070 +036 +023 +071 +014 +037 +054 +072 -026 -015 +033 -012 -072 -030 -070 +036 +035 +044 +008 -072 -073 -042 -051 +048 -087 +034 -033 +018 -000 -032
+047 +076 +015 +074 +068 -015 -068 +050 +030 -081 -041 +081 +015 +012 +007 -035 -016 -030 +025 +011 -002 +018 -038 -076 -028 +073 -070 -057 -083 +027 -023 +031 +073 -035 -058 -071 +046 +085 -010 -064 -034 -066 -000 -047 -076 +056 +076 +035 -086 -045 -034 +085 -074 +033 +000 -041 -013 +025 +043 -023 -067 +088 -057 -030 -004 -072 -062 +076 +042 -011 +024
-026 -012 +056 -021 +087 +021 -001 -063 -018 +050 -078 +027 +058 +067 -086 +025 -011 +024 +067 +086 +044 +018 -027 -062 +055 -045 -011 -040 +038 -083 -038 +040 -007 +035 -084 -023 -044 -082 +032 -008 -080 +002 +026 +025 +056 +072 +072 -017 +007 -080 +031 -043 -057 -062 +064 -045 +035 -032 +034 -005 +063 -043 +100 -067 +077 +058 -077 -045 +047 +021 +037
-087 +084 +042 +080 +053 +067 -016 +012 -027 +078 +021 +058 +038 -067 +085 +050 -037 +018 +011 -056 -056 +040 +053 +078 -048 +014 -062 +000 -075 +073 +100 -016 +026 -018 -084 +073 -013 +015 +005 +030 +013 +022 -010 -007 -018 -020 +052 +100 +007 -071 +082 +028 +021 -086 -050 -016 +061 +072 +005 +030 -013 -030 +037 +004 +017 +028 +020 +085 -050 +040 +077
+007 +048 +057 -057 +003 -033 +047 -020 -062 +000 +043 +057 -053 -086 +063 +038 -047 +022 -054 -038 +018 -050 -042 -005 -042 +055 -041 +027 +083 -054 -087 -016 +083 +043 -068 -018 +070 +013 -027 +001 +068 +050 +040 +086 -067 +047 -054 -015 -026 -065 +002 +048 -071 +072 -013 -031 +025 -017 -018 -056 +001 -055 -087 +043 -044 -043 +043 +018 +070 -022 +062
-088 -061 +051 -057 -037 -002 +051 +042 -021 -080 +012 +026 +015 +002 -055 +067 +006 -027 +023 -052 +046 -084 -002 +076 +038 +083 -042 -080 +022 +028 +033 -048 +075 +054 -010 +088 -061 +040 -057 +070 +045 -017 +051 +052 +021 -077 +064 +034 -067 +026 -025 -045 +016 -038 +008 +083 +083 +088 -018 +015 +040 -025 +031 +080 -005 -070 +080 +017 +085 -028 -013
+017 +081 +047 -081 -020 +088 -058 +100 -023 -033 +031 -026 +072 -031 -038 -005 +082 +023 -034 +086 +004 +073 -031 +023 -068 +080 +042 -072 -055 -061 +037 -053 -003 -068 +048 -080 -012 -085 +072 -064 +086 -073 -050 -024 +012 +040 +032 +007 -047 +050 -011 +061 -077 +000 -031 +041 -056 +018 -020 -016 -017 +078 -038 -055 +068 +048 -004 -082 -030 -032 -054
+060 -013 -033 -024 -041 +057 +078 +034 -007 -008 +053 -006 -004 +076 +066 -027 +042 -042 -018 -081 -008 +077 +082 +041 -087 -012 -033 +050 +075 -063 -065 +081 -065 +077 +038 -057 -031 +080 -015 +017 +077 -023 +073 +021 -065 +023 +011 +040 +060 -006 +037 -083 -084 +061 +005 +032 -070 +068 +070 +087 -018 -015 +078 +031 +051 -052 +073 +014 +032 -044 +083
+032 +078 +073 +003 -048 -055 -010 +027 +063 +045 +070 -055 +067 -002 -028 +062 +054 +040 +032 +088 -065 +086 -071 +055 +021 +074 -078 -046 -001 -000 -018 -054 +036 -028 +000 +054 -073 +008 +000 +035 -056 +068 -056 -038 -028 -032 +043 -065 +071 +044 -027 +003 +020 +065 +018 +085 -074 -051 -005 -047 -056 +030 -072 -045 -061 -080 +058 -027 -058 -066 +100
+066 +054 -027 -066 +084 +002 -074 -035 +050 -081 -018 -035 +072 +055 +071 -071 -011 -047 +003 -033 -038 -067 +014 -068 +047 +076 -055 +046 -016 -006 +058 +051 -037 +078 +083 -051 -084 +026 -045 +047 +038 -001 -046 +010 -047 -034 +005 -072 -041 +082 +004 +088 +084 -040 +022 -030 -027 -030 +031 +083 +015 -014 -063 +010 -023 -023 +084 +007 +038 +052 -040
+065 +086 -031 +080 -008 -012 +066 -020 -088 -087 +070 -087 +076 +028 +086 -100 +078 -072 -025 -010 +086 +085 -053 +050 +044 +002 -043 -003 +026 +021 -025 -067 +060 -057 +050 -015 -044 -087 -058 +001 +084 -075 -053 +046 -088 -035 +048 +022 -082 -034 +038 -017 -027 -085 -053 +058 -052 -038 +066 +035 -005 -008 -025 -046 -051 -060 +061 +057 +015 -031 +006
+062 -031 -027 +088 +014 +000 -073 -085 -076 +078 +050 +075 -066 -016 -088 +058 +081 -014 +074 -073 -034 -072 -057 +030 +020 +031 +058 -061 +067 -024 -017 -072 +030 -036 -056 +080 -055 +027 -011 -037 +086 -080 +022 -021 -017 +083 +028 +085 -077 -066 -028 +044 -046 +064 +026 -001 -036 +040 +077 -013 -045 +038 -045 +083 +060 -002 +038 -082 -072 +020 +034
-021 -070 +045 +056 +003 +066 -036 +004 +012 +016 +053 -080 -066 +031 +066 -016 -062 -075 -062 +013 -048 -087 +075 +048 -042 -071 +045 -083 -083 +035 -011 +036 +026 -010 -023 +081 -045 -005 +061 -061 -008 -028 -024 +020 -044 -054 +043 +072 -017 -081 +011 -022 +034 -008 +065 -004 -028 +011 +073 -050 -076 -056 -060 +025 +082 -060 +005 -075 +073 +001 -075
+088 -065 -012 -011 +066 +002 +061 +003 -046 +000 +031 +042 -011 +040 +011 -041 -046 -044 -006 +005 -048 +038 -082 +071 +062 -040 +024 +002 +002 -052 -014 -046 -028 -016 -073 +017 -030 +076 -016 -073 +050 +066 -034 +063 +008 +057 +007 -077 +051 -070 +068 +021 +042 +001 -061 +082 -054 -081 +063 -058 -070 -065 -022 +031 +017 +007 -024 +055 +061 +012 +001
-033 -083 -066 +016 +086 -006 +078 +077 -050 -054 -011 -070 -036 +083 +100 -031 -051 +018 -038 +086 +024 +071 +088 -020 -077 -080 -032 -062 -086 -086 +015 +054 -044 +073 -018 -038 -020 -088 +031 -047 +068 -014 +021 -036 -083 +025 +073 +042 -038 -003 +020 +055 +022 -072 +043 +078 -071 -025 -084 +015 -073 +084 +063 -004 -045 +066 -045 -045 -002 +028 -080
+066 +061 +053 -017 +025 +020 +003 +016 -017 -075 -041 -075 +007 -001 -047 +085 -057 -071 +023 -020 -070 +007 -014 -058 -068 +084 -011 -071 +025 -000 +008 -025 +048 +043 -016 -078 +027 -030 -043 -086 -063 +001 -081 -024 -082 -012 +035 +052 +050 -046 -021 -003 -070 +068 +070 +053 -011 +023 +025 -042 +080 -003 +037 +048 -054 +028 -044 -087 -086 +028 -084
+032 +037 +073 +010 +007 +057 +087 -007 -021 +033 -031 +064 -074 +041 +053 -025 -032 -036 +067 +071 -033 +047 -020 -052 -026 +086 -073 -025 -073 +022 +042 +031 +044 +044 +012 -021 -047 +017 +034 +014 -083 +064 -056 +055 +018 +080 +072 -006 -078 -083 -072 +002 -001 +008 +038 +061 +022 +048 -070 +077 -085 -020 -063 +071 -087 +043 -050 -071 -015 -032 -027
-007 +008 +072 +071 -074 +077 +018 -021 +030 -041 -011 +066 +013 -056 -004 -033 -054 -078 +046 +058 +044 +070 +088 -000 -025 -008 -014 +034 -037 -012 -067 +004 -033 -021 -073 -001 +073 +008 +016 -072 -002 -040 +030 +051 +064 -086 +048 -001 +031 +007 +011 -024 -008 -016 -063 -046 -087 -086 -067 +026 -040 +043 +048 +078 +054 +082 -075 -051 +067 +088 -081
+084 +012 -030 -061 -040 +088 +065 -013 -067 +018 -002 +084 +022 +008 +046 +033 +048 +005 -067 -065 +086 +088 +003 -082 +063 +016 -045 +032 +011 +037 +052 +034 +000 -021 +027 +013 +061 +077 -062 -050 -013 -064 -068 +077 +012 +077 -003 +013 -083 +005 +086 -024 -064 +054 -073 +030 +042 +004 -100 -011 +018 -088 -034 +028 +035 -010 -087 -001 +058 +004 +023
+085 +013 -022 +010 +058 +081 +038 +064 -075 +088 +062 -057 -051 +053 +036 -037 +080 +057 +032 +066 -073 +023 -064 -017 -000 -055 -010 +007 -017 +082 -083 -051 -083 +014 +070 -085 -088 +005 +056 -048 -011 +032 -000 +048 -051 +073 +082 -023 -034 +085 -048 +046 +041 -021 -011 -043 -008 +086 +061 +072 +032 +025 +053 -040 +042 +061 +084 -016 +012 -023 -015
-013 +003 +037 -043 -003 -051 +037 -035 -072 +038 +027 +064 -034 -058 -010 +024 +028 -073 +027 -076 -018 +006 +051 -067 -066 +072 +070 +063 -100 -037 +077 -008 +034 +031 -001 -084 +060 +047 +052 -045 -045 +017 +001 -047 -018 +035 +060 -062 -028 +064 +004 +014 -050 -008 +007 -086 -030 -027 +042 -063 +060 -055 +015 -071 -038 +085 -061 +073 -034 +046 +056
+022 +075 -024 +038 -051 -026 -027 +035 -045 +022 +002 -083 +002 +022 -042 +077 +070 -067 +066 +064 -016 -042 -037 +002 +037 -080 +023 -046 -054 +018 -065 +016 -065 +025 +022 +066 +051 -037 +077 +000 -027 +002 -050 -010 +034 -084 -057 +066 -008 +058 +028 +021 -035 -081 +022 -038 -051 -051 -007 -012 +083 +015 +031 +074 +081 +074 -005 -012 -047 +083 +062
+072 -006 +085 +050 -014 -013 +070 -053 +043 +013 -041 +007 +000 -078 +006 -033 -015 +063 +072 +056 +025 +050 -075 +088 +037 -081 +004 +073 +020 +007 -087 -025 -005 -046 -033 +021 -052 +046 -063 +078 -047 +028 -025 +023 -035 +048 -081 -086 +053 -075 +048 +084 -023 -004 -076 -084 -074 +033 +047 -014 +061 +034 +070 -056 -031 -084 -013 +072 +045 +046 -002
+004 +061 +075 -038 +012 -083 +031 -064 +004 -025 +020 +063 +035 -050 +026 -056 -084 +001 -060 -061 -070 +081 -050 -038 +040 -033 -017 +027 +080 +048 -027 +044 +048 +025 +004 +052 +023 +064 +078 -082 +083 -068 +047 +087 +070 +072 +056 +054 +044 -058 +057 -025 +067 +015 +026 -088 -061 -070 +083 -058 -062 +067 -037 +030 -058 -001 +038 +078 -044 -010 -024
+016 +086 +018 +084 -086 -064 +015 +053 +036 +022 -011 -047 -063 -023 +033 +008 -043 +014 -061 +068 +034 -053 +028 -031 +047 +073 +082 -005 +004 -005 -081 +050 -017 -046 -003 +010 -021 +071 +016 -064 +076 -080 -068 -077 -018 -066 -005 +066 +042 -004 +047 +100 +025 +080 +080 -026 +014 -001 -011 -027 +042 +041 -052 +036 +072 -007 -072 -010 -074 -071 -073
+001 +037 +032 +081 -068 +023 +080 -076 +078 +058 -070 -016 -006 -001 +008 -007 +015 -066 -074 -010 -070 -087 -076 -085 +070 -002 +008 -062 +073 -066 +034 -032 +058 +045 -005 -026 -020 -028 -025 -003 -035 +066 +014 +084 -071 +050 -015 +041 +065 +031 +055 +032 +001 -004 +061 -001 -087 +012 +064 -060 -084 -050 +012 +082 -077 +056 +062 +063 -026 -017 +072
-017 +056 -031 -020 +008 +022 -063 +084 -070 -021 -035 +033 -023 -054 -072 +076 -053 +085 -031 +084 +031 -078 -086 +025 +065 +013 -032 -030 +084 -037 +071 -000 +016 -062 -067 -001 -010 +033 -031 -004 -012 +075 -044 -085 -037 +084 +072 -088 -020 -007 +054 -042 +005 +068 -055 +082 +060 -074 +063 -078 -075 -034 -006 -030 +001 -055 -072 +013 +028 +073 -016
-034 -001 -083 -044 -056 -026 -068 +055 +027 +070 -074 +013 -057 +056 -032 +087 -058 +001 -025 +043 -061 +062 -077 +086 +045 +062 -076 +001 +016 +045 +042 -074 +020 +046 -030 -024 -041 -036 -058 -033 +084 +021 +053 +085 +023 -005 -024 -005 +010 -011 +086 -067 +076 -085 +078 +027 +081 +040 +053 -011 +088 -055 -073 +080 +017 +075 +081 +070 +005 -043 +041
+001 -001 +045 +001 -065 +075 -071 -080 -100 +075 +032 +018 -060 +078 -046 -034 -040 -072 -018 -000 +056 -021 +046 -015 +056 -071 +068 +006 +053 -005 +044 -053 +041 +032 +081 +046 -018 +021 +064 +002 -024 -036 -020 -066 +005 -041 +032 -021 -082 -050 -067 -031 +051 +067 -030 -073 +054 -068 +001 +053 +051 +042 +088 -056 -018 +075 -018 +035 +006 -014 -017
-084 +060 -033 -064 -027 -052 -026 -061 -085 -074 +068 +033 -055 -042 +055 +042 -074 -064 +003 +083 +072 -002 -075 +041 +000 +066 +024 +078 -035 +003 -056 +017 +030 +057 -088 +056 +088 -006 -056 -076 -081 -052 +014 +016 -007 -071 -023 +050 +032 -048 +003 +078 -027 -037 -015 +084 +032 -035 -061 +054 +056 +018 -072 +064 +007 -054 +062 -010 -046 +075 -073
+084 -030 +048 +088 +017 +076 -055 +043 +044 +085 +051 -064 +045 +022 +057 +060 -008 -046 +081 +015 -085 +011 -006 -076 +006 +065 -053 +014 +057 -006 +067 -022 -062 -081 +042 +053 +001 -000 -026 +072 -052 +054 -067 +060 -076 +027 -002 -075 -031 +038 +087 -044 +010 -021 -082 -015 -075 +071 +016 +023 +011 -044 -084 +010 -018 +028 +031 +023 -024 +056 +022
-073 -088 +001 +041 -017 +081 +075 -081 -006 -058 +034 +088 -057 +083 -074 -004 +000 +074 -002 +086 -033 +050 -051 +075 +100 +001 -076 -004 -073 +062 -071 -032 +025 +032 +061 -007 -056 -000 -017 +052 -025 +045 +028 +042 -087 -076 +068 -071 -070 +100 -005 +034 -010 -018 -084 -028 +020 -036 -021 +053 -047 -075 +014 -011 -063 +057 -087 +032 +088 +006 +078
-076 +014 -016 -010 -075 -004 +030 -058 +063 -068 +067 +008 +045 +042 +058 -078 -042 +058 +002 -038 -016 -044 +017 -088 +071 +043 -043 -038 -064 -051 +076 -046 -032 +026 +024 +003 +004 -045 +070 -040 +088 +011 -062 -026 -062 +061 -042 +070 +074 +086 +045 -057 -042 -061 +041 +060 -034 -040 +047 +027 -037 +087 -043 -100 +035 +033 -016 -004 -008 +026 +000
-071 -042 +087 +058 +025 -002 -002 -000 -067 -018 +027 -065 -008 -060 -076 -057 -010 -010 +072 -053 -015 -065 -074 +021 -033 +083 +064 -022 -011 +077 -053 +087 -011 -067 +013 +001 -021 -067 +002 -088 -077 -075 +070 -037 +015 +078 -057 -024 -018 +030 +021 +025 +061 +034 -038 +046 +073 +062 -080 -048 +052 +067 +067 +078 -034 -018 -067 -042 -027 +078 +052
-052 -020 +081 -034 -077 -010 -067 +021 +025 +012 +057 -060 -082 +068 -073 -067 +038 +014 +046 +068 -013 +067 -063 -083 -002 -031 +058 -020 -100 +026 +052 -044 +043 +050 -028 -088 -043 +064 +050 +018 +013 -084 +038 -030 -057 +040 -038 -072 -088 -005 -082 -040 +060 +028 -074 +075 +034 +024 -031 +037 +047 -034 +030 -081 -042 +036 -087 +020 -074 +070 +041
+011 -025 -066 +005 -000 +066 -055 +078 -048 -007 -074 -045 -043 -021 -088 +036 +087 +006 -045 +007 +044 -054 +084 -032 +012 +018 +023 +060 +018 +064 -026 +075 +067 +077 +080 +015 -003 -006 -072 -025 -078 -083 -055 -036 -083 +078 +083 -031 -008 +006 -065 -057 -032 +068 -085 +012 -078 -068 +081 -032 +046 -042 -063 -015 -050 +042 -031 -074 +010 -035 -037
-045 +057 +060 +017 +006 +058 -028 +015 +063 -002 +005 -038 +042 -000 -052 +014 +047 -052 -013 -024 +084 +086 -013 -052 +080 +063 +087 +038 -072 +027 +074 +063 -086 -046 -022 -054 +053 +077 +013 -067 -054 +030 -033 +038 -056 +074 +086 +033 +048 -067 -000 -011 +066 -043 -083 +073 -070 +062 -024 +021 +036 +017 -001 +055 +061 -021 +072 -030 -084 +008 +040
-077 -054 +027 +050 -038 -061 +036 -056 -033 +008 -051 +032 -086 +045 -036 +028 +045 -034 +040 +087 +017 +073 -051 -055 -030 +036 +076 -046 -005 +065 +040 -010 +034 +074 +005 -024 +000 -074 +043 -014 -054 -021 -052 +037 +041 +033 +036 -074 +051 +047 -057 -046 +036 -037 +084 -014 -066 -062 +022 +034 -037 +014 -087 +080 -065 +063 +046 +058 -006 +038 +032
+082 -023 +048 -078 +071 -006 -023 +035 +000 +022 +054 -012 +070 -026 -013 -062 -034 -003 -006 -020 +031 +006 -052 +070 +068 -017 +030 +043 +078 +027 -075 -024 -040 -003 -041 +088 -064 +008 -076 +041 +046 -043 +068 +023 -088 +087 -057 +017 +024 +084 -025 -044 +044 +043 +037 -084 +068 +083 +051 +000 +014 -063 +067 -046 +018 -050 -051 +083 +057 +050 -050
-070 +048 +007 +004 -076 -061 +032 -080 -044 -058 +073 -077 -016 -025 -066 -033 +077 +021 -000 -078 +076 +058 -062 +070 +024 +014 +052 +001 +085 -002 +036 +080 +031 +002 +043 +014 -058 -003 +001 +048 -025 +060 +022 +002 -003 -017 -041 -028 +082 -026 -022 -070 -075 -028 +086 +060 -075 +067 +016 +016 -056 -057 -013 -027 -068 -062 -035 -072 +054 -050 -066
+000 +025 +100 +030 +085 -017 +048 -085 +058 +042 +080 -062 -075 +078 +000 -036 -078 -070 +066 +051 +071 -045 +014 -072 +023 -050 -060 +082 +016 -035 +042 -050 -035 -066 -053 -032 +054 +008 +042 -040 +075 -002 -075 -028 +017 +088 -043 -047 +053 +053 -062 -060 -065 -003 +075 -012 -006 -055 +081 -033 +038 +064 +052 -014 +021 +037 -030 +017 -022 -048 +088
-071 -007 -042 +025 -041 -036 +015 -048 -000 -017 -083 +058 -040 -017 -042 -036 -001 +018 +088 +052 -081 -050 +047 -087 +078 -077 +037 +068 -055 +020 +066 -033 +018 +038 +024 -026 -036 +015 -057 -056 -056 +018 +001 -030 +066 -045 -030 +038 +038 +062 -016 -064 +033 +017 -023 +043 -065 +031 +074 +005 -082 -048 +044 +086 +013 +054 +084 -048 -072 -020 +037
+001 -032 -070 -074 +021 +010 -084 -072 -086 -062 +042 -000 -083 -078 +046 -051 +054 +100 +015 -066 +073 +007 -071 +025 +080 +084 -020 -006 +088 -036 +031 -053 -055 +075 -007 +031 -030 +026 +014 -065 +081 -026 +042 +076 -081 +022 -082 +075 -037 -075 +070 +075 +076 -088 +025 +050 +068 +022 -000 -037 +058 +002 -070 -033 -017 -043 -042 -035 -008 +020 -048
-016 -032 -025 +014 +004 +050 +046 -058 +036 -024 +052 +056 -063 -051 +070 +023 -023 -042 -030 +036 -088 -024 +060 -046 -025 -036 +004 +002 +076 +067 +051 -058 +045 +017 -030 +071 -026 -006 -064 -030 -057 -025 -043 +080 -048 -083 +063 +027 -035 +015 -003 -006 -062 -003 -075 -040 +047 +014 +088 +058 -002 +070 +003 +055 +028 -041 -051 +051 -045 -000 +057
-030 +085 +061 -002 +075 +083 +046 -008 -023 -078 -072 -025 +051 +053 -058 -085 -028 -017 -076 -068 +010 +084 -014 -010 -063 -015 +017 -017 -020 +021 +024 -041 +001 +002 +062 -085 -051 +025 -022 -064 -077 +048 +001 +046 +000 -032 +033 -050 -033 +065 -016 -033 -033 +014 -062 +050 -016 +045 -083 +000 -043 +024 -047 -030 -032 +037 +022 +052 +057 +008 +054
+038 -046 +085 -088 +002 -015 -082 -024 -023 -084 -016 +037 +003 +060 -005 -000 -003 -060 +055 -078 -026 +080 +016 -080 -060 +071 -023 +068 +080 +067 -005 -066 -061 -044 -087 -053 +004 +064 +044 -088 +013 +024 -088 +082 +066 +083 +081 +066 +005 -002 +066 -083 -086 +065 +023 -048 +052 +014 -086 +005 -056 -010 +033 +016 +035 +033 +050 -046 +018 -012 +043
+083 -080 -061 -052 +017 +012 -070 -052 -012 +017 +017 +044 +003 -048 +043 +020 +001 -031 +072 -051 -083 +044 -080 -058 -005 -071 -056 +000 -070 +022 -048 -077 +075 +066 +001 -040 +062 +078 -041 -010 +040 -060 -076 +002 -035 -042 +037 -062 -070 +054 -041 -072 -061 -071 -011 +035 +048 -078 +050 -003 -076 -055 -046 -087 +071 +084 +015 +030 +058 -031 +027
-001 +076 +076 +070 +078 +041 -005 +002 +050 -001 -058 -043 -063 +071 -085 +048 -068 +045 +060 +038 +040 +082 +035 +056 -011 +013 -005 -013 +086 +045 -037 -036 -075 -056 +013 +051 -054 +030 -004 -014 -056 +038 +033 +000 +024 +084 +048 +025 +047 -045 +027 -032 +004 -066 -071 +020 +054 -060 -028 +083 -026 -088 +086 +061 -000 -034 -035 -033 -065 +055 +014
+045 -034 -077 -002 +013 +035 -018 -030 -017 +063 -005 +070 +028 +036 -073 +061 +005 -056 +085 -046 +007 +041 +062 +041 -024 -057 +034 +018 +038 -077 +073 +062 -056 +048 -007 +000 -013 +007 +055 +020 +075 -052 +055 -083 -087 -076 +041 -016 +040 +070 +011 +017 +070 -023 +066 +047 -038 -071 +088 +087 +014 +073 -014 -026 +075 +024 -081 -077 +046 -002 +071
-057 -054 +017 +040 -050 +060 -076 +055 -041 +077 +068 +031 +008 +076 -076 +001 -032 +021 -018 +082 +030 -050 -041 +042 -075 +057 +026 +030 +034 +016 +003 -042 +020 -015 -081 +050 -026 -023 +042 -006 +060 +065 -043 +030 -015 -014 -043 -072 +052 -020 -076 -081 -000 -068 +018 -047 -067 +026 +017 -060 +056 +040 -055 -067 +011 +081 -070 +064 -070 +072 -021
+006 +058 +044 -070 -024 +010 -086 +021 +022 +067 +088 +006 +071 -076 -046 -076 +048 -078 +006 -038 +021 +040 +006 -086 -081 -026 -010 -024 -025 -084 +067 -074 -036 +025 -064 -080 -008 -050 -031 +071 +048 +006 -016 +077 +056 +078 -008 -035 -005 -077 -087 -064 +030 -038 -013 +082 -027 -088 -075 +042 -015 +065 -016 +081 +028 -021 -067 -028 -064 -012 -012
+067 -018 +021 +076 +040 +031 +074 -006 +036 -022 +032 +068 -051 -007 -077 +017 -072 +057 +056 +040 -038 -083 +037 +002 -075 -022 -085 +061 +010 +041 -045 +032 +061 +008 +066 -071 +068 -048 +056 +008 +016 +032 -080 -074 -002 +044 +080 -018 +073 +001 -016 -056 -075 +063 -045 +023 +007 +087 +037 +086 +067 -073 +082 +028 -052 +082 -010 +030 +080 -075 +024
+074 -031 -020 -053 +016 -068 +082 +061 -062 +077 +030 +086 -028 +037 +032 -030 -008 -035 -084 -068 -027 +063 -000 +061 +084 -010 -051 +001 -020 +076 +085 +013 -087 +068 -042 -042 +024 -088 +075 +008 +018 +077 +080 +071 +071 +014 +068 -034 -074 +033 -071 +064 +032 +084 -015 -062 +003 +033 +048 -021 -073 -025 -074 +002 +060 +047 +076 -047 -012 -063 +052
-035 -047 -086 -084 +013 +000 +100 -087 -022 +075 +002 +011 +033 -015 +012 +008 -060 +055 -083 +080 -050 +024 +012 +038 -050 +051 -084 +025 -015 +012 +021 +043 -050 -051 +072 -037 +004 -002 +052 +010 -026 -078 +086 +072 +007 -067 -021 -023 +064 -053 -064 +072 -075 +012 -061 -016 +035 -020 -076 -055 +081 -028 -048 +025 +045 +054 -023 -025 -052 -068 -021
-052 +030 -066 +018 +003 -036 +060 -036 +088 -060 -044 +005 +011 -084 +043 +078 -025 -040 +050 +056 -037 +042 +068 +073 -070 +020 +027 +037 +086 +071 -023 -080 +034 +045 +054 -087 -085 -075 +037 +041 +087 +013 -064 -025 +080 -046 +017 +035 +072 -006 -017 +011 +010 +005 +071 +052 +024 -023 +071 +048 +013 +001 -067 -063 +020 -025 +000 +044 -055 -065 +063
+031 -056 +007 +081 +071 +081 -003 +074 +030 +076 -068 +023 -060 +013 -038 +038 -046 -073 +033 -016 +085 -000 -061 -000 +024 +030 +016 -083 +087 +070 -022 -012 -051 -028 +004 -006 -050 +011 +073 +006 -065 +070 +017 -002 +043 +065 +062 +086 -045 +062 -056 -084 +044 +008 -076 -084 -011 +016 +024 +061 -071 -078 -023 -058 -024 +021 -004 +044 -073 +043 +064
-010 +032 -053 -073 +042 -040 +077 +002 -070 +011 +074 -075 +072 +011 +038 +034 -000 +038 -021 +067 +082 -047 +076 -081 -038 +036 -013 +007 -016 +013 -048 +003 +083 -080 -047 -023 +051 -006 +034 -071 +026 +078 -002 -042 -031 -012 -004 -045 -006 -007 -007 +045 +085 +070 +045 -078 -037 -064 +017 +003 -038 +082 +031 +061 -081 -014 -033 -063 -010 +027 -025
-076 -014 -012 -022 -038 +052 -047 +036 -041 +075 -048 +065 +008 +085 +063 +070 +030 +061 -068 -044 -054 +012 +025 -087 +042 +081 +004 -064 +001 -038 -033 +010 -056 +032 -081 -015 -050 -066 -021 +052 +018 -003 +088 +080 +082 -075 -051 +020 +024 +042 +063 -024 +051 +083 -043 +014 -072 -012 +067 +028 +075 -044 -006 -078 +005 +061 +031 -034 -001 -023 -082
