-060 -007 +048 +015 +052 +050 +012 +033 -087 -068 +002 +088 +014 -025 -033 +044 -083 +086 +006 +058 +006 -062 -040 +008 +016 -057 -005 -045 +062 +073 +072 -075 -008 +023 -063 -021 -028 -080 -044 +022 -020 -025 -066 +088 +001 -088 +053 +087 -072 +087 -025 -018 +038 +002 -005 -028 +070 -014 +034
+052 -008 -050 +085 +038 +071 -048 +088 -032 +071 -074 -077 -041 -050 +030 +000 +053 -001 -037 -031 -085 +014 +002 -040 +050 +045 +077 +028 -031 -004 +050 -087 -042 +017 -038 -053 +088 -056 -020 -050 +100 -056 -000 -085 -021 -083 +024 +078 +028 +028 -010 +077 -087 +008 -051 +082 -000 -002 -068
+052 -084 -066 +070 -045 +034 +051 +030 -058 +074 -064 +042 -078 +011 -064 -040 +047 -061 -081 +031 +051 +074 -034 -037 +016 +057 -085 -052 +041 -053 +026 -036 +014 +076 +064 +010 -006 +063 +008 -074 -086 +025 -076 -010 +008 -056 +024 +058 -005 -082 -026 -014 -088 +045 +005 -074 +025 +058 +008
+078 -067 +032 -032 -081 -038 +068 +034 +021 -078 +061 +070 -027 +073 -074 +048 +086 +074 +033 +012 -064 -054 -041 -038 -060 +072 +022 +081 -006 +064 +071 +010 -065 +004 -000 +048 +033 +070 -083 -077 +054 -025 -080 -072 -041 -050 -055 -073 +053 -077 -044 +051 +067 -003 +036 -038 -006 +067 -018
-076 +013 -042 -085 -011 -011 -047 -055 +041 +016 +004 -077 -077 -087 +044 -050 +030 -033 -024 -088 +065 -006 +042 -060 -067 -000 +031 +080 +056 +006 -042 +001 -066 +047 -025 +082 -004 -057 +047 +064 -023 +054 +028 +001 -010 -074 -052 -032 +046 +060 +020 +012 -050 -043 -030 -077 +022 -030 +035
-063 -030 +025 +055 -053 -005 -081 -043 -078 -042 -046 -030 +066 +056 +065 +058 -063 +022 -004 -081 -075 +044 -071 +051 -000 -041 -012 +020 +001 +075 +100 +043 +086 +060 +000 +072 -088 -062 +021 -076 +056 -012 -072 -073 -056 -000 -062 +022 -047 +023 -067 +014 -056 -036 -077 -018 -063 -007 +086
-077 -011 -044 -052 +026 -070 -057 +043 -080 +010 +015 +076 +070 +045 -037 +027 +031 +063 -088 +006 -027 -074 +011 +083 +023 +000 +058 +013 +052 +083 -080 +037 -056 +035 +068 +088 -015 -020 -008 +063 +030 +086 -056 +074 -056 +057 -035 -007 -033 -003 -085 +034 +046 +000 +071 -015 -005 +060 +055
+006 +042 -052 -041 +005 -007 +004 -013 -068 -088 -064 +061 -054 +073 -068 -025 +038 +002 -006 +004 +003 +078 +072 -080 -052 -063 +064 -006 +060 +062 +012 -007 -100 -002 +068 +024 -012 -077 -028 +002 +038 +051 +052 -085 -037 -021 +002 -040 -035 -008 -043 +052 +048 -024 +042 +006 -023 +060 +010
-036 +077 -017 +065 +056 -025 -027 +061 -070 -053 +066 +053 +028 +053 +035 +020 +070 +023 -076 +001 -001 +005 +071 +030 +028 +062 -014 +000 -060 +064 -004 +021 -052 -042 +045 +032 -057 +062 +006 -070 +083 -031 -085 -042 -030 -030 +011 +058 +052 +016 +067 -018 -034 +026 +041 +007 -073 -086 +025
-051 -008 -000 +012 -021 +080 +017 -083 -074 +037 +003 +048 +026 +028 +053 -032 -022 -035 -053 +038 -083 -051 +060 +011 -033 +084 -012 +052 +002 -053 -071 -078 +008 -078 +067 +001 -007 +064 -013 +100 +063 -021 -040 -054 -036 -023 +065 -028 +046 -074 +080 -022 -086 -088 +025 +024 +024 +087 +056
+088 +087 +085 -011 +061 +067 -083 -085 -007 +048 +083 +087 -073 +064 -035 +042 -045 -040 +011 -070 -034 -027 +015 -015 -065 +050 -057 -083 -071 +080 -080 +020 +010 +017 +084 +055 -073 +016 +040 -086 +001 +008 -068 -010 -008 -018 +075 -056 -083 +008 -015 +052 +033 +022 +020 -038 +010 +042 +085
+012 -012 +041 +076 +028 -004 +054 -012 -021 +023 -066 +044 -025 -040 +027 -073 -070 -011 -028 +044 -034 +028 -082 -064 +052 +047 +036 -075 -078 -038 -060 -051 +071 -012 -032 -038 +042 +055 +040 -060 +034 -032 +024 +026 +026 +037 -055 +000 -074 +058 -047 -056 +027 +066 +062 +077 -085 +054 -017
+034 -045 -001 -056 -053 +054 -048 -003 -013 +025 +062 +072 +001 +003 -054 -036 -034 +025 -078 -003 +068 -076 +084 -072 +038 -100 -020 +062 +072 +078 +084 -065 -042 +006 -040 -052 -034 +071 +075 +062 +061 +014 -016 +086 -042 -080 -064 +053 +031 +024 -051 -084 -031 -003 -046 +048 -007 +032 +086
-025 -086 -066 -052 +010 +021 +053 +012 +054 +072 -072 -011 -022 -025 -085 +017 -055 -051 -052 +006 -003 -020 +048 +023 -007 -063 +061 -017 +012 +064 -038 +075 -085 +084 +015 -022 -034 -038 +057 -073 +084 -067 -025 -024 +003 -004 +003 -005 -060 +012 -021 +042 -024 -000 -047 -082 -086 +020 -022
+066 +006 -087 +053 +014 -081 +030 -043 -068 -014 -061 -042 -005 -006 -031 -055 -070 +058 +000 -052 +083 -050 +038 +048 +010 +036 -064 +011 +058 -008 -071 +041 +075 +051 -010 -000 +053 +023 -087 +003 +077 -081 +057 -016 -027 +032 +011 +062 -042 -034 -018 +033 +055 +057 +084 -065 -042 +037 +044
+087 -055 -058 +045 -022 -086 +012 +033 +063 +020 +018 -015 -001 +068 +026 +045 +071 -061 +085 +017 -061 +003 +022 -086 -046 -040 -031 -045 -011 -008 +000 +088 +053 +057 -010 -035 +023 -060 +006 +048 -017 -057 -006 -062 +086 +005 -067 -031 -034 -058 -023 +067 +075 -005 -046 +027 +025 -047 +087
-033 -021 -052 -067 +026 -035 -075 +035 +016 -021 -076 +082 -081 -000 -075 -021 +031 +024 +037 +050 +034 +053 -062 +078 -088 -078 +040 +020 -075 +041 -021 -010 -030 -042 +006 +080 +046 -038 +100 -040 +022 -030 +033 -017 +054 -051 +074 +041 -085 +002 -001 +031 -018 -076 -073 -001 -076 -076 -035
+056 +034 +071 -045 +002 -005 -055 +070 -042 +087 -044 +047 +024 +020 -055 +074 -050 -042 +008 +054 -086 +078 -004 -035 +026 +034 -033 +077 -024 -051 -085 +080 -088 +022 +013 +070 -038 -066 -085 +075 -064 -038 +013 +057 -056 +032 +060 +042 -051 -006 +018 +034 +016 -004 -034 +067 -020 +060 +025
-083 +071 -027 -043 +058 +057 +071 +010 +060 +024 -074 -062 +043 +010 +046 -075 -013 +043 -042 -080 -003 +018 +013 +070 -028 -036 -046 -023 -050 +027 -014 +078 +000 +072 -022 -012 -006 +013 -083 -084 +078 -005 -010 -020 -013 -001 -058 +064 -025 +062 +016 +033 -013 +061 +082 -066 -058 +040 -035
+046 -025 -088 +068 -083 +044 -027 +025 -027 +012 +031 +041 -063 +048 +026 -075 -000 +041 -015 +085 +083 -084 +088 -017 +018 +083 -060 +024 -088 +025 -011 +050 -004 -036 +008 -010 -010 +021 -081 +082 -026 -016 +051 -076 -008 -002 +066 -005 -082 +088 -012 +067 -006 -041 -008 -080 -038 -020 +012
+027 -072 +040 +084 -018 -032 -023 -034 +063 -074 +083 +025 -021 +063 +070 -008 -016 +047 +051 +037 +065 -013 -018 +001 -088 +024 -017 -022 -078 +058 -014 +068 +073 +000 +018 +073 +023 -087 +087 -100 -076 +023 +065 +066 +047 -036 +012 -048 -042 -074 +013 +037 +007 +031 +063 +088 -043 -072 +048
-045 -074 -078 +032 -070 -070 +076 +052 +080 -034 -078 -008 +075 -045 +051 +030 -080 +020 -038 +073 -035 +036 +040 -088 +066 +067 +000 +058 -007 -033 -087 -078 +002 +006 -071 +051 -015 -014 +071 -073 -085 -077 +003 -025 +053 -047 -041 +050 -022 -077 -017 +052 -050 -081 -041 -047 -054 -031 -023
+076 +083 -005 -074 +070 -061 +011 +041 -060 -006 +000 +017 +030 -027 +041 -010 -016 +002 +017 -053 +016 +051 +061 -035 -003 +070 +066 +001 +031 -068 -043 +066 -014 +048 +060 -076 -011 +075 +032 -010 +073 -021 -058 +021 -061 +044 -078 +006 -047 -037 -016 +022 -020 -044 +030 -061 -048 -078 -037
-035 -045 -047 +065 -071 -082 -056 -018 +064 +011 +076 -043 +042 +001 +035 -034 +087 -041 +050 -051 -007 +077 -048 +005 +068 -041 +008 -053 +025 +027 -004 +010 -017 -063 -056 -071 +077 -018 +021 -081 -070 +084 -084 +074 +053 +075 -047 -062 -004 -030 +010 +056 -028 +057 -028 +058 -025 +033 -014
+024 +022 +048 +026 -057 -007 +073 -008 +072 +020 +014 -062 -043 +044 -012 -072 +065 -046 +013 +008 +022 +074 -030 -061 -054 -067 +088 -000 +043 -073 +081 +016 +055 +012 +021 +002 +055 +053 -063 +035 -068 -086 -011 -012 -076 -052 +070 -001 -016 -040 +015 +051 +012 -064 +085 -068 +017 +045 +034
+047 -066 +051 -054 -072 +006 -055 -028 +027 +006 -055 +078 -043 +084 -054 +047 -047 -075 +001 +045 +056 +064 -000 +100 +022 -085 -037 +012 -018 +001 -016 -007 -061 -035 +084 -000 +012 +031 -022 +081 +074 +008 +048 -024 +001 +033 +034 +000 -027 -052 +030 +034 +023 +024 +025 +073 -020 -008 -052
+068 -056 +025 +075 +033 +076 +006 -085 -083 +062 -030 -030 +034 +070 -035 +020 -071 +044 +008 +011 -055 -071 -018 +021 -050 +050 +053 +046 -040 +030 +072 +037 +066 +011 +056 -040 -086 +080 +004 +061 -062 +028 +016 +015 -027 +021 -020 -036 +051 -065 +057 -084 -002 -053 -027 +055 +028 +028 -015
-028 -073 -051 +045 -028 +072 -077 +036 -013 +056 -018 +053 +005 +025 -027 -053 -044 +040 -045 -071 +068 +077 +087 +013 -023 +066 +010 +068 -052 +011 -057 -014 -013 -066 -087 -083 +054 -076 -013 -003 -000 +056 +062 -073 -024 -050 +076 -075 -085 -013 +005 +086 +078 +011 +046 -070 +044 -076 -027
-048 +000 -021 -004 -045 +040 -012 +013 -043 +024 +064 +004 +034 +075 -078 -068 +062 +068 +023 -042 +075 -033 +078 -073 -014 -017 +042 -058 +081 -050 +024 -008 -018 +061 +008 -065 -013 -026 -005 +077 +067 -061 -017 -045 +035 -034 +051 -031 -071 +083 +061 -032 +074 +052 +041 -068 +083 +008 +086
-020 +071 -071 -042 -081 -077 +077 +015 -033 -001 +085 -043 -021 -007 -036 +064 -050 +063 -023 -074 +031 -043 +077 +062 -050 +070 -007 -088 +082 -054 -031 -057 -068 +044 -034 -000 +048 +057 -016 +086 -045 -048 -007 -057 -000 -086 -037 +042 -080 +033 +051 +008 +000 -087 +032 -025 +051 +006 +045
-062 -045 +043 +015 +054 +068 -056 +057 -052 -060 -048 -003 -083 +045 -040 -070 +053 -062 +068 +074 +064 -011 +046 -080 +034 -087 +063 -014 +017 -072 +070 +076 -048 -071 -024 +041 -005 -066 +055 -042 +057 +084 +041 +010 -081 +046 -040 +037 -046 +073 -030 +012 -047 +018 +055 +006 -024 -007 -021
-011 +023 +063 -082 +087 -008 -087 +088 -047 -045 +028 -068 +073 +047 -062 +026 -025 +074 -037 -037 -058 -031 -020 +064 +046 +051 +068 +017 +026 -005 -040 +088 -081 +084 -074 +018 +063 +025 -084 +087 -027 -058 +014 +070 -085 -078 -027 +081 -078 +021 +003 +017 +007 +037 -063 +063 -002 +030 +031
-043 -074 -008 -026 -056 +063 +007 +042 +028 +087 +070 +010 +054 -070 -087 -021 +064 -015 -078 -026 +067 +054 -002 +022 +028 +011 +036 -085 +025 -025 +002 -030 -003 +058 -080 +015 +041 +084 +056 -086 +048 +047 +073 -076 +073 -055 +021 +088 -071 -042 +071 -026 +067 +042 +075 +027 +027 -057 -051
+067 +054 -000 +037 +024 -002 +023 -077 +032 -038 -063 -067 +046 -042 +005 -017 +014 +034 -060 +033 -045 -007 +100 +084 -077 -011 -100 +058 +028 +015 -051 +086 +057 -065 +086 +054 +015 +050 +048 -004 -025 +088 -046 -030 -100 -025 +081 -034 -071 -067 +070 +008 -025 -042 +043 +067 +024 +018 -078
+037 -085 +041 -058 +042 +024 +003 +047 -037 -050 +078 -051 -007 -010 -011 +015 -044 +000 -026 +027 -072 -087 -061 +027 +066 +005 -052 +085 -086 +017 +025 -065 -032 +083 -052 +014 -010 +002 +033 -071 -011 -067 -060 -007 -051 +024 -016 +048 -055 -030 +040 +045 +011 -084 +081 +013 +046 -067 -062
+001 -020 -002 +058 -046 -038 -071 -012 -000 -023 -032 -018 +055 -006 -077 +087 +010 -071 +048 +013 -054 -075 +023 +082 -078 +013 +025 -081 -054 +033 +053 +053 -023 -083 -061 +035 +007 +021 -078 -013 +003 +088 -013 -023 +013 +033 -038 -042 +053 +062 +065 -060 +047 +077 -028 +065 +060 +081 -065
-051 -087 +056 -028 +087 -073 -044 -078 +001 +016 +024 -082 -047 -051 -000 -005 +087 -080 +021 +008 -063 +072 -055 -003 +058 +014 -061 +024 -070 -083 +052 +066 +072 -056 -020 +032 -088 -025 +088 -016 -026 +007 -050 +020 -048 -005 -018 +042 +057 -044 +010 +073 -050 -075 -018 +026 +045 -078 +048
+082 -062 +034 -084 -051 -000 -067 -032 -060 +082 -000 +050 -051 +015 +047 +035 -048 -051 +006 +085 +082 +050 +088 +052 +067 +043 -034 -010 -070 -013 +080 -042 +021 -074 -001 +032 +031 +084 -085 -063 +027 -050 +086 -002 +013 +070 -034 -057 +057 +042 -024 +072 +010 -086 +010 +044 +048 -016 +063
+012 -080 +085 +007 +062 +008 -088 -005 +041 -013 +087 +088 -084 -056 -024 -002 -004 -072 +046 -001 +037 +056 -027 -022 -022 -047 +038 -042 -025 +016 +024 -004 -041 -060 -027 +014 +033 -052 +005 +048 +006 -024 +074 +008 -081 -072 -088 +001 +028 -034 +008 -027 +048 -063 +043 +082 -021 -013 -058
-045 -027 -028 +026 +041 +076 +066 -050 +078 -030 +025 -022 -046 -082 -083 -073 +083 -020 +044 +046 +088 +045 -001 -005 -036 -023 -066 +070 +045 -036 -081 +037 -065 +008 +057 +024 +016 -042 +081 -050 -072 -088 +044 -087 +008 -062 +045 +081 +036 -050 +041 +022 +000 +076 +082 +045 -085 -044 -050
-046 +064 +052 +024 -026 +048 +020 -067 -061 +031 +028 +024 -085 -062 +088 +035 +050 -008 +080 -032 +030 +087 +077 +041 -030 +003 -047 +100 -081 -071 +080 +020 +038 +087 +021 +007 +038 +058 +082 +008 -041 +084 -058 +015 -022 +085 -075 -065 -032 -072 -043 -065 -018 +088 +046 +081 +062 +082 -043
+021 -032 -052 +030 -010 -037 -012 +055 +067 +087 +055 +066 -015 -064 +045 -010 +005 +037 -016 +068 +035 -050 +040 +013 +062 +037 -052 -030 -086 +065 +048 +065 +043 -065 +001 -001 -068 +021 +084 -035 +047 -080 -058 +035 +078 -027 -028 +083 +022 +011 -016 -055 -081 -018 -011 +068 -068 -028 -053
-008 -026 -073 +086 +043 +051 -045 -080 -066 -018 +056 +024 -034 -056 +040 -051 -082 +057 -031 -014 +054 +048 -026 -077 +044 -070 +080 -031 -056 +027 -044 -080 +071 -084 -037 -004 -025 -025 +004 -086 -047 +063 -057 -073 +030 +076 +036 -031 +075 +032 -016 +016 +004 -017 +032 -066 -082 +022 -031
-074 +027 -073 +051 +072 -017 -011 -074 -045 -034 +071 +100 -045 -010 +010 +002 +086 +008 -055 +065 +071 +066 -027 +072 -075 -057 -030 -000 +005 +036 +025 +058 +021 +035 -006 -017 +030 +026 -004 +073 +067 -050 +053 +065 -070 -080 +018 +047 -078 +041 +037 -080 -074 +086 +080 -061 +074 +070 -031
-070 -015 +050 -042 +021 +070 -044 +056 -003 +088 +082 +051 -077 -034 +005 +046 +074 -025 +048 -060 -055 +066 +067 +031 +000 -071 +053 -000 -025 -058 -003 -022 +012 +080 -012 -001 +082 +024 +061 -018 +063 +033 +024 -043 -061 -088 -043 +076 +074 +068 -086 +051 -030 -052 -021 -031 +078 -034 +052
+008 -011 +086 +022 +043 -052 +076 +021 -050 +004 +027 +012 -014 +016 -026 +074 -001 +077 +047 -024 -024 -011 -063 -044 +044 +060 +081 -041 -044 +075 -025 -064 +058 -032 +002 -044 +048 -021 +082 +085 -013 -055 -073 +042 +046 +064 -075 -044 -005 +053 +053 -027 +084 +025 +010 +100 -063 -006 +100
-100 +046 +007 -024 +081 +082 -005 +037 +084 -011 +088 +058 -042 -051 -003 +054 +054 -064 -083 -052 -007 -083 -067 -043 -040 -028 -028 +005 -077 +014 +038 +007 -072 -078 -040 -022 +067 +055 +078 -017 +016 -006 -022 +042 +088 +054 -054 +054 -065 +006 +052 +038 -023 -028 -045 -070 -064 -006 -025
-084 -040 -014 +045 +071 +024 -032 -044 +003 -073 -030 -028 +060 -056 -028 +014 +042 -063 +030 +056 -062 -052 +066 +018 +064 -081 -053 -011 -057 -018 -068 +015 -025 -048 -031 -032 +086 +040 -038 +024 +024 +006 +033 -044 +003 -043 -085 -020 +014 -072 -078 -010 +062 +082 -066 -026 +024 -080 +084
-020 +068 +045 -008 -023 -004 +007 +018 +063 +043 +056 +035 -015 +061 -017 -082 +085 -031 +016 -002 +031 -037 -014 -060 -003 +021 -012 +078 -008 -042 +075 +033 -061 -076 +057 +081 -046 -058 +022 -023 +076 -046 +010 -047 -046 -041 +014 +044 -083 +083 -017 +064 -001 +035 -075 +083 +047 +063 -065
+033 -072 +068 -013 +037 -037 +027 +026 -043 -052 +051 +026 +055 +018 +061 -006 -074 +054 -081 +041 +057 -054 +060 -067 +065 +003 +068 +058 +018 -004 -004 -036 +061 -066 +083 +054 -054 +043 +024 -073 +062 +051 -004 -085 +062 +078 -007 -028 +046 -060 +036 -012 -045 +030 -083 +000 -084 +035 -005
+001 -082 +062 -063 +046 +071 +042 +054 -035 -062 -061 -004 -083 -067 +021 +068 +027 -067 +072 +037 +072 -004 +083 -036 -025 -036 +088 -070 -085 -070 +016 +032 +033 -085 -077 -055 +014 -076 +026 +054 -047 +083 +066 +060 -015 -068 -067 -071 +080 +055 -010 -065 -065 +051 -003 +035 +012 -024 +051
+020 +066 +063 +056 -078 -046 -006 +025 -052 -063 +041 -030 -018 +005 +030 -063 +021 -006 +035 -086 -047 -085 +010 -027 -062 -035 +054 -012 +016 +088 -010 +044 +001 +064 +063 -017 -051 -084 +050 -000 +027 -016 -047 -025 +088 -005 -015 -028 +082 -017 -075 -021 -068 +014 -040 -057 -054 +066 +024
-032 -018 +030 -035 +078 -001 -004 +071 +038 -062 -020 -004 -075 +086 -020 -030 +024 -058 -015 +071 +076 +067 -048 +025 -062 +030 -074 -065 +013 -067 +081 -038 -080 -050 -003 -055 +085 +045 +051 +018 +057 +041 +082 +053 +024 +026 +038 -074 +044 -028 -028 -035 -055 +037 +046 -083 -002 -030 +055
+076 -061 +040 +058 +022 +073 -018 -006 -025 +017 -055 +031 +005 +015 -071 +085 -008 +071 -043 -005 +047 -056 +001 +088 -088 -084 -011 -088 -014 +034 -034 +043 -061 +033 +014 +047 +085 +011 -033 +037 -060 -040 -055 -050 -032 -083 -003 +053 +010 -055 +078 -003 +061 -023 +050 +030 -032 +088 +016
-048 +021 -062 +020 +073 -078 +015 +052 +030 -073 -072 -020 +020 +008 -058 +051 +076 -064 +084 +021 +014 -028 -015 +024 -007 -007 +070 -040 -085 -010 -012 -063 -057 -025 +047 +080 +045 -023 -033 -078 +081 -088 +084 +015 -046 -075 +050 -061 -065 +005 +087 -010 +023 +077 -061 -053 -000 -031 -072
-048 +084 +024 -038 -057 -014 -072 +043 +008 -077 -030 -084 +082 -080 +024 -015 +061 +084 -040 -031 -002 +068 +080 +080 +003 -066 +078 -031 -051 -041 +033 -000 +051 +060 +014 +012 -057 -047 +007 -070 -053 -062 -007 -082 +042 +028 -002 +067 +011 +057 -023 -041 -056 +025 +002 +024 +073 +043 +034
+015 -074 +068 +016 -063 +033 -055 -006 +088 -006 +006 +011 +066 -027 -057 -043 +083 -060 +034 -054 +052 +047 -007 -012 +040 +021 +073 +043 +067 -028 -020 -061 -062 -016 +018 +025 +068 +016 +002 -036 +041 +003 -011 +071 -032 -084 +008 -041 -076 -017 +030 -018 +022 -081 -018 +043 +050 -004 +083
-007 -080 +027 +013 -015 -046 +074 -044 -053 +002 -021 +033 -024 -044 +030 +075 -002 -068 -038 +100 -008 +060 +043 +066 +035 -085 -086 -050 +055 +010 -033 +050 -018 -018 -087 -075 +002 +061 -000 -055 +026 -061 +086 +067 -026 +058 -045 +000 +082 -064 +025 +078 +001 +085 -041 +014 +000 +044 -006
-008 -070 +024 -074 -016 +062 +021 -060 +056 +081 +078 +065 -007 +046 -084 +005 +055 -044 +060 -021 -022 +016 +030 +073 +023 -014 +007 +050 +015 +002 +053 -100 -031 +030 +018 +027 +051 +065 +015 -026 -076 -041 +024 -022 +087 +063 -065 -046 -052 +057 +035 -055 +062 +061 +003 +025 -085 +062 +078
+063 -051 +030 +011 -033 +080 -063 +054 -070 -033 +054 -066 +028 -058 -032 +066 +054 +036 +037 -078 -078 +041 +016 -007 +023 +046 +066 +075 +034 -056 +074 -047 -086 +071 -013 +008 -064 +050 -082 +041 +051 +023 +081 +008 -077 -100 +053 +014 +037 +084 +074 +005 -048 -030 +026 +074 -048 +014 -058
+013 -065 +030 -043 -030 +018 -063 -020 +084 +045 +085 -021 +076 +000 +064 +018 +030 -008 -046 -047 -022 -042 +018 -022 +036 -001 +082 -073 +000 -032 -022 -012 -032 -043 +033 -078 +005 -064 +086 +007 +034 +027 -055 -081 -070 -053 -064 -017 -054 +068 +002 -036 +051 -061 -081 +017 -056 +060 -026
-065 -042 -081 +025 -063 -050 -082 -018 -100 +087 -078 -051 +080 -047 +084 -026 +035 -081 +047 -080 +087 +033 -052 +067 -028 -062 -071 +006 +078 +068 +072 -022 +052 +022 +080 +078 -053 +033 -018 +051 +051 -088 -008 +017 +077 +058 +074 -063 +032 -021 -082 +088 -024 +077 +075 -002 -052 -085 +066
-053 +035 +011 -087 +006 -065 +033 +008 -033 +004 +030 +070 +027 +066 -078 +025 +074 -055 +018 -000 -070 +003 +035 +054 +031 -008 +038 +063 +052 -003 -034 -000 +081 -086 -000 +084 +072 +085 -051 -073 -057 +014 -058 +052 -023 +048 -007 +078 -003 -018 +036 -088 -008 +022 +063 -082 -078 +088 +052
-014 +052 -076 +062 -063 -084 +017 -066 +036 -037 +038 +027 +018 +080 -008 -004 -033 -056 -058 +067 -077 -004 -050 -013 -013 -016 +046 +050 -063 +017 -075 -026 -043 +083 +084 +044 +081 -020 +027 +002 -022 -028 -072 -022 +011 +021 +063 -046 +014 -054 -004 +052 -044 +014 +047 -006 +071 -004 -017
+066 -058 +084 +023 -010 +028 -061 -057 -020 -087 +007 +060 -055 -038 -077 -021 +035 +062 +066 -031 -057 -006 -085 +020 +083 -005 -086 -022 -085 -048 -082 -038 +020 +082 +077 -057 -083 -042 +021 +004 +072 -016 -018 +074 -054 -007 -011 -081 +044 +025 -033 -081 -032 +081 +030 +042 -038 +075 -078
-064 -067 +015 -082 -041 -027 -007 -055 +011 +086 +077 +064 -008 -050 +085 -063 -057 +064 +072 +045 +014 +036 +071 -034 +078 -082 +047 -048 -054 -087 +017 -003 -055 -032 +086 +051 -068 -084 -068 -026 +017 -012 +077 +063 -001 -047 -081 -048 +075 +016 +080 -075 +036 +005 -056 +080 +024 +062 -004
-045 +055 +033 +056 +014 +081 -083 -036 -077 +073 -070 +053 -006 +078 +024 -035 -040 -061 -012 -087 -016 +008 -042 +036 +016 -047 -006 -016 +040 -064 +008 +062 -067 +061 +046 +033 +077 -002 -047 -031 -080 -035 +025 -043 -032 +011 -043 +058 +012 -082 +038 -087 -070 +088 -054 -031 +032 +062 +050
+004 +015 +037 -068 +027 +075 -024 +057 -085 +077 -051 +022 -032 -051 +077 -013 +070 -065 +012 +031 +056 -020 -040 -015 +038 -020 +051 +028 +035 -085 -001 -012 -004 +040 -057 +065 -087 -035 -014 -012 +018 -016 -034 +067 +025 +024 -061 -008 +020 -053 -066 -013 -042 +025 +020 -020 +064 -040 -048
-064 +040 -044 -054 -005 -006 -024 +085 +003 +054 +100 +040 -008 +038 -056 -077 +057 -016 -058 -077 +035 -016 -057 -004 +005 -082 +023 -017 -052 +074 +074 +058 -005 +047 +074 -057 +088 -055 +063 +030 +062 +020 +068 -072 -014 +076 +062 -008 -036 +054 +030 +001 -100 -056 +034 +013 +050 -011 -022
-033 +058 -042 -015 -080 -044 +084 -041 +007 -003 +004 -078 +024 +054 -064 -071 +075 +027 -031 -040 -064 -043 +088 -054 +061 +070 +060 -081 +034 +045 -001 -025 -068 +044 +058 +052 -016 +024 -002 +010 +047 +018 -084 +042 +024 -064 +024 -024 +077 -076 -044 -087 +078 +032 +074 +058 -012 +076 -051
-064 +002 +033 -021 -007 -028 -060 -002 +066 -006 +073 +070 +057 +027 +046 -100 +081 +065 +083 +011 -017 +045 +078 +025 +021 -006 -078 -028 -072 -033 -072 +061 +070 -007 +007 -030 -022 -065 -074 +064 -072 +017 -051 -080 +088 -065 +004 -064 +004 +068 +061 -023 -028 +018 +042 -041 +073 -012 -015
+061 +026 -043 -080 +031 -058 -064 +085 +056 +067 -041 -041 -007 -035 +047 +052 +021 +048 +086 +043 +074 -070 +010 -076 -038 +067 +013 +035 +080 +084 -051 +002 -003 -074 +038 +065 +043 +083 -023 +060 -044 -030 +067 +013 -003 -008 -062 +051 +041 -088 +085 +027 -042 +052 -100 -026 -018 -010 +075
-005 -010 +031 -026 -085 -017 +063 -053 +055 +037 +026 -065 +014 -052 +083 -034 +058 -048 +014 +066 -087 +044 +081 +052 +040 -066 -075 -100 +018 +017 -026 -085 -038 +031 -024 +032 -033 +022 -062 +033 -015 +074 +080 +071 +031 -073 -022 -053 -064 +022 -040 +052 +007 +057 +065 -081 +014 -003 +084
+012 +072 -073 +022 +020 -031 +063 +053 +036 -061 +022 +062 -048 -047 +061 +042 +028 +077 -047 -081 +083 -073 -064 -011 +074 +004 -023 -051 -082 -044 +078 -066 -034 +003 +012 +086 +066 +028 -040 +071 -051 -083 -051 +065 -011 -033 -067 +015 -014 -041 -050 -080 +028 +073 -064 -087 +081 +071 -071
-045 -024 +040 +061 -025 +028 -060 +085 +073 +057 +038 +027 -082 -011 +018 -008 +045 -020 -033 -013 -070 +036 -083 +068 -081 -000 -041 +023 +027 -076 -026 +000 +050 -065 -028 -004 +013 +020 -034 -073 -033 +017 +083 +016 +021 +014 -024 +067 +078 -038 +010 -063 -036 +025 -003 +017 -086 -040 -015
-055 -076 -001 +081 -030 -000 -042 -085 +012 -046 +044 -024 +013 -070 +022 -011 +062 +078 +011 +053 -055 -084 +031 -034 -017 -046 -026 -005 -005 -068 -027 +013 -052 +011 +061 +066 +056 +020 -032 -042 -010 +043 +082 +033 +006 +060 +070 +042 +035 -008 +078 +068 -056 -072 -055 -040 +027 -012 -020
-038 -086 +067 -060 -041 +044 -100 -024 -048 -017 +077 +018 +002 +057 +011 +003 -024 -084 -086 -080 -020 +016 +020 +062 -017 -020 +001 -087 -012 -000 +012 -028 +031 +085 -007 +008 -051 -005 -012 +073 +071 -064 -016 +001 +015 +002 +061 +043 -012 -067 +085 -010 -043 +100 +035 +045 +017 +083 -061
-061 -027 -035 -006 +042 -033 -042 -038 +007 -032 -016 -078 +042 +046 -046 -027 -062 -050 -006 +087 -062 +018 +066 -016 +065 -040 -084 +057 -081 -011 +017 +000 -076 +012 -087 +043 -003 +041 +024 -082 -066 +100 -044 +018 -063 -000 -015 +083 -064 -014 -013 +080 -016 -081 +060 -085 +054 -036 +072
+014 +042 +041 +031 -021 +027 +084 +074 +060 -031 -055 +036 -013 +061 +016 +068 +063 +057 -058 -086 -020 +086 -047 -028 -078 -073 +051 -074 +007 +056 +027 +023 +010 +038 +077 -046 -053 +078 -017 +073 -058 -016 -056 -088 -024 -017 +062 -054 +038 -002 +045 +031 -035 +004 -044 -021 -063 +026 +034
-036 -036 -043 +028 +022 +088 +028 +023 +046 -057 +020 +015 +003 -086 +008 +011 +045 +067 +018 +050 +063 +003 -070 -088 -021 -016 +040 +038 +077 +007 +067 +085 -021 +034 +056 +006 -018 +061 +034 -072 -021 -056 -042 -053 -066 +003 +023 -051 +087 -044 +057 +042 +088 -058 +088 -054 +042 +088 +003
+072 -025 +065 +043 +038 +037 +051 +005 -057 -057 -000 +032 -074 -078 -043 -072 -004 +064 -056 +076 -023 -081 -042 +020 +061 -031 -048 +033 +054 -005 +042 +024 +066 -050 -080 -043 -021 -062 +078 -080 -015 -074 -017 +063 +078 -042 +071 -034 +074 +035 +072 +084 -066 +021 -007 -043 +052 +067 +024
-042 -071 +007 +017 +085 -055 -033 -084 -003 -045 +014 -060 +055 +031 -024 +071 +037 +025 -022 -006 +033 -014 +001 +087 -040 -064 +080 +026 +045 -073 +038 -042 -048 +031 +062 +058 -020 +008 +074 +012 +063 +070 +022 +038 +034 -001 -018 +021 -056 -083 -018 +055 +076 +027 -081 +088 +034 -070 -030
+048 -040 -054 -013 +047 -065 +025 +055 -078 +100 -043 +077 +088 -036 +047 +075 +001 +057 +007 -016 +057 -076 +032 +041 +012 -024 -050 -034 -008 -065 +007 -082 +087 -068 +070 +071 +085 -024 +012 +027 +082 -013 +066 -082 -037 -055 +084 +088 +015 -050 +030 -030 -074 -053 -062 -084 +077 -024 +083
+051 +051 -072 -033 -041 +060 +018 +037 -046 +050 -002 -073 -040 -002 -011 +032 -005 +073 -077 +004 -043 -074 -086 -052 -045 +072 -074 +086 +074 +013 -070 -053 +017 -026 -041 -021 +067 +077 +075 -051 -064 -040 +066 +078 -034 -011 +026 -085 +023 +066 +023 +040 +075 -078 +021 -078 -017 -027 -085
-041 -070 +005 -010 +056 +066 +058 +073 +010 +100 +026 +077 -015 +054 -085 -050 +028 +042 -036 -050 +014 -034 -000 +076 -001 -074 -050 -038 +042 -017 -032 -010 +002 -045 -051 +068 -071 +030 -074 -048 -022 -046 +030 -061 -014 +062 -064 -048 -016 +073 -021 +036 -043 -021 +047 +018 -000 +007 -030
+087 -063 +088 +053 -045 -004 -021 -086 +017 -077 +024 +006 -014 -042 -006 +047 +065 +003 -081 -078 -030 -087 -086 +084 +003 -080 -035 +041 -036 +070 -017 +060 -006 -076 +018 +076 +048 +023 -001 -066 -085 -024 +074 +054 +030 +015 -081 +064 -063 +017 -077 -081 -100 -063 -021 +010 -038 -000 +020
+062 +076 +062 -008 -001 -043 +064 +057 +082 -075 +032 -003 +007 -042 +018 -026 -078 +075 -032 -022 -060 +058 -086 +031 +040 +043 -076 -047 +011 -086 +057 -067 -071 -011 +036 -017 -000 -058 -062 -043 +041 -084 +040 -045 -014 -005 +046 +060 -018 +038 -057 +068 +035 -073 +002 -026 -021 +083 -083
+025 -026 -070 -008 +032 -045 -071 -056 -048 -036 -078 -078 +078 -040 +072 -074 +000 +031 -042 +061 +025 +046 +011 +058 -063 +000 -014 -078 -057 +028 +041 -037 +050 -083 -058 +041 -018 +063 +041 -047 -088 +007 +004 -072 -000 +006 -044 -067 +005 +067 +066 +073 +057 -044 +020 -058 +085 +025 -080
-064 -042 +050 +027 +057 +032 +065 +044 -081 +064 +083 +038 +016 +004 -084 +001 +086 -004 -017 -084 +071 +077 -006 -067 +034 +031 +015 -041 +023 +010 -088 +023 -013 -015 -021 -006 +052 +036 +082 +001 +008 +028 +064 +004 -036 -037 -050 -053 -053 +056 +030 +074 +061 +037 -057 -058 -060 +042 -075
+055 +050 +058 -008 +065 -003 -062 -084 +044 +047 -047 -064 +083 +007 -036 -042 +006 -062 -081 +045 -081 +040 +045 +086 -056 -030 -082 -081 +008 -072 -030 -031 +018 -002 -058 -054 -013 -006 +071 +058 +044 +075 -083 +022 -083 +026 -010 +076 -062 -022 -071 -080 -077 +080 -070 -075 -082 -080 -076
-077 +045 -033 -031 +088 -007 -088 -087 +037 +085 +012 +064 -045 -034 -033 -041 -047 +014 +002 +024 +084 +043 -058 -030 +047 +066 +100 +012 +057 -085 -083 +008 -034 +042 -020 -051 +061 -043 +073 -065 -027 -044 -084 -043 -061 +051 +073 -072 +037 +005 -017 -100 +041 -006 +061 +014 -076 -088 +077
+086 -001 -087 -055 +024 +087 -055 +023 -018 +011 +070 +043 +074 -084 -054 +077 +088 +058 -071 +042 +040 -043 +020 +020 +030 +046 -022 -084 +054 +020 +035 +036 -014 +016 -061 +043 -080 -062 +087 -052 -027 -034 -077 -010 -000 -034 -010 -056 -047 -067 +082 +047 +065 +000 +001 -073 +082 +083 -087
+034 -050 -004 -070 -043 +041 +100 -085 -032 +011 -000 -074 +038 -006 +072 +005 +054 -026 +030 -028 -066 +027 -087 -070 -071 -027 -013 +082 -084 +088 -005 -087 +027 +074 +027 +018 +067 -023 +022 +072 -030 +021 +004 -038 +018 -031 +004 +007 +013 +053 +063 +071 +076 +080 -048 -014 -052 -078 +025
+087 +005 -038 +065 +055 -018 -030 +013 +008 +050 -056 +002 -083 +040 -027 -083 -048 -027 -067 -026 +001 -042 +074 +064 +031 +074 -072 +040 +082 -053 +073 -004 +012 +046 -032 -038 -022 +008 +037 +073 +038 +077 -021 +016 +052 +025 +065 +044 -066 -032 -024 +051 -088 -072 -052 +007 +054 -086 +058
+068 -005 -037 +006 +070 +051 +052 +068 -023 +032 -007 +077 -046 +067 -080 +025 -014 +084 -016 +080 -081 -035 +082 -082 +050 +065 +048 +052 -085 -000 -040 +073 -072 -064 +002 -065 +076 +007 -034 -010 +016 +088 -068 +044 +062 -014 -083 -067 +048 +021 +010 -005 +045 +074 +046 -071 -010 +033 -074
-046 +017 +018 +043 -040 -035 +054 -001 -023 +061 +085 -021 +026 -053 -038 -014 -051 +072 -074 +047 +017 +014 -043 -023 +007 +077 -053 -001 -071 -068 -011 +012 -031 -061 +022 -062 -084 +015 -003 +042 +035 -050 -008 +036 +040 -025 +023 +004 -013 +017 -058 -026 -046 +045 +064 -026 -012 -010 +057
+048 +056 +030 -080 +070 -016 -072 +033 -087 -064 +077 +074 -013 -070 -055 -008 +078 +085 -016 -038 +032 +018 -024 +062 -005 -037 -034 -037 +084 -047 +056 +011 -011 -084 +023 -075 -004 -044 -058 +084 -031 -032 -016 +046 -062 +038 +017 +070 -011 -062 +015 +043 +041 -085 -100 +074 -035 +035 -080
-062 -010 -030 -067 +022 -006 -003 -050 +020 -014 +005 +024 +003 -070 +018 -054 +017 +030 -041 -055 -014 -040 +025 +077 +066 -040 -067 +040 -044 -048 +004 +085 -055 -001 -084 +001 -014 +043 -082 +005 -083 -066 -085 -068 -076 -050 -023 -000 +016 +068 +025 -007 +035 -010 +042 -082 -021 +008 +083
+086 +072 +017 +023 -058 -045 +065 -013 +087 +036 -002 -010 +066 +060 +061 -035 +022 -013 -001 +001 +004 +004 -015 -004 -072 -028 -052 -003 +061 -024 +054 +056 -021 +054 +068 -056 +072 +057 -051 -078 +040 +051 +020 -005 -065 +052 +008 -075 -053 +072 +037 +073 -004 +033 -021 +078 -033 -048 +046
-080 -068 -010 -031 -031 -004 -033 -015 +030 +080 +080 -002 -073 -008 -083 -050 -040 -003 -038 +004 +018 -022 +038 -058 -067 +046 +015 +001 -061 +088 +060 +073 -004 -082 -020 -012 +027 -068 -021 -007 +038 -080 -031 +084 +048 -048 -045 -054 -016 +081 -042 +054 +000 -083 -071 -003 +082 +088 +054
-088 +087 +015 +018 -072 -025 -040 +048 -061 +083 +080 -031 +071 +068 +068 -071 +052 +032 -053 -008 -085 +073 +004 +067 -020 -075 +043 +062 -015 -030 +043 -088 -068 +032 -035 -031 -063 +027 +074 +034 -067 +067 +060 +027 -066 -066 -072 -001 -076 -002 +044 +026 -046 +048 -022 +082 +045 -062 -001
-020 +086 +003 +042 +043 -028 -048 -062 -046 +073 +037 +037 -037 -025 +026 +037 +005 +035 +034 +034 +066 -008 +070 -028 +070 -050 +076 -031 -000 -057 +021 +052 +051 -021 -050 +028 +000 +035 -073 +083 +012 +061 +072 -040 -084 +083 +085 -025 -073 +002 -017 -035 -080 +005 -056 +018 -016 +061 -006
+071 +064 -005 +014 -050 -024 -017 +028 +030 +021 +031 +012 +014 +032 +044 +046 -008 +080 -082 -047 +016 -025 +066 +011 -018 +071 -005 +054 -056 +028 +086 -068 +088 +016 +081 -064 -011 -082 -036 +060 -035 -004 -036 +027 +022 +040 +015 -087 -030 +001 -031 -013 -001 +032 +054 +023 +074 +006 +033
+082 +056 +006 -073 -078 +035 +021 -005 +078 +043 -062 -053 -003 +001 -040 +075 +023 +064 -034 -018 +080 -066 -012 -016 -041 -002 -061 +078 +084 -033 -042 -073 +030 -031 -048 -022 +028 -015 -036 +018 +072 +038 +087 -071 -071 +050 +036 +034 -008 -053 +085 -006 -028 -025 +086 +063 +057 +028 -058
+014 -011 +043 +023 +026 +005 -012 +055 +034 +044 -068 +006 -080 -088 -058 +028 +015 +065 +082 -076 -086 +057 -010 +082 -050 +081 +065 -004 -026 +047 -083 +048 -047 +021 +068 +014 -023 -034 +081 +021 -014 -024 -068 -015 +081 -012 -027 -042 -015 +073 -012 +001 +076 +067 +006 -004 -031 +061 +016
-018 -008 +084 -040 -012 +082 -023 -011 -002 +037 -033 -085 -037 +070 +037 +072 -077 +058 +050 +012 +034 -078 +071 -056 +063 +022 +016 +062 -077 -024 -021 +017 -037 -023 +011 -035 +020 -025 +042 +035 +006 +072 +027 -026 +074 +068 +071 +012 -061 -012 -071 -000 -016 -028 -050 +014 +037 -084 -016
+030 +074 -027 -077 +040 +028 +041 -085 +002 -056 +086 -084 +011 -031 +057 +072 +026 +045 -073 +014 -071 +061 +000 -037 +035 +045 -070 -027 -040 +028 -100 -100 -068 -078 +030 +031 -025 +035 +053 -030 -001 +007 +023 -075 +028 +013 +006 +071 +028 +010 +041 +033 -033 -084 -086 -037 -073 +078 -023
+083 +062 -045 +042 -088 +086 -015 -051 +034 +010 -076 -061 +046 -033 +072 +043 +045 -065 -044 +012 -025 -013 -066 +038 +047 +088 +002 -008 +020 -034 +050 -036 +026 +070 -047 +084 +001 -023 +015 -015 -023 +020 -054 -032 -043 -014 +043 -085 +071 -037 +008 +073 -000 +080 +044 -003 +007 -023 -040
+020 -033 -021 +004 -020 -010 +071 +020 +074 -060 +018 -051 -067 -058 -081 -068 +045 +042 -046 -000 -087 +072 +056 +082 -024 -085 -043 -015 -080 -076 -041 +002 +050 +024 -047 -033 +050 +083 +003 -050 -061 -000 +072 -088 +044 -003 +060 -063 +074 -058 -063 +043 -046 +082 -045 -041 +042 -051 +040
-037 +065 +065 -071 +042 +008 -034 -045 -085 -003 +076 +035 -055 -044 -027 +014 -028 +070 +063 +027 +025 -047 -044 +043 -084 -016 -067 +086 -001 -073 +012 -043 +071 -008 +026 -048 -073 +083 -038 -036 -082 -020 -023 +015 +076 +086 -013 -015 -021 -063 +077 -086 -064 -043 +074 +018 -051 -011 +028
+031 -077 +051 -013 -040 +060 +077 -010 -072 -045 +041 +035 -015 -047 +072 +078 -015 +056 +040 -006 -011 -013 +058 -043 -023 -017 +023 +002 +078 -058 -008 -054 +027 +071 +047 -100 +018 -073 +072 -018 +046 +068 +050 -044 -055 -042 -040 +025 -006 -004 -016 -025 -046 +047 +050 -057 +005 -040 +015
-022 -004 -023 -007 +045 +002 +014 +060 +046 +002 +062 +026 +064 -066 -027 -007 -032 -054 +060 -076 +074 +042 -065 -007 +014 +014 +065 -062 -084 -023 +070 +066 +055 +064 -052 +012 +030 -014 +066 -013 +054 -001 +063 +045 -045 -063 -071 -027 +078 -065 +062 +078 +000 -064 -032 -076 -035 -007 -074
-083 +018 -075 +042 +002 -081 -006 +045 -013 +063 -062 -058 +083 -065 +084 +054 +067 -033 -047 +077 +075 +074 +047 -037 -070 +080 +023 -060 +055 -051 +007 -014 -006 +058 +047 -071 +053 -068 -086 +050 +024 +057 -087 +016 +034 -050 +042 -047 -086 -023 -071 +028 -075 +021 +044 +020 +031 -015 -038
-065 -044 +064 -028 -034 +074 -088 -040 -021 -084 -043 -086 +000 -057 +032 +005 +082 +045 -048 -022 -022 +035 -076 +017 +038 -077 -042 -014 -063 +000 +100 -047 -031 -047 -018 -084 -011 +001 -055 -047 -007 +012 +073 +054 -037 +071 -032 +017 +071 +010 +088 -004 +041 -001 -031 +064 +015 +002 -016
+088 +053 +065 +070 -054 -046 -012 -062 +075 -053 -080 +064 +082 -043 +066 +003 -018 +054 +012 +025 +001 -064 -001 +018 +030 -027 -043 +007 -080 -073 +066 -055 -046 -016 +045 -004 +016 +068 -051 -078 -051 -056 +087 -017 +060 +082 -084 +024 -075 +041 +022 -032 -080 +028 -051 -065 -074 +020 +035
-084 -087 -078 -001 +084 +086 -048 -045 +063 -015 +036 -011 +088 -047 -056 -050 +032 +045 +075 +087 +047 -076 +061 -040 -078 -073 +065 +066 +060 +012 +035 -078 -063 +054 +063 -051 -020 +063 -010 +026 -078 +054 -070 -033 +016 +047 +035 -065 -034 +067 -052 +057 +016 +075 +058 +082 +010 -056 +008
+023 +072 -043 +020 +068 -067 -050 +054 -046 -010 +063 +046 -071 +072 +024 +058 +027 -003 -026 +015 +036 -058 +017 +037 -055 -006 -002 +048 +075 +013 -031 +014 -026 -000 +010 -004 +046 +066 -017 -022 -063 -084 +027 -022 +007 +034 +004 -022 +077 +044 -046 -077 -027 +034 -023 +100 +000 -081 -078
-033 +026 +033 +042 -057 +005 +048 -050 +088 -071 +061 +078 +033 -003 -004 -005 +038 +018 +035 +078 -051 -086 -026 -032 -024 +083 -042 -060 -050 -003 +022 +075 +011 +040 +016 -077 -023 -030 -085 +054 -004 +084 +017 +016 -023 -016 -077 -082 -036 -002 +020 +043 -024 +021 +007 -037 +057 -005 -002
+062 +058 +067 -035 -006 -073 -078 +046 +042 -047 +021 +015 +040 +042 -033 -047 +046 +038 +074 -010 +033 -100 -083 +006 -016 -036 -071 -006 +077 +032 -002 +048 -083 +012 +047 +082 +034 +016 -068 +068 +065 -058 -007 +026 +013 +040 +002 +045 -022 -017 +008 -010 -002 +054 +026 -027 -044 +003 +007
-031 -033 -088 -031 +035 +085 -056 -085 -010 +062 -075 -078 -028 -040 +050 -062 -027 -028 +028 -047 -055 +040 +077 -064 +058 -086 +018 +053 +048 +030 +071 +065 -031 -040 -023 +005 +004 -083 +035 -000 +073 +053 -076 +005 +060 +004 -011 -071 -046 -050 -052 -013 -068 -076 -076 +053 -020 +066 +082
-071 +084 -076 +023 -086 -011 +057 +054 -053 +074 -015 -033 -002 -041 -000 +035 +068 +004 -081 -002 -027 -086 -060 +050 -052 -063 +055 -046 +066 +036 -051 +082 -015 +005 +076 -070 -025 +035 +028 -012 +001 -041 +010 -070 +010 +054 -037 -053 -065 -071 +047 +051 -004 +035 +084 +034 -020 -020 -024
+077 +087 -072 -054 +046 +076 -007 +022 +021 -082 -044 +027 -016 -070 -067 -047 +046 +021 -004 +072 +030 +062 +083 +023 -007 +052 +045 +080 +043 +078 -066 -006 -010 -014 -003 -060 -078 -015 +035 +021 -031 +032 -083 -003 +027 -004 -061 -038 +074 +071 -066 -026 -015 -030 -050 -086 +004 +068 -063
-048 -036 -046 -047 -051 +014 -005 -076 -070 +051 +030 -025 +016 +050 -043 +010 -020 +017 +074 -068 +006 +043 -026 +011 +074 +068 +033 -001 +050 -087 +048 -045 -083 -016 +014 -081 +072 -084 -013 -035 +003 -021 +013 -087 -016 +000 +071 -081 -028 -052 -044 -071 +008 -011 +048 +013 -031 -037 -027
+077 -088 -017 -063 -035 -075 +018 -083 +057 -002 +008 +024 +014 -026 -064 -036 +016 -062 -064 +016 -032 -024 +027 +083 -030 +017 +035 -014 -014 -022 +062 -085 +000 -078 -011 -072 +016 +071 +084 -025 -020 +027 -071 +025 -073 -034 -030 -033 -043 +044 -003 +072 +044 -055 -068 +080 -071 -000 +010
-026 -034 -008 +006 -048 -000 -000 -088 -032 -006 -050 -065 -008 +070 -015 +068 -017 +061 +032 -080 +058 -071 -027 +060 -047 -042 -057 +013 +025 -038 +085 +005 -084 +011 -065 +016 -022 +055 -044 -084 -057 -074 -034 -043 -026 -005 +022 +022 -035 +011 -083 -081 +041 -072 -028 +002 -082 +080 +055
+052 -000 +008 +032 -062 -025 +051 +048 +050 +006 -040 +087 -013 -043 -077 +080 -002 +060 +061 +075 +066 -008 -045 +083 +018 +045 +041 -060 -031 -021 -057 +022 +073 +080 -041 +021 +083 +041 -080 +002 +065 -023 -026 +083 +067 +001 -016 +011 -025 +063 +030 +000 +077 +067 +057 -035 +044 -072 +088
+018 -077 -064 -071 -028 -026 -031 -022 -022 +027 -086 +036 +085 +061 +087 -060 +076 -017 +017 -032 +060 -071 +017 +015 +058 -014 -062 -047 +058 -034 -043 +036 +046 +065 -081 -071 +064 +011 -025 +005 +034 +027 +051 -041 +031 +042 +026 +010 +024 +084 +054 +057 -056 -001 +080 +068 +028 +081 +062
-030 +056 +045 +084 -015 -044 -054 +052 +056 -001 -072 +074 -018 +045 -057 +018 +044 -072 -013 -068 -035 -057 +018 -010 +014 +067 -087 -025 -085 +052 -076 +036 -002 +067 +075 -007 -086 -074 -100 +074 +030 -072 -052 +034 -054 -062 +036 +011 -024 -058 -021 +063 -012 -036 +024 +051 +088 +034 -046
+088 -078 -038 +013 +036 -062 +031 +067 +086 -064 -070 +036 +046 -031 -076 +005 +048 -048 +000 -053 +100 -086 -040 +087 +008 -072 -035 +071 -076 -007 -074 +037 +041 -072 +011 -016 -028 +060 -075 -008 +084 -057 -014 +080 +068 -073 -055 +044 -013 -024 +081 +035 -087 -046 -047 +026 -001 -060 -043
-075 -054 -077 +000 +043 +022 -047 -028 +028 -078 -073 +046 +028 -012 +025 -082 +032 -000 +016 +035 -033 -035 +005 -087 +081 +057 +086 -060 +037 +065 +015 -048 -051 -018 +047 +058 -017 +037 +085 -011 -084 +060 +010 -007 -071 +068 +085 +041 -053 -062 -008 +020 +047 +001 +030 -077 -033 +017 +061
-047 -086 +100 -072 +084 +028 +066 +011 +067 +011 -087 +084 +088 +042 -001 -010 +017 +012 -057 +055 -043 +056 -004 -031 -072 +028 +057 +030 -026 +045 -044 +017 +078 -020 -067 +010 +051 +068 +081 +080 -074 -070 +054 -015 +045 -011 +050 -014 -038 +071 +061 -016 +045 -045 -028 -013 -074 -013 +006
+002 -005 -072 -060 +005 -025 -072 +018 +032 -053 +004 -100 -016 +000 +037 +062 +015 -066 -080 +071 +048 +053 -088 -073 +006 -084 +085 -084 -034 -028 -038 +038 +041 -043 -071 +026 +026 +003 +041 -026 +044 -038 -071 -037 +074 +085 +083 -030 +017 +032 -071 +002 +088 -055 -063 +028 +051 -038 +008
+060 -056 -070 +045 -004 +083 +080 -048 +051 -028 -040 +066 +055 -002 +056 +020 -035 -045 +037 -037 +086 -040 +028 +022 +033 -005 +051 -037 +053 -018 +063 -006 +013 -058 +008 +053 +070 +027 -048 +062 +005 -045 +012 +034 -041 -016 -024 +057 +045 +086 -070 +081 -052 +064 -028 +076 -030 +100 -031
+066 +086 +015 +018 -045 -085 -073 -061 -053 -022 -061 -005 -023 +061 -014 +027 +065 +028 +077 +005 -023 -058 -074 -050 +060 +086 +014 -052 +057 -030 +022 -025 -006 -026 +100 +060 -050 +018 +004 -070 +051 -010 -040 -088 -074 -048 +024 +070 -021 +011 -065 -045 -062 -078 -070 +023 -004 -000 +046
+006 +084 -054 +001 +012 +021 -030 -046 -012 +037 +066 +064 +007 -060 +027 +084 +050 +068 +061 +031 -071 +022 -012 -070 +083 +004 +044 +075 +053 +006 +050 -013 +047 +032 -065 -002 -066 -024 -065 +075 -011 -012 -065 +037 +037 +056 +043 +063 -046 +043 -042 +008 +100 -075 -026 -070 +050 -055 +083
-036 -087 +065 -086 +055 -052 -058 -034 +056 +023 -006 +056 -038 +026 +007 +033 -006 -050 +055 -008 +071 +100 -082 +020 -038 -002 -074 -008 +046 +071 -084 +071 -080 -016 -078 +066 -030 -020 -021 -047 -053 -036 -058 +060 +070 -028 -062 +061 +003 -031 -036 +000 -036 -023 -018 +037 -034 -006 +071
+017 -082 +028 +081 +052 +048 +012 -088 +038 -062 +046 +083 -012 +073 +040 +023 -036 -077 -012 +047 +074 +006 -012 +084 +060 +024 -004 +032 +052 +075 -067 +043 +081 -080 +016 +014 -007 +046 -072 -070 -044 +054 -076 -066 -014 -003 +005 +055 +047 +060 -082 +023 -041 -042 +062 +030 -065 -063 -046
+037 +055 +027 -026 -003 -037 -008 -042 -085 -074 -077 -037 +071 +078 -075 +032 -002 +016 -008 -013 -016 -066 -024 -005 +068 +067 -084 -040 +005 -027 +004 -030 +071 +032 -012 +046 -074 -051 -025 +005 -088 +040 +013 +043 +020 +056 +057 -015 -087 -063 +056 +040 -045 +017 +076 -038 +033 -008 -063
-018 +013 +033 +001 +034 -046 -012 +035 +014 -031 +066 -006 +033 +035 +014 -022 -012 +035 -030 +053 +067 +057 -044 -064 +017 +084 +081 -082 -016 -044 +018 +057 +044 +022 +038 +053 -026 +034 -015 +024 +064 +076 +062 +040 +085 +013 -051 -067 +001 -058 -042 -030 +030 -053 +061 -063 +057 +011 -075
-028 -013 +014 -077 +064 +022 +023 +050 +005 +008 +031 -078 -085 +041 +076 -043 -035 -013 -012 -057 +084 -031 -008 -064 +088 +037 +045 -031 -100 +047 -001 +061 -062 +087 -087 +050 -086 -051 -003 -084 -086 +006 +006 -055 -024 -025 +063 +086 -086 -016 -030 -007 -010 +043 +052 -024 +038 +064 +037
+033 -052 +087 -004 +041 -005 +014 +075 +010 +034 -061 -034 +086 -066 +036 -031 -034 +087 +085 +042 +043 -030 -074 +012 +075 -007 -006 -032 +065 -007 +066 -036 +012 +088 -006 -003 -036 -013 -056 -047 -063 +065 +024 +022 +065 +077 +002 -012 -055 -060 +077 -047 -058 -041 +042 +013 +074 +044 +071
+023 -007 +024 -044 +054 +083 +081 +037 +035 +013 -041 +066 +032 +080 +076 +042 +057 +016 -043 -081 +060 -005 +017 +035 +060 -045 +007 -066 +073 +045 -035 +044 +008 -064 +014 -067 +023 +074 +078 -050 +025 -048 +063 -081 +068 -083 +056 -071 +050 +027 -028 +071 +033 -022 -008 +087 -064 +018 -013
+060 +060 -040 +042 -053 +072 +020 +063 +013 -006 +003 -034 -060 -014 +003 +066 +066 -025 +082 -022 +088 +060 -046 -080 +025 -074 +066 +068 -065 -081 -002 -018 -043 +012 -065 -083 -033 +073 -016 -073 -002 -068 -004 +047 +037 -072 -036 -051 +005 -026 -033 -045 +048 +040 +035 +048 +014 +033 +025
+045 -056 +067 +060 -042 +003 -061 -036 -075 +051 -022 -078 +010 -038 -087 -002 +086 +064 -068 -034 -042 -055 -064 -015 -077 +034 -010 +022 +034 +070 +013 +000 +047 +048 +063 -048 -038 +081 +027 +000 +025 +064 -073 -002 -073 +004 -080 +067 +000 +006 +027 +032 +021 -040 +013 +018 +051 -006 -033
+054 +067 -071 +010 +020 +026 +071 -010 +100 -008 +085 +082 +085 +085 -000 +042 -037 +013 -060 +053 +032 +022 +021 +005 +013 +052 +010 +014 -014 +002 -050 -055 +054 +088 -057 +077 +076 +027 -077 +071 -033 +040 -078 -023 +038 +003 -025 +020 -055 +078 +063 +080 -020 -031 +055 -055 +032 +061 +082
-047 -074 +011 -066 +002 -054 +000 -078 +060 -015 +032 +057 +066 +050 -035 +000 -016 +060 +100 -046 +051 +086 -025 +015 -007 -030 +073 -082 +002 -006 +080 -008 +080 +050 -011 +037 -100 -078 -050 +028 -048 -013 -054 +056 -016 -038 -018 -042 +036 -044 -017 +026 -013 -002 +058 -077 +018 -054 -036
-085 +027 -012 +035 +028 +081 -064 +001 -028 -012 -081 -043 +054 +044 +061 -056 +005 -018 -038 -036 -068 +088 +035 +048 -014 -020 -073 -001 -074 -066 -000 +055 -084 +031 +038 -051 -043 +071 -007 -023 -071 +048 -056 +018 -085 -006 -067 -026 +081 +014 +006 +002 +058 -023 +047 -085 +085 +087 -040
