-040 -071 -051 +086 -080 +005 -041 +000 -052 -013 +015 +027 -048 +012 -005 -001 -063 +075 +060 -036 +065 -077 +008 -088 +015 -008 +044 -057 +043 +063 +024 +021 +053 +085 -011 -055 -081 +033 -056 +077 +013 -087 +088 -034 -012 +055 +078 -025 +083 +027 -011 +075 -030 -007 +100 +084 -085 -076 -022 -006 +055 +036 +081 +087 -035 -008 -003 -030 -007 -014 +021 +088 +071 +017 +078 -082 -070 -030 +003 +007 +017 -072 +083 -055 +024 +083 -047 -055 -084 +054 -082 -003 +070 +065 -001 +083 -025 -055 +032 +061 -044 -041 +072 +044 +045 +010 +044 +068 -081
-012 -007 -025 +047 +075 -062 -063 -014 +050 -064 +036 -088 +077 -024 +087 +070 +014 +037 -100 +035 -004 +056 +040 -084 -068 -063 -000 +041 -002 +063 +008 +018 -035 +057 +075 -080 +016 +085 +030 +084 -062 +022 -060 -013 -080 +027 +085 +037 -040 +026 -040 +023 +021 -044 -033 +025 +046 -056 -067 +020 -072 -032 -076 -080 +061 -032 -037 -013 -028 +005 +067 -033 +000 +063 +080 -017 +043 -085 +055 -020 -072 +064 -083 +020 -100 -008 +062 -004 -037 -065 +040 +055 -006 -007 -004 +070 -041 -071 +062 -062 -036 +041 -005 -087 +054 +024 +078 +014 +064
+068 +065 +046 -001 +072 +023 -033 +020 +018 -088 -052 -065 +023 -014 -025 -002 +022 -018 +067 -041 +075 -018 -022 +070 -007 -018 -075 -040 +032 -063 +086 +014 +068 +076 -073 -040 +027 +016 +080 -060 +051 +031 -048 +078 +081 +077 +086 +043 -017 +073 -072 +046 +001 -087 -067 +051 +015 -046 -062 +020 -021 -051 +042 -088 -020 +006 +085 -062 +046 -070 +033 +011 -053 +085 -087 +074 -002 +025 +044 -013 +016 -060 -014 +068 -044 +086 +023 -074 -016 +065 +067 +051 +070 +076 +060 +012 -070 +074 +004 +053 +002 +075 +033 +043 +083 -014 -081 -003 -081
-035 +067 +048 -013 +030 +080 -066 -073 -021 +066 -011 +030 +034 -020 +046 +042 -017 -067 +045 +065 -100 +014 +068 +035 +017 -014 -007 -073 -026 +061 +001 -053 +035 +002 -017 -058 -015 -005 -010 +005 -001 -050 -044 +020 +081 -000 -038 +082 +028 -056 -060 -008 +040 -064 +017 -010 +031 +036 +010 +011 -015 -055 -076 -076 +001 +001 +041 -015 -072 +013 -060 -082 -046 +012 +025 +051 -031 +015 +076 -074 +100 +024 -074 +017 -052 -056 -048 +054 +035 +073 -004 +018 -035 +040 +078 +054 -016 +088 -048 -024 +044 +048 +021 -025 -033 +002 +042 +024 +024
+015 -053 -035 -024 -010 -003 -080 -058 +026 +085 +070 -017 +040 -032 +020 -017 +023 -071 -003 -061 +011 +073 +001 +081 -048 +002 +030 +080 +051 +044 +024 -048 +047 -042 +077 -066 -063 -081 +011 -076 -012 -045 -042 -060 +041 +053 +006 -078 +068 +068 -060 +013 -035 +026 +010 -066 -081 -054 -062 -065 +010 -061 +085 -076 -036 -036 +037 -030 +084 -085 -057 +063 +017 +043 -047 +037 -053 +014 -054 +020 +071 -042 -030 -057 -001 +088 -004 +060 -052 -060 +050 +081 -086 -017 +058 -010 +036 +057 +031 -080 -067 +036 -056 +004 -011 +055 +086 +058 +081
+012 +006 -077 -037 +036 +020 -007 +018 +020 -072 -063 -060 -087 -001 +050 -086 -011 +068 -013 +025 -011 -031 -048 -013 -062 +061 -007 +072 -036 +044 +006 +070 +055 -072 -065 +062 +030 +017 -058 -043 +050 +021 +036 -010 +054 -044 +050 -010 -014 -013 -024 -061 -040 -078 -064 +085 -010 +052 -066 +021 +064 -062 -054 +083 +100 +013 +055 +051 -004 -018 +073 -035 -085 +080 +042 +020 -100 +081 +043 +065 +061 -083 +002 +074 -031 +002 +042 +078 -015 +070 +058 -052 -078 +015 -085 +044 -026 +051 +010 +007 +015 +012 -027 +077 -068 +071 +068 -064 +067
-066 -068 +055 +042 -070 +082 -046 -038 -007 -047 +040 -100 +060 -014 -045 +075 -082 -004 -023 -021 +016 +062 -048 +033 +001 +070 -070 +000 -088 +015 -003 -054 +045 +021 +070 -005 -068 -017 +061 +052 -050 -007 +005 +000 +084 +080 -074 -083 +054 -025 -030 -051 -035 -073 -034 +052 +008 -030 +044 +001 -064 -100 +003 -015 -083 +072 -066 +000 -084 +034 -041 +023 -041 -043 +088 -078 -074 +051 +078 -027 +037 +078 +045 -060 +044 +080 -004 -073 +080 -084 +081 +053 -060 +055 +055 +031 -030 -081 +065 -040 -031 +016 -064 +037 -005 -036 -067 +088 +020
+081 +053 +046 -064 -048 -071 +065 -028 -088 -062 -078 -062 +031 +078 -074 -000 +066 -001 +037 -048 +067 -084 +014 +008 +074 -055 +027 -026 -046 +001 -038 -081 +036 -076 -048 -064 +061 +044 +085 +075 +051 -061 +048 +081 +045 -006 +076 -025 +045 +018 -054 +044 -078 +047 -060 -086 +052 +077 +043 -000 +015 +025 +036 -041 -068 -024 +026 +013 -012 +061 -008 -002 -046 +024 +035 +064 +035 -047 -022 +080 +002 -023 +005 +046 +065 +031 +003 -088 -038 -016 +071 +021 +068 -067 -046 -011 +072 +048 +060 +016 +055 -012 +043 +063 -034 +085 -085 -020 +100
+086 +066 -030 -048 +025 +028 +002 +043 +022 +046 +065 +041 +007 -063 +044 +068 +066 +028 -028 -017 -078 +044 +026 +077 -015 +082 -050 -014 -028 +084 +048 +081 -060 +044 -077 +046 +066 +055 +047 +071 +012 -003 +067 -061 -021 -055 +058 -071 -016 +051 +033 +047 +035 -027 -055 +053 +036 -088 +000 +002 +014 +081 +014 +084 -000 -046 -082 +080 -060 +066 +077 +064 +036 -016 +081 -065 -013 -007 +037 -050 +086 -018 -057 +052 -086 +006 -011 +014 -028 -061 -022 +065 -074 -076 +076 -038 -024 -088 -038 +071 -064 +083 +034 -064 +026 +061 +050 +081 -073
-004 +081 +100 +003 +023 +061 -086 -034 +075 -065 +060 -044 -024 -060 -055 +046 -000 -036 -008 -054 +058 -062 -070 +002 +060 +001 +018 -087 -084 +053 +073 +077 -062 +084 -031 -040 -073 -011 +078 -023 +028 +081 -012 +035 -038 -004 +025 -074 -077 -085 -007 -014 +084 +056 -055 -061 -013 -020 +002 -051 -064 +040 -077 +032 -014 +051 -085 -014 -055 +060 -044 -015 -030 -038 +060 -088 +024 -088 -021 +071 -018 -022 +068 +084 -071 -066 -066 -002 -068 +056 +021 +011 -076 -002 -017 +081 +063 +021 -034 +054 +054 +005 +061 +075 -023 +012 +004 -055 +071
-055 +023 -047 -034 -002 +050 +078 +033 +060 +046 -066 -018 -008 +075 +004 +032 -040 -018 -056 -026 -003 -045 +002 +023 +054 -087 -014 -004 +087 -023 -013 +031 +060 +023 +032 -051 -022 +043 -076 -080 +063 -017 +034 -046 -016 -086 +045 +051 -060 -047 -007 +034 +012 -018 +053 -018 +005 -014 +022 +013 -082 -040 +087 +027 -060 -058 +058 -066 +015 -065 +003 +060 -084 +064 +050 -060 +057 -032 +051 +001 +058 +062 +030 -088 -045 -085 -065 -067 -042 -018 -082 -055 -050 +052 +083 +003 -032 -062 -085 -084 -024 -007 +017 +040 -085 -015 +027 +051 -027
+071 -100 -065 -087 -024 -040 +055 -056 -088 -063 -031 +033 -086 +054 +018 -066 +063 -043 +027 -056 +042 +047 +083 +085 +055 +017 -011 -086 -004 -074 +087 -057 +028 +001 +052 +045 -074 +075 +006 -075 +018 -042 -061 -028 +020 -058 +045 -080 -060 -048 +028 +044 +085 -084 -003 +036 -047 +087 -058 +031 -082 +008 -038 -026 -054 +044 -018 +072 +086 +046 +085 +068 +012 +004 -028 -030 -022 -054 -083 -023 -074 -005 -100 -016 +046 -068 +015 -011 +085 -053 -001 +041 +078 -083 +010 +040 +023 +055 -003 +072 +074 +006 +028 -075 -007 -006 -018 -087 -064
-074 -017 -018 -031 -071 -036 -082 -075 -035 +034 -024 +015 -026 +035 +002 +087 -050 +056 -068 -008 +020 +033 -011 -028 +035 +030 -081 -070 -007 -021 -021 -012 +072 +021 -061 +022 +070 +100 -081 +037 -026 -000 +081 +048 +084 +007 -058 +086 -068 -087 -008 -054 +072 +037 -056 +053 -033 -070 -085 -004 -057 -100 -018 -073 +030 +080 -056 +073 -031 +067 -087 -016 -063 -035 -016 +078 -061 -083 +027 -022 +088 -062 +057 +003 +067 +036 -034 -083 -087 -066 -062 +007 -057 -000 -051 -082 +067 -081 -016 -010 -056 +003 -034 +022 -017 +081 +058 +034 +006
-000 +033 -035 -085 +006 -073 +068 +014 +061 +050 -058 +044 +044 +060 +021 +031 +041 -040 +020 -046 -060 -002 +080 -020 -046 +068 -086 +024 -086 +076 +024 +084 +073 -023 +052 +045 -100 +077 +002 -065 +083 -007 -058 -060 -055 -012 -082 +086 -048 -082 +004 +054 -061 +078 -007 +040 -038 +012 -021 +027 +047 +051 +025 +066 -071 -048 +004 +021 -074 -063 -066 +074 -083 +051 -064 +056 -011 -035 +008 +015 -017 +045 +021 -037 -012 -032 +032 +042 +044 -067 +018 -084 -040 +075 +008 -073 -020 -076 +088 +027 +034 -031 -014 -028 -013 +038 -002 +072 +081
-041 +003 -022 +043 +065 +076 +065 -074 +020 +072 -030 -017 +065 +024 +088 +026 +034 +051 -066 +015 +035 -055 +054 +088 +063 -080 +003 +042 +047 -007 -054 -063 +013 -047 -053 -087 -034 -054 +050 -072 +070 -021 +085 +068 -061 +042 -057 +023 -041 +084 -005 +036 +030 -065 -082 +021 +034 +020 +072 +011 +034 +027 +011 -011 +073 -020 -070 +028 -053 +005 +061 +035 +021 -012 -078 +050 +061 +036 -067 -008 -042 -063 +004 +043 +071 +078 +062 -086 -053 -053 -013 -045 +052 -003 -044 -033 -030 -058 -066 -051 -040 +002 +004 +083 -000 -075 -034 +058 +007
-060 +084 +075 -087 -076 -031 -036 +063 -061 -063 +014 -020 -040 +015 -044 +078 +054 +062 +047 +074 +072 -018 -023 -010 -056 -022 +066 -064 +064 +087 +061 -025 +017 -003 +056 -032 -070 +054 -052 +077 -038 -053 +080 +012 -016 -075 +013 +078 -051 -050 +064 +055 -075 +006 +061 +015 -085 +065 -051 +050 +024 -060 -022 +001 +058 +072 +002 -053 -037 +047 +046 +044 +050 -012 +081 -034 -064 +048 +046 -028 +048 +076 -016 -012 +057 -077 +083 +072 -022 +060 -045 -005 +016 +037 -033 +051 +057 -022 -037 -054 +066 +001 -011 -034 +026 -063 +050 -011 -088
+006 -018 +004 +011 +075 +013 +043 -063 -035 +054 +015 -010 +028 -052 -000 -065 +070 -021 -043 +083 +000 +005 -060 -073 -063 -026 +044 +024 -032 -003 -064 -052 +002 +000 -025 +052 +048 -082 -043 -061 +044 -002 -060 +050 +017 +057 -021 +018 -033 +021 +076 -032 +032 -010 +014 -022 +063 -037 -050 +066 -061 +038 +064 -036 -008 +001 -043 +072 -034 +076 -014 -032 -061 +056 +080 -056 -016 +006 +061 +030 -088 +004 +008 +034 +014 +051 +021 +054 +084 +008 +047 +007 -010 +005 -003 +043 +053 -023 -047 +073 -010 +002 -057 -078 +081 +052 +017 +020 +011
+011 +034 +028 -082 +072 +066 +076 -038 +100 -056 -046 +065 +056 -004 -065 -073 +026 +007 +064 -021 +100 -000 +042 +051 +016 +022 -063 -014 +007 -030 +008 +065 +027 +032 -077 -087 -046 +077 +065 -013 -044 +047 -063 +033 +035 -018 +087 +081 +021 +066 +051 -066 -081 -000 -060 -025 -074 +035 +006 -027 -038 +063 -083 -028 -048 -065 +054 -027 -005 +076 -016 +062 +068 -003 +065 -048 -004 -007 +080 -035 +021 +010 -067 -001 -070 -066 +055 -058 +065 +077 +022 +042 -062 +054 -078 +061 +013 +048 +007 -084 +045 +067 +042 +038 +034 +038 +033 +072 -040
+018 +023 -065 -048 -085 -002 -077 -051 +064 +020 -027 +004 -008 +037 +038 +066 -081 -050 +057 -023 -062 -037 +034 -020 -060 +042 -057 +005 +074 +068 +020 -085 +075 +061 +010 -048 +040 +068 -008 -036 -081 -083 -067 -071 -051 +060 -026 -033 -001 -058 -032 -010 +006 -037 +013 +003 +088 +055 +047 +085 +036 -086 +027 +021 -038 -056 -040 -081 -023 -088 +071 -007 +021 +047 -048 +051 -007 -008 -038 +042 -084 -023 -066 -072 -027 +022 +023 +024 -078 -060 -012 -047 +034 -043 +084 -011 -000 -024 -063 -018 +044 +068 +075 -070 +065 -018 -035 -034 +087
+003 +038 -071 +002 -060 +060 -080 -055 -033 -067 +014 +030 -000 -045 +084 -072 +012 -027 +043 -057 +054 +030 +011 -067 +058 -007 -005 -004 +085 -001 -070 +065 +010 -048 -053 -026 +031 -041 -080 -073 +056 -037 -030 -015 +024 -064 +065 +044 -040 -037 +035 -054 +087 -035 +010 -016 -055 -076 -071 +043 -031 -027 -061 +007 -003 +035 +038 +026 -074 -067 -034 -021 -070 -078 +020 -073 +053 -083 +080 +071 -003 -077 +038 -031 -086 +005 -008 -025 -052 +061 +041 +015 +060 +034 -001 +000 +053 -042 -017 +073 +022 -063 +084 -006 +075 +052 -027 -027 -064
+033 -030 +083 +006 -075 -057 +087 +075 -030 -054 -024 +000 +038 -068 -033 -018 -072 +011 -021 -023 +026 -036 +054 -015 -046 -033 +054 -005 -002 +034 +057 -014 -023 -054 -021 +002 +077 +088 -082 -077 +007 +025 -034 +043 -072 +006 -030 -068 +086 +061 +051 +078 -035 +063 +077 -014 -081 +004 -063 -084 -082 -043 -082 +077 -016 +068 +083 +037 -031 -027 -008 -027 +021 -056 +034 -005 -041 +015 +002 +030 -025 -087 +050 -033 +075 -076 -045 +085 +058 -014 -006 -081 +044 -032 +066 +004 -085 +010 -030 +041 +080 +030 +020 -030 -033 +082 -002 -034 -010
+004 +100 +100 +071 +011 +040 +082 +021 +012 +002 -026 +000 +082 -061 +084 +058 -015 +021 +012 -042 +011 +065 +015 +084 -080 -048 +044 +000 +088 -033 +082 -027 +028 +054 -067 -054 -053 -027 -028 +002 -022 +055 +030 -037 -056 +100 -053 -021 -063 +050 -027 +017 +050 -058 +071 -027 +016 -014 -063 -045 +048 -000 +025 +002 +088 -050 -002 +100 +022 -007 -000 +062 -052 +087 -008 +056 -055 +073 -035 +037 -087 +015 -078 -082 -042 +060 +040 -025 +061 +067 +035 -072 +032 +011 +083 -088 -015 +027 -055 -081 -042 -065 +045 -013 +052 +075 -051 -044 +046
-072 -072 -080 +032 -078 +041 +038 +045 -060 +085 +077 +031 -088 -083 -012 +084 -024 +021 +047 +085 +087 -057 +037 +070 -001 -030 -086 -077 -076 +082 -060 -023 +063 +037 +062 -062 -032 -081 +004 +061 +023 +025 -056 -050 -047 +054 -016 +025 -014 +071 -081 +014 -100 -088 +055 -021 +048 +073 -026 -062 -006 -068 +061 +028 -046 +012 -052 -022 +072 -082 +015 -023 +016 +082 +044 +064 +012 -048 -085 +071 -028 -051 +057 -010 -031 -015 -001 -028 +074 +063 -070 +026 -053 +067 -074 -057 +011 -007 -065 +058 +072 -022 +077 +062 -078 +077 -074 +073 +066
-027 +048 +018 -058 -023 -007 +045 -060 -027 -064 +016 -086 -061 -074 -001 -014 -052 -071 -000 -006 +017 +007 -030 -042 -087 +086 -046 +032 +063 -007 +053 +030 -062 +076 +000 -081 +004 -088 -034 +024 -028 +017 +038 +081 -037 -042 -075 -027 +044 -045 -075 -036 +066 -022 +067 +080 -083 +031 +038 -086 +045 -016 -085 +077 +025 -084 -052 +052 +080 +067 +045 -040 -085 -037 +078 -023 +000 -024 +084 +011 +000 -043 +070 +071 -077 +077 +054 +036 -013 -045 +080 -087 +074 -003 +053 -078 -020 -054 +022 +052 -021 +070 +061 -055 -066 -020 +075 +083 +051
+022 -068 -020 +038 +065 -084 +055 +021 +074 +002 -033 -074 +074 -100 -003 +004 +003 +052 +016 -021 +028 -100 +026 +032 +042 +042 -082 -021 -022 -056 -057 +070 -051 +070 +026 -064 -028 -067 -022 +030 -088 +016 -013 +017 +011 +057 -087 +022 -038 -053 +027 -033 +064 -080 +085 +031 +014 +035 +045 +037 +058 -024 -011 +004 -060 -068 -011 -065 +083 +021 -083 +066 -061 -043 +084 -063 +015 +032 -020 -036 +050 -071 +006 +036 +042 -065 -017 -082 -064 +004 +000 +021 -075 -073 +066 +053 +072 +066 +015 +042 -081 -024 +088 -084 -084 -023 -042 -057 -042
-087 +065 +043 -031 +024 +085 -064 +031 +010 +075 +062 +047 +005 +016 +027 -063 +047 +072 -072 +001 +037 +055 -085 -005 +022 +047 -000 -057 +016 -006 +068 -044 +045 +068 +064 -022 +014 -000 -066 -030 -087 +085 +065 +058 -035 -061 -003 +054 -044 -033 +087 -043 -055 +022 +013 -025 +066 +027 -050 +071 -003 -052 +046 +037 +057 +078 -012 -076 -005 +013 +065 -077 -052 +012 -031 +038 -072 +078 -025 -080 -083 -041 -055 +026 +071 +035 +065 -013 +041 -006 -033 -054 +063 -038 +007 +028 +064 +035 -085 -022 -006 +061 -054 +015 -067 -077 +064 -078 +036
-067 -001 -051 +080 -006 +056 -073 +068 -002 +050 +062 -085 +078 +073 -055 +000 -000 -056 +060 +084 +064 +022 +017 +100 +086 +028 +028 +076 +068 +070 -024 -028 +061 +048 -055 -023 +076 -003 -062 -086 -075 -073 +044 +006 -016 +062 +061 +005 +087 +066 -051 +003 -082 +033 +087 -066 +013 +085 -012 +022 +011 -084 -068 +012 -020 +018 +042 -086 -067 -026 -017 -040 +064 -027 -084 +036 -018 -033 +013 -083 +085 +038 +001 +062 +017 -013 +060 -033 -001 -013 -070 -042 -053 +074 -054 -076 -047 -014 +076 +050 -081 -087 -052 -083 -024 +071 -036 -018 -060
+033 -088 +057 -055 -073 -031 -002 +014 +015 +000 -073 -053 +012 +044 -003 +012 -030 -063 +013 -074 +028 -016 -018 +010 +082 -013 +000 +005 -012 +012 -000 +028 +068 -017 +078 -047 -036 -002 +041 -026 +068 +037 -031 -058 -036 -073 +020 +012 -038 +055 -078 -081 +000 +055 -057 +077 +028 +065 -072 +015 +061 +012 -006 +045 -025 +056 +041 -035 -080 -087 -058 -087 +041 -057 +070 +078 -065 -073 +013 -020 +026 +038 +078 -046 +032 -081 +080 +061 +030 -014 -008 -055 +058 +054 -043 +060 +067 +037 -044 -037 -008 +044 +036 -007 -066 -001 -004 +021 -052
+027 -033 +043 -022 -043 -053 -017 +026 +053 -008 -042 +044 -000 +015 -082 +030 +078 +065 +078 +053 -045 -075 +017 -024 +081 -054 +034 -068 -018 -048 -023 +064 -076 +001 +043 -008 +031 -015 +003 +036 +061 -087 +073 +018 -022 +061 -034 -006 +087 -025 +001 +008 -010 -075 +061 -055 +065 +040 +075 -045 +055 +003 -045 -010 -048 -008 -047 +026 -018 -072 +010 -081 +051 +005 -012 -003 -068 +044 -053 +042 +060 +054 -086 -006 +076 +050 +048 +088 +054 +088 +046 -084 -044 -087 -023 -080 -022 +011 +053 -072 -030 -012 -071 -044 +014 -012 -025 -078 -078
-088 +006 +043 +035 +054 +015 -056 -001 -008 -001 -012 +084 -002 +000 -053 -055 -046 +004 -011 +010 -050 -026 -025 +075 +062 -016 -003 -032 +018 -003 +030 +082 -035 -064 -015 -072 -058 +013 -044 -051 -018 -056 -014 -058 -058 +046 +016 -005 -088 +085 -030 +058 +028 +064 +046 +012 -051 +044 +037 -026 -034 -008 -052 -074 +033 -087 -040 -066 +081 +036 -068 +004 +044 -081 +024 -040 -053 -006 -006 +027 +064 -055 -056 +060 +000 -047 +074 -051 -042 +017 -026 -006 -060 +031 -078 +063 +048 +055 -057 +035 +010 +062 +100 +070 -003 -025 +060 -050 -000
-078 +070 -055 -086 -028 +060 -033 +031 -031 -021 +087 +037 -043 -002 +064 -030 +014 +053 -015 -022 -055 +063 -031 -044 -055 +031 -024 -003 +063 +013 -032 +067 +002 +061 +077 -005 -076 +058 -028 +007 -077 +042 +032 +024 -070 -003 -011 +030 -028 +004 +044 -057 +063 -026 +011 +022 +032 +074 -011 -036 -000 -070 -028 -064 -078 -074 +038 -084 +037 -051 +077 +042 -031 +070 +018 -037 +026 +005 +005 +054 +086 -056 +076 +048 +084 +057 -035 +018 +017 -077 -073 -010 -060 -010 -024 -031 -085 +016 +057 -034 -020 -083 +038 -056 -074 +017 -064 +008 +070
+066 -060 -013 -057 -024 -077 -046 -083 +056 +073 +100 -050 -068 +043 -078 +065 +045 -008 -044 +060 -053 -030 -040 +062 -048 +004 -084 +015 +084 -041 +008 +005 -063 +034 -032 +072 +036 +007 -017 +050 -030 +005 -033 +048 +016 +061 +016 +054 +047 +005 +081 +012 +031 -078 +006 -033 -007 +020 +078 -036 +004 +047 -022 +065 +086 -071 +023 +053 -055 +021 -063 +043 -083 -066 -078 +064 -063 -018 -028 -044 -013 -100 +030 +086 +074 +067 -017 -061 -024 +041 -048 +033 -042 +018 -022 -086 +088 -024 +056 +088 +023 +054 -056 +072 +067 -076 +031 +062 -038
+080 +055 -032 -068 -083 -012 -027 -065 +056 +080 +052 -053 +034 +035 +075 +044 +010 -070 -071 -033 -087 +022 +077 -052 -007 -087 -035 +016 -017 +062 -014 +026 -012 -018 +044 -024 +012 +085 +020 -044 +044 +046 -040 +067 +075 -047 -016 -073 -032 -046 +070 +012 +070 +070 +018 -066 -060 -018 -076 -070 -055 -021 +041 -068 -071 -046 +010 -058 +068 -070 +040 -010 +008 -084 +040 -057 -002 +007 -054 -046 -044 +013 +005 +035 -014 +061 -052 +010 +063 -008 -070 +042 -005 +027 -037 -054 -081 -018 +088 -044 +065 -006 -023 +048 +053 +076 -017 -026 +068
-076 +038 -058 -011 -068 +007 -083 -085 -017 -032 +058 +014 +007 +061 -043 -044 -053 +048 -057 +066 -057 +011 -065 -060 -003 -024 -007 -027 +025 -061 -053 +001 -010 +083 +060 +068 +017 -057 -068 +086 -057 +064 +013 +017 -020 +075 -084 -085 +064 +031 +024 -004 +070 +044 +073 -014 +065 +067 -076 -065 +013 +025 -088 -050 -012 +047 -020 +046 +075 +081 +015 +076 -038 -085 -001 +052 -024 +028 +021 -011 +002 +018 -068 +012 +031 +083 -062 -025 +022 +023 +008 +001 -021 -080 -015 +003 +073 +070 -087 -010 +013 +040 -025 +083 +004 -087 -018 +032 -054
-071 -050 -012 -001 -038 -084 +060 -032 -071 +061 -005 -060 +060 +053 +052 +070 +013 +015 -071 -084 +014 +085 +034 -042 -013 +100 -018 +070 -077 -013 -027 +075 +051 -025 -071 -006 +065 -018 -044 -032 -068 -006 +017 +008 +084 +061 +001 -011 -057 +043 +034 +073 -007 -036 +071 +068 -021 -025 -075 -083 +086 +022 +010 -076 +007 -053 +061 +035 +042 -007 -021 -037 +063 +040 +028 -075 +063 -056 -007 +083 -023 -005 -032 +002 +007 +015 +040 -013 -054 -055 +088 +026 +060 +066 +081 -017 +006 -085 -075 +037 +037 +030 +030 +052 -023 -041 +080 -052 -006
-081 -050 +088 -072 +082 -068 +082 +008 -088 -002 +008 -027 +028 -008 -058 +063 +003 -007 +047 +074 +080 +078 -061 -051 -053 +023 -036 -028 +028 -040 -048 -080 -034 +005 +031 -015 -074 +040 +078 -037 +014 -032 +066 -048 -063 -080 -084 +020 -054 +027 +036 -016 -015 +077 +034 -004 +005 +022 -024 +081 -057 -002 -061 -066 -087 +080 +078 -004 +043 -082 +016 +078 +037 +080 -016 -018 -063 -055 +054 -073 +088 -027 +031 +023 -036 +016 -086 -014 -020 -003 -083 -001 -031 +052 +022 +002 +011 -021 -072 +075 +021 -005 +010 -071 -058 +027 -077 +036 -023
-050 -076 +025 -027 -024 -000 -021 -082 -082 -036 -035 -065 -078 +015 +011 +057 +064 +020 +024 -018 +018 +030 +054 -100 -030 -041 -016 +080 +023 -054 +005 -000 -041 -046 -025 +078 +087 -003 +010 -081 -031 -057 -045 +000 +088 +018 -012 +048 +068 -051 -010 +028 -038 -014 -002 -072 -063 -083 -030 +053 -046 +005 -080 +055 -040 -033 -014 +025 +046 +044 +021 +025 -004 +082 +050 +018 +085 +031 +015 +061 +025 -001 +053 +025 +038 +054 -024 +038 +024 +080 +072 +060 +050 -028 -084 -002 -010 +020 -080 +065 +002 -053 +024 -012 -030 -034 +082 -073 +068
-062 +020 +033 +067 +080 -066 +074 +072 -072 -020 +025 +038 +040 -048 +072 +043 +050 +005 -012 +100 +034 -087 -061 +000 +076 +075 +056 -074 -048 -034 +037 +044 -022 -057 +061 +084 +083 +032 +044 +050 -075 +081 -076 +036 +072 -028 -054 -048 -001 -030 -078 +048 -032 -073 -021 -046 +033 -044 -010 -086 +043 +020 +054 -007 -061 -078 -030 +052 +077 +007 -055 +055 +042 +062 +080 -024 +017 -052 -041 -070 +082 +023 +052 -057 +015 -056 -051 +061 -043 -087 -083 +072 +040 -088 +062 -022 +005 -047 -011 +020 -074 +064 +022 +004 +037 -005 +012 +031 +038
+041 -034 -081 +070 +067 +057 -018 +055 -068 +037 +000 -015 -017 -076 -087 +084 +075 -068 +064 +088 +020 -047 +043 -063 +032 +100 -038 -022 +004 -005 +056 +062 -013 +011 +023 +044 -025 +012 -086 +075 +066 -046 +086 -033 +033 +022 -002 +085 -004 -042 +023 +013 -062 -088 -026 -060 -004 -004 -002 -020 +100 +065 -045 -055 +087 -084 +085 +082 +051 +062 +048 -077 -015 -031 +002 -078 -041 +088 -001 -068 -007 +031 -011 -036 -056 -062 +027 -068 -014 +045 +065 -000 -063 -031 +003 +076 -070 -032 +080 -018 +045 -045 -045 -052 +021 -075 -026 -052 +087
+084 -001 -043 +016 +046 -086 +082 +088 -037 +023 +014 +002 -074 +065 -025 -082 +002 +061 -055 -065 -033 -050 -088 +087 -026 -076 -053 +003 +044 +058 +003 +018 -032 -078 -063 +034 -006 -044 -034 -052 +016 -008 -044 -046 -065 +058 -006 -083 -020 -000 +053 +057 -052 +048 +005 -027 -014 -032 -066 -000 +035 -058 -003 +073 +018 +012 +035 +033 -087 -042 -073 +035 -062 +056 +056 +020 +038 +045 -010 +044 -008 +053 -088 -032 +076 +042 -045 -038 -061 -040 +061 +060 -005 -062 +041 +035 +047 +076 +014 -016 +048 -052 -077 +061 -011 -068 +038 -022 -016
+064 +034 +087 +020 -050 -087 +031 +022 -047 -075 -046 +007 -064 +023 +023 +053 -051 +053 +048 -083 +003 +052 -036 -018 +076 -072 +052 +012 +041 -051 -036 +022 +050 +061 +000 +041 -000 +033 +005 -072 -051 +053 +006 +042 -072 +032 +001 -075 +083 -004 -037 +046 -062 -087 -048 +082 +067 -055 +058 -007 +086 +027 +046 -023 -068 -082 -063 +086 +047 +086 -013 +033 +021 -071 -054 +044 +076 +057 +074 +052 +067 -024 -045 +017 +047 +067 +033 +028 +048 -014 +004 +078 +081 +014 -054 +055 +057 -077 +007 +046 +022 -021 -056 -008 +036 +008 +027 +044 -034
-053 -058 +066 +088 +058 -055 +017 +082 -075 +051 +040 -003 -065 -062 -075 +036 -081 -062 +051 +016 -077 +025 +017 +024 +018 -037 +066 -015 -028 -062 +008 +072 +008 +063 +082 +020 -034 +008 +060 +025 +082 -065 +025 +044 +067 +076 +052 +035 -042 +021 -042 +008 +044 -070 +051 -078 -002 -033 +065 +027 -100 -070 -028 -047 -074 +007 +043 -076 -018 +076 -030 +008 -015 -051 +007 +085 +007 -077 +011 +038 +075 -021 +060 +035 +073 +035 +074 +051 +021 -002 -024 +065 -063 -030 -048 +010 +031 -052 +015 +066 -033 -074 -002 -021 +024 -085 -077 -012 +002
+045 -084 +048 +084 +005 +045 -014 -018 -023 -058 -021 +068 +084 +044 -064 -085 -088 +085 -038 +000 -030 -086 -023 +088 -058 +084 +022 -023 -083 +045 -006 +018 -066 -025 +025 -014 -057 -050 +055 -024 +078 +057 -057 +076 -041 -038 +036 +056 -071 -071 +063 -003 +052 +066 -000 +005 -005 -037 -060 -054 -061 -013 -051 -055 -063 -000 +046 -020 -008 -088 -044 +040 -000 +070 +030 -045 -075 +034 -035 +086 +048 +003 -023 -027 -027 -033 -034 +081 +013 -048 +047 -056 -057 +056 -056 -072 -008 -074 -020 +077 -042 -027 +085 -056 -055 +041 +046 -041 +006
+051 -072 +003 -083 +083 -083 -061 +024 -007 -087 +066 +043 -073 -044 +028 -054 +013 +047 +068 -041 +082 +041 -044 +007 -048 +078 -082 +021 +080 +072 +020 +082 -004 +025 +038 -006 -060 -052 +087 +078 -028 +002 +084 +008 +085 +025 -048 +011 +002 -057 -032 +024 -022 -042 +017 +021 +012 +005 +062 +036 +075 -021 +041 -007 +078 -045 +061 -040 -053 +085 +021 -072 +005 +032 +020 -017 +024 +008 -002 +017 +078 -011 -083 +067 -086 +026 +002 +038 +011 -072 +076 -022 -028 +074 +017 +024 +063 -052 +041 +054 +035 +072 -068 -028 -006 +034 +088 +052 +020
+008 +084 -031 +063 +041 -053 -032 +043 +072 +067 +010 -046 +078 -001 -071 -032 +042 +078 +037 -085 +084 +036 +088 -053 -021 -057 -066 +013 -050 +086 -028 -077 -100 -055 -032 +014 +056 +071 -022 -020 +046 +040 +085 -020 +077 +063 +036 +063 -068 +048 +004 -082 +064 +071 +038 +007 -016 +064 -016 -040 +038 +088 -002 -060 +037 +051 -086 -081 +040 -073 +007 +056 -050 -022 -058 +082 +084 -046 -054 +060 -071 -087 +003 -040 +073 -023 -078 -002 +085 +035 -033 +077 -066 +068 -084 -046 -081 +082 -051 -004 -034 -070 +075 +021 +011 +037 -006 +080 +041
+021 -070 +030 -022 -053 +004 -067 -028 -074 +075 +068 +026 +048 +053 -012 -053 +012 +038 -030 +043 +030 +077 +076 -063 -037 -026 +043 -078 +080 +004 +047 +058 -030 +045 +048 -002 -046 +044 -036 +028 -046 -048 -008 -017 -053 -060 -060 -078 +060 -028 +020 +031 +058 -002 +086 -086 -026 +024 +052 -008 +065 -024 +021 +081 +061 +006 +055 -033 -008 -002 +020 +081 +075 -087 -062 -088 -058 -053 -077 -086 -004 -076 +044 -043 -048 +080 +036 -082 +016 +078 +042 +077 +030 -042 +045 +041 +065 -044 +037 -018 -004 -073 -060 +052 +023 +084 +070 -018 +060
+064 -033 +060 +048 -001 -077 +087 -023 +068 +071 -004 +032 +014 -047 +011 +004 +016 -078 +017 -005 +018 -023 -033 +061 +027 -047 -005 +030 -052 -027 +036 -037 -003 -062 -076 -008 -013 +024 -065 +000 +067 -051 +043 -013 +061 +076 +082 +086 +033 +008 +002 -038 +007 +075 -077 +064 -010 -008 -010 +062 +014 -070 -013 -088 -051 -055 +046 -051 -067 -012 +062 +066 +012 +047 -076 -033 +077 +038 -018 +057 +026 +024 +087 +072 +033 +065 +085 +042 -034 +083 -067 -083 -071 +054 -042 +006 -061 -013 -055 -055 +003 -075 -022 +082 +004 +018 -065 +022 -022
+020 +015 -040 -032 -083 -003 +060 -008 -080 -080 +001 +023 -018 -068 -073 -065 +013 +020 -012 -031 -005 +075 -013 -028 -002 -042 +045 -036 -021 -060 -008 +062 +006 +034 -026 -043 -077 -003 +030 +010 -060 +018 +014 +026 -077 +077 +042 +064 -084 -051 +035 +065 -064 +023 -025 +020 -061 -071 -011 +037 -067 -077 +087 -038 -067 +022 +021 -005 -074 +063 -025 -063 +012 -052 -007 +050 +051 +002 -050 +010 +070 +003 -030 +066 -072 -035 -076 +076 +033 -001 -051 -012 +066 +037 -068 +084 +051 -043 +080 +017 +065 +027 +088 +015 +064 -058 +035 +083 +014
-013 +007 +068 +041 +031 -047 -011 +000 +028 +040 -088 +084 -042 -016 +030 +023 -034 +005 -020 +011 +013 +052 -018 -013 -034 +011 -042 +083 +000 +073 +000 -021 +063 -045 +088 +017 -081 +054 -025 -023 -016 +055 -062 -067 +003 -035 -055 +045 -025 +015 -017 +015 +070 +011 +084 -041 -057 -024 +061 -037 +028 -033 +060 -072 +063 -016 -077 -031 +073 -028 -018 +008 +066 -015 +028 -023 -058 -057 -014 -062 +073 -006 +023 +054 +021 -035 +043 -061 -022 -082 -081 -064 +036 -054 -060 -041 +044 +053 +054 -082 -070 -034 -017 -073 -032 -018 -076 +064 -054
-076 -026 +048 +015 -062 +062 -033 +078 +083 -040 +076 -088 -004 +046 +017 +046 +034 -085 +066 -064 -026 +026 -021 -046 +075 +006 -035 -031 +034 -065 -018 -024 +030 -081 -051 -086 +021 -058 +064 -028 -013 -080 -034 -050 +027 +087 -004 +031 +084 -067 +007 -023 +045 -051 -013 -022 +031 +067 -066 -007 +034 +056 +056 -037 -084 +076 +064 -016 +062 -050 -038 -044 +001 -037 -020 +033 +007 +013 +014 -033 +042 -037 -013 -064 +035 +005 +028 -024 +024 +044 +075 +014 -075 -035 -043 -066 +077 +082 +006 +038 -038 -014 -055 +062 +044 -041 +032 +044 -075
-038 +036 -037 -015 -085 -080 -022 -010 +032 -016 -064 +048 -081 +087 +001 +038 -036 -064 +074 -012 +047 +033 -013 -064 -001 -026 +050 +045 -088 +032 +054 +071 -055 -025 -088 -021 -048 -037 -056 -011 -026 +064 -043 -076 +000 +071 +023 +033 -063 +082 -081 -006 -050 -063 -016 +034 -080 +077 +036 -013 +006 -074 -050 -026 +081 +006 +053 -034 +071 -065 -030 +033 -042 +074 -063 -080 +046 -088 -080 -022 -007 +037 +017 -010 +063 -053 -072 -057 +073 -058 -016 -060 +031 +058 +003 +073 +023 -035 -072 +062 -000 +045 +082 -036 -063 +060 -032 +080 +018
+015 +000 +031 +040 -078 -072 -056 +016 -011 -088 -082 +061 -084 -004 -076 -010 -020 +058 +032 +017 -007 -061 +034 +042 +004 -083 +072 -017 +011 +045 -005 -012 -011 +050 -081 -030 -073 +002 -057 -066 -067 +050 +082 -022 +000 +060 -032 +020 -057 +042 +053 +017 -081 +036 +017 -021 +038 +086 +024 -081 -027 +036 +004 -020 -066 +076 -007 +078 +038 +037 +071 -011 +045 -030 -073 -004 -084 +060 -074 -066 +050 +080 -066 +055 +012 -077 -065 -064 -022 +058 +042 +070 +010 +010 -047 +031 +033 +068 +088 +087 -081 +080 -021 +065 -057 -050 -074 +044 +031
-010 -003 +044 +041 +000 +045 +047 -055 +044 +072 +081 -023 -070 -023 +075 -061 -100 -082 +074 +057 +014 -065 +025 -082 +074 +027 +030 -087 +067 -021 +082 +045 +061 -046 +026 -048 +078 -070 -085 -031 -047 -036 +044 -067 +064 -075 -006 +084 -063 -087 -072 +034 -000 +068 +016 +070 -004 +017 -070 -021 -083 -035 +022 +040 -013 +072 +043 +016 +077 +028 +074 -043 -083 +005 +054 -084 -054 -027 +061 +088 -008 +007 +055 -062 -001 +021 -026 -080 +006 +020 +016 -076 -036 +043 +025 +068 +084 -028 -023 -077 -011 -053 +045 +008 +076 +030 -035 -061 +027
-046 -066 +055 -034 -074 +051 +012 +042 +037 -068 -051 -046 +032 -048 +045 +016 +063 +061 +080 +023 +005 -004 -032 +082 +003 +054 -005 +012 -061 -064 -047 +053 -056 -060 -016 -083 -003 +064 +051 -031 +016 +056 +017 +087 +057 +082 -024 +043 +054 -071 -066 -034 -028 +051 -005 +083 +052 +041 -012 -054 +015 +075 -045 -064 -032 +048 +025 -005 +078 -013 +016 -037 -037 +005 -020 -022 +020 -043 -005 +033 -054 +025 +024 -084 -061 +058 -015 -074 +083 -008 +070 +016 +015 -016 +050 +013 +007 -000 +067 +068 +045 -004 -066 -017 +062 +006 -006 -004 +025
+002 +024 -062 -044 +012 +038 -073 -010 -071 +017 -068 -078 -026 +015 -027 +003 +055 -066 +061 +072 +087 -057 -027 -080 -064 -001 +086 +100 -007 +052 -052 -014 +047 +084 -070 -065 +067 -011 -004 +041 -028 -032 -002 -075 -015 +073 -015 +073 +038 -004 +008 -086 -040 +021 +051 +033 +086 +088 +056 -034 +008 +040 -037 +076 -016 -027 +017 +034 +071 -022 +013 -080 -088 +022 +003 +023 -040 -044 -065 +064 +026 +064 +056 +075 +050 -017 +076 +064 -038 -037 +076 -015 +086 +087 -016 +087 +051 -036 -000 +001 -058 -065 +087 -006 -035 -024 +081 +048 -061
-073 -075 -007 -053 -046 -073 +040 -042 +080 +056 +065 +023 +046 +030 +036 +055 -042 -060 +004 +040 -088 -030 +004 -043 +076 +014 -018 +035 +020 -005 +057 +080 -074 -018 +052 -028 -022 +020 -025 +038 -001 +028 -007 +062 +006 +030 -003 +083 +046 -057 -015 -005 -050 +016 -052 -072 -061 +062 -008 -060 +031 -054 +008 +075 -045 +041 +082 -044 +065 -000 +040 -082 +013 +005 +076 -032 -010 +008 +064 -015 +082 +076 +056 -006 -078 +005 +084 -017 -030 +048 -047 +024 +087 -078 -034 -035 -046 -006 +062 -086 +007 -067 -067 -020 -046 +032 +077 +047 -004
+064 -023 -055 +007 -051 +052 -000 +037 -037 +065 +033 -043 +070 -053 +023 +073 -081 +084 +080 -021 +068 -010 +061 +054 -082 -065 -004 -000 +064 +025 +068 +052 -034 +021 -002 -038 +077 +020 +008 +003 -024 +084 +036 +066 +045 +064 +100 +068 +053 -086 -044 -027 +085 +011 +041 +041 -058 +072 +050 +025 -088 +067 -088 +082 +023 -028 -065 -086 +035 +037 +042 +054 -066 -006 -085 -005 -024 -005 -024 +006 +004 -087 +025 -060 +008 -080 -032 -083 +066 -073 +067 -001 +000 +058 +008 -036 +040 +010 +015 +071 -077 +083 -086 -002 +022 +053 -024 +001 -015
-050 +084 +058 +087 +002 +012 -040 +065 -050 -054 +031 -041 -044 -083 +011 -046 -048 -030 +036 +038 -087 +006 -048 +066 +041 -037 +046 -087 -077 -015 -005 +034 +065 +020 +054 +024 +058 +025 +010 -002 -036 -063 +002 -011 +014 -061 +027 +050 -076 +044 +032 -002 +048 -051 +055 -028 +057 -067 +017 -031 +007 +063 +062 +046 -037 +030 +054 +000 +001 +046 -021 +056 -076 -028 +055 +075 -037 +055 -046 +047 +020 -082 +062 +022 -063 -010 +085 -031 -025 -078 -053 -068 -061 -058 -073 +001 -001 -048 +071 +022 -080 +012 -038 -082 +028 +017 -066 -026 +051
-056 -028 +018 +042 -035 +087 -031 -036 -066 -067 +067 +081 -000 +088 +070 -012 +045 -058 +020 +088 +000 +038 -031 -082 -001 -083 +080 -065 -086 -060 +068 +005 -088 +085 -045 +078 -064 -002 +066 -017 +000 +040 -017 -006 +014 -022 +080 +067 -005 -085 +017 +048 -036 +066 -063 -071 -047 +073 +036 -015 -073 +073 -044 +080 +013 -046 -075 +067 +042 +082 +011 +030 -083 -084 +084 +035 -057 +084 +047 -066 -043 -001 -040 -057 +012 +100 -061 -053 +063 -032 +026 +055 -070 -012 +100 +060 -056 -004 +004 +011 -015 -050 -026 +048 +047 +062 -054 +014 -010
