-036 -056 -006 -006 +052 +030 -017 +078 -031 +000 -030 -082 +024 +075 +007 +017 -054 -063 +077 -064 +048 -010 +078 +008 -063 -073 +075 +012 +075 -076 -034 +053 +020 -000 +007 -088 +074 +013 +004 -063 -016 +058 +083 -088 +046 -005 -008 -047 +063 -080 -087 -085 -074 -046 -075 +052 -031 +000 +068 +036 +040
-016 -030 +050 +078 +028 -016 +035 +035 -072 +051 +038 +068 -056 -037 +015 +022 -060 -040 -027 +066 -050 +060 +085 -058 +070 +033 +063 -063 -052 +052 +062 +070 -053 -076 -064 +023 -068 -082 -013 +046 -028 -077 +043 -057 -043 -023 -003 -005 -052 +032 -077 +001 -064 -036 +014 -011 -055 +086 -014 -051 -050
+067 -065 +035 -068 -004 -042 +030 -026 +020 +008 +083 +036 +034 -025 +013 -004 -070 +066 +056 -040 -055 -025 -064 +034 +041 -030 -038 +036 +036 -046 -070 +041 +086 +010 +045 +025 +035 +045 +023 +044 +081 -060 +021 -064 -017 +043 -006 -082 +045 +031 -026 +016 +032 +067 -064 -075 +043 -008 -050 -016 -012
-025 -088 -046 +040 -025 -048 +073 +046 +024 +031 +048 -076 -037 +035 -008 +032 -033 -064 -041 +080 +082 +000 -057 +078 +008 +017 -013 +061 -023 -021 -068 +022 +081 +037 -035 +030 +023 +004 -026 +022 -088 +022 -025 -023 +032 +043 -024 -022 -088 +041 +014 +071 -038 +037 +055 -077 -027 -084 -021 +067 -030
+086 +052 +071 -080 +067 -028 +047 +005 +007 +033 +018 -027 +006 +010 +023 +061 -064 +037 +073 +048 +072 +008 -033 +050 +072 -080 -075 +082 +086 +018 -014 -036 -042 -004 +057 -004 -036 -052 -076 +031 -048 -043 -018 -058 +026 +037 +011 +053 +068 -008 -068 +061 +088 +081 -058 +068 -013 +078 +022 +028 +058
+015 -044 -041 +035 -078 -087 -058 -020 +071 +001 +034 -024 +070 -004 +024 +072 +054 +035 +044 +036 -088 +008 -082 +035 -038 -047 -010 -024 +071 -036 -061 +077 +072 -042 -065 -036 -071 -030 +050 +022 -000 +054 +080 +002 -076 +011 -036 +083 +086 +083 -085 +086 -076 -038 +014 +070 +035 -050 -052 +024 -000
-013 +072 -043 -007 +043 -070 -070 -087 +000 -015 +033 -011 +073 -033 -060 -025 +023 -052 -046 -015 +076 +018 -027 +084 -030 -048 -018 -050 -083 -078 -037 +070 +042 +088 +070 -083 +017 +036 +016 +037 -077 -074 +086 -087 -067 -010 +031 -045 +031 +042 +014 -077 +044 -063 -068 +008 -084 +013 +051 +012 -083
+066 +021 +060 +013 -071 +072 -077 +087 +074 +087 -023 +071 +044 +071 -005 -057 +061 -063 +076 +044 -066 +024 -030 -028 -008 +016 -000 -054 +023 +002 +033 -043 -044 -004 -027 -035 +053 +055 +066 -040 +026 -043 -074 -071 -081 +065 +011 +025 -044 -076 -034 +068 -046 +078 +086 -001 +042 +011 -012 +055 -021
+080 -037 -063 +072 +047 +053 +062 +058 -062 +050 -043 +070 +012 -046 +081 -002 +054 -011 +005 -077 +088 +011 +007 -037 +018 -070 -025 -081 +015 +021 +060 +047 +003 -027 -044 -053 -004 +022 +087 +012 +041 +044 +068 -012 -011 -004 +088 +040 -058 -000 +006 -051 -006 -050 +032 +047 +070 +055 -053 -061 +054
+028 +005 -075 -024 -086 +052 -040 +010 -003 +060 -055 +077 -065 +041 +038 +034 +043 +011 -086 -085 -100 -024 +072 +073 -022 +022 -024 +063 -055 +066 +100 -053 +034 -057 -000 +075 -055 +056 +072 -013 +022 +038 -013 -018 +026 +007 +067 +045 +047 +037 +054 +006 -082 +086 +043 -080 -073 -038 -066 -056 -042
-042 +067 -066 +014 -072 +075 -023 -014 -053 -022 +078 -016 -067 -044 -066 +015 -056 -067 +002 +068 +033 +077 +002 -001 +054 -080 -086 -065 -070 +033 -043 +043 -011 -037 -081 +015 +086 -013 -044 -010 +012 +043 +043 -033 +011 +031 -006 -040 +043 +038 +065 -077 +077 +060 +016 -055 -060 +081 +073 -013 -030
-050 -046 -050 +000 -046 +080 +041 +077 +041 -086 +042 +012 +045 +041 -006 -035 +075 +084 +024 +051 -050 -077 -088 +071 -024 +020 +052 +021 +005 +006 -067 +042 +084 +042 +060 -056 -033 -042 -001 -002 +017 -083 -063 -050 -070 +023 +060 +046 -085 +018 +005 -043 -040 +084 +015 +023 -041 -065 -006 +002 -005
+088 -077 +077 -072 +024 +012 -080 -078 +064 +063 +044 +032 +065 -046 -001 -035 +078 -032 +086 +022 +056 -070 +077 +022 -087 +001 +058 -015 -076 -003 -028 -004 +067 -026 -025 -083 +025 -070 -087 +080 -073 +040 -066 +034 -003 +047 -033 -030 +081 -043 +008 -053 -065 +061 -077 -011 +021 -056 +013 +066 +073
+053 +003 +061 +026 +087 +011 +047 +002 +056 +035 -038 +035 +013 +042 -088 +067 +012 -012 -023 -016 -082 +041 -062 -033 +004 +060 -070 -086 +066 -061 +041 -015 -080 +044 -010 -018 +007 -057 -007 +082 -027 -014 +010 +042 +004 +063 +026 -031 -063 +005 +042 +026 +080 +025 -052 +026 -037 +004 +072 +007 +100
+028 +001 +011 -061 +058 -040 -071 +053 -047 +062 +037 +010 -045 +046 +073 -003 +074 +004 +003 +068 +011 +056 -083 +080 +016 -078 +057 -100 +087 -014 +006 +045 +017 -058 +008 -005 +008 +011 +060 -062 +077 +003 +028 +062 -076 +066 +043 -011 -008 +027 -034 +021 +027 +018 -083 +070 -075 +018 +064 +047 +004
-001 -068 -052 -031 +032 +068 -080 +026 -060 -071 +081 +040 +086 +074 +025 +084 -083 +057 +004 +073 -026 +058 -087 +027 -038 +088 +000 -077 -060 +082 -047 -014 -012 +087 +038 +028 -038 +012 -045 -053 +004 +048 +086 -081 +032 -034 -086 -065 +085 -012 -060 +065 +020 +043 -054 -010 -057 +036 -071 +054 +067
+062 -040 -073 +013 +044 +022 +077 -055 -070 +042 +032 +034 +017 +071 +035 +008 -068 -061 -040 -067 +015 +068 -010 -060 +034 +047 +078 -013 -080 -075 +027 -056 -076 +063 -035 -043 +023 +018 +001 -064 -012 -065 +028 +046 -044 +075 -007 -064 -067 +072 +017 +063 -062 -062 +006 +036 -088 +045 -014 -057 +050
+032 -011 -043 +084 -084 +037 +006 +043 -015 -002 +100 +063 +084 +065 -058 -003 +085 +015 -085 +075 -085 -014 -046 -052 +064 -076 +026 -067 +034 +082 +022 -027 -036 +068 -068 -031 +006 +026 -014 -083 +052 -012 +085 -012 +028 -084 +017 -017 -074 -036 +060 +077 -000 +007 -018 -030 +011 -052 -053 +074 +038
-081 -058 +086 +017 -085 +045 +072 +068 -043 +047 +001 -030 +013 -055 -022 -086 +001 -083 +067 -018 -012 -084 -008 +086 -048 -022 +078 -027 +021 +088 +058 -042 -088 -051 -051 -015 +041 +073 -061 -061 +023 +005 +044 +043 +028 -077 -044 +021 -065 -075 +041 -086 +001 -077 -072 +051 -072 -013 +003 +058 -006
+005 -087 +054 +033 -034 +073 -084 +036 -063 +004 -035 +024 -035 +060 +063 +040 +032 +061 -068 -036 +015 +057 +082 +063 +060 -041 +048 -018 -042 -030 -002 -076 +002 -082 +004 -071 -080 +012 -038 -058 -046 +061 -086 +055 +052 -044 -016 +046 +006 +036 -042 -088 +062 +060 -017 -085 +016 -054 +068 +034 +088
-006 +088 -018 +082 -054 +021 -066 -045 +053 +100 +015 -085 +004 -051 +021 -017 -070 -068 -085 +037 -031 +086 +062 -036 +020 -008 +068 +017 +052 -085 +046 +048 -077 -025 +018 +010 +024 -072 -042 +056 +083 -031 +062 -065 +020 +060 +028 +037 -043 -048 +058 -043 -016 -036 -015 -002 -054 +070 +034 -025 +071
-061 -005 -007 -065 +035 -034 +023 -050 +081 +018 +021 -088 +011 -034 +045 +088 +037 -084 +051 -052 +064 +071 +053 -082 +043 -013 -044 +077 +022 -050 -058 +014 -006 +078 +000 -035 -075 +041 -047 -054 +045 -070 +035 -036 -038 +055 -060 +032 +017 -068 -001 +073 -018 -004 -034 +064 +027 -036 -013 +087 +067
+014 +072 +065 -056 +058 +005 -016 +055 +075 -025 -077 -072 -054 +045 +086 -015 -088 +068 +034 -061 +062 -021 -050 -054 -084 -043 +067 +073 -022 +033 +026 +087 -057 -080 +005 -048 -064 +007 +052 -084 +013 -070 -037 +045 -070 -075 +064 +064 +088 +086 -020 -026 +038 -048 -040 -062 -014 -028 -084 +078 +051
-071 +083 -015 -030 -006 +006 -027 -087 +047 +063 -027 -053 +024 +040 +084 +077 +020 -028 -054 +050 +006 +005 -056 -071 +060 -020 +025 +026 -072 -085 -055 -063 +064 -086 +020 -014 -038 -073 +041 +042 -011 +011 -041 +015 -024 +067 +020 -036 +084 -027 +075 +026 -044 +080 -071 +001 +046 -014 -048 +076 +000
-058 +014 -018 -045 +085 -023 -017 -060 -073 -047 +035 +057 -024 -012 -042 +071 +036 -057 -058 -061 +036 -084 -011 +058 +036 +018 -066 +024 -024 +058 +014 -054 -100 +045 +051 -072 -080 -025 -050 -047 -006 +025 -036 +008 -026 +063 -020 -076 -037 +073 +028 +040 +086 +083 +021 +030 -064 -024 +072 -062 +044
-053 -017 +024 +068 +036 +041 -078 +011 -026 -023 +032 +000 -063 +048 -001 +001 +070 +027 +053 +025 +028 -004 +020 -082 -074 +100 -014 -043 -050 -071 -061 -055 -065 -067 -077 -002 +023 +040 -021 -058 +030 -047 -032 +053 +100 -048 +074 +030 +083 -027 -075 -001 -084 +023 -007 +003 -078 -000 -005 +067 -033
+065 +086 -018 -056 -023 +010 -085 -022 -016 -087 -017 -027 +053 -007 -000 -020 +052 -072 +060 -086 -035 -024 -010 +064 -021 -000 +036 +082 -022 +074 +058 -060 -018 -031 -066 +085 +050 +043 +077 -062 +017 +024 +006 -047 +068 +041 -020 +038 +082 -038 +041 -057 +050 +060 +026 -023 -048 -087 +082 +022 -015
-005 +012 +063 -062 +075 +034 +005 +070 +057 +056 -013 +055 -024 +023 +002 +027 +065 -042 -073 +032 +033 +035 -013 -011 +057 +057 +021 -043 +058 -028 -063 -055 +051 -018 +011 -055 +078 -060 -031 -018 -086 -070 +018 -025 +037 +038 +004 +031 -030 +070 -017 -011 -052 -006 +037 +015 -064 -035 -043 +035 -068
-037 -075 +018 -008 -061 +032 +024 -060 -030 -001 -002 +050 -021 +023 +004 +066 +070 -015 -071 -033 -013 -033 +033 -061 -062 -058 +053 +028 +041 +017 -085 -100 +063 +063 -062 +082 +060 +078 +054 -017 +008 -054 -062 +084 -034 +020 -085 -020 -052 +028 +027 -010 +065 -100 +047 -048 -020 -066 -034 -083 +001
+003 +002 -022 -083 -045 +065 +083 -058 +043 -042 +054 -034 +037 -077 -027 -045 +028 -044 +017 -045 -037 +011 -001 +022 +022 +014 -013 -023 +003 +088 -068 +076 +070 +068 +068 -036 +041 -041 +071 +065 +074 +005 +074 +018 +013 -004 -035 +040 -071 -035 -068 -057 +024 -080 -010 -065 +032 +056 -023 -065 +048
+062 +067 +081 +052 -060 -046 +001 -052 +082 -003 -027 +065 +071 -053 +085 -074 +005 +087 -058 -073 -066 +082 +087 -077 +055 -073 -024 -071 +042 +014 +041 +033 +037 -000 +070 -013 +076 +030 +067 -037 -034 +063 +072 -010 -066 +007 +034 +076 +021 +056 -083 -037 -060 -085 -022 +010 -073 +061 +015 +014 +005
-100 -070 +073 -055 +065 +002 +052 -005 -058 -061 -012 -075 -072 +035 +010 +011 -044 -061 +016 -047 +032 +015 -042 -045 -088 +074 -028 -026 +064 +037 -007 +013 -008 -015 +013 +013 +067 -017 +020 +004 +027 +043 +035 -053 +032 -073 -020 +070 +078 -052 +057 -082 +050 +083 +048 +013 -056 -060 -062 +065 -011
+088 +023 +011 +054 -000 +046 -010 -030 -010 +011 +022 -045 -072 +061 -035 +055 +084 +050 -047 -056 -073 -003 -033 +057 -014 -024 +014 -054 +074 -035 +046 -070 +026 -072 +046 +067 -072 +088 +063 -004 -050 -023 -064 -081 +005 -008 -026 -022 +007 -062 -003 +000 +027 -032 -073 +088 +068 +063 +006 -017 +063
-067 -002 -000 +034 +057 -065 +077 -072 +042 +025 -080 +030 +088 -085 -044 +030 -038 +063 -054 +056 +024 +051 +087 -050 +086 +044 +061 -042 -004 +035 +060 +020 +062 -032 +041 -077 +017 +024 -088 -012 +077 -021 +046 -012 -021 -022 -021 +021 -047 +024 +006 +008 -010 -013 +011 -031 +025 -025 +010 -080 -000
-038 -022 +045 -057 -055 +046 +081 +068 -007 -012 -005 -035 -028 +064 -085 +015 -018 -070 -027 +085 +078 +004 -048 -005 -008 -027 +003 +016 +086 +058 -041 -082 +006 +020 -042 +014 -080 -063 -000 -026 +022 +044 -058 +026 +082 +054 +023 +073 -067 +028 -057 -057 -023 +085 +040 -050 +043 -046 +000 +063 -078
+005 -063 +012 -075 -012 -018 -015 -068 -054 -070 -100 +054 +046 -055 +036 +005 -001 +036 -014 -026 +017 -085 -042 -082 -080 -002 -068 +057 +045 -073 -030 -030 -030 +031 +068 -081 -100 +053 -007 +062 +044 +084 -006 -026 +006 -084 -068 +071 -052 +052 +036 -025 -051 -005 +065 +072 +031 -080 -030 -024 -048
+004 +054 -021 +056 -012 +064 -010 -063 +014 -054 +008 +004 +068 -003 -088 +064 +028 -036 -034 +041 +041 +012 +027 +037 +023 -035 -007 -042 -006 -088 +058 +006 -070 -001 -088 +041 +052 +082 -072 +075 +015 +042 -011 -013 -064 -033 -051 -063 -016 +003 +050 -045 +028 +025 +037 +007 +000 -088 +013 +033 +074
-010 -024 -003 -008 +006 -008 -054 +003 +088 +031 +012 +068 +086 +036 +068 +016 +010 -014 -033 -070 +036 +036 +000 -061 -047 +076 -062 +013 +064 -040 -034 -027 -007 +058 +050 +084 +023 +036 -047 +045 +073 -031 +006 -010 -013 -064 +010 -073 +003 -031 +022 -031 +052 +000 +058 +023 +010 +072 +018 +062 +050
-036 +066 -037 -082 +036 +022 +076 -052 -088 +053 +036 -012 +012 -054 +082 -024 -081 -054 +058 -026 -083 +023 -008 +082 +100 +033 +024 -012 +067 -081 +064 +047 +065 -037 -033 -075 +074 +064 +021 -076 +003 +041 -047 -002 +005 +055 -057 -041 -062 -061 -032 +001 +051 -021 +027 -004 -066 -012 -053 +036 +068
+040 -036 -043 +028 +012 +087 +082 +015 -085 +012 -043 +064 +048 +063 +075 +068 -015 +020 +006 +055 -070 -084 -066 +073 +056 -025 +031 -008 -035 -060 -013 +086 -074 -077 -051 -003 +071 -004 +088 +048 +030 -001 -073 -025 -080 +018 +007 -055 +040 +085 -044 +076 +017 +040 +015 -074 +070 -074 -072 -016 +060
-078 -046 -080 +044 +002 -078 +058 +040 +061 +061 -015 -073 -008 +027 -068 +031 -020 -068 +047 +043 +012 +064 +003 +073 -047 -028 -064 +028 +011 -065 -056 -031 +065 +008 +054 +045 -045 +068 -040 -057 -013 -048 +031 +027 +024 +066 +071 -013 +052 +001 +041 -054 +075 +002 +025 -081 -075 -025 +064 -060 -073
+025 -072 +100 -014 -075 +081 +015 -026 -035 -064 +077 -058 +031 +080 +010 +021 +005 +004 -007 +006 -041 +011 +002 -002 -030 +073 +067 +086 +071 +018 -048 -014 +074 +075 +074 -034 -088 +060 -002 +031 +021 +030 +030 +014 +061 -064 +066 +061 -087 -060 -057 +065 -051 +012 -055 -080 -055 -080 -022 +046 -047
