+047 -020 +045 -011 -058 +000 +045 -065 +020 -064 -058 -004 +074 -028 -024 +076 +057 -050 -028 -061 +033 +023 +002 -005 -100 +065 +024 -063 -060 -016 -060 +054 -037 +027 +012 +035 +071 -047 +041 -017 -004 -032 +012 +073 -024 -036 -026 -053 -015 +022 -072
+063 -037 -047 -006 +013 +013 +042 -030 -058 +036 -047 +002 +041 +084 +051 +087 +072 -032 -087 +016 -074 +036 +067 -043 -063 -040 -034 -084 +054 -016 +015 +055 -052 +020 +013 -070 +081 -078 +026 -025 +075 +057 +064 +085 -075 -073 +057 +075 -056 -088 +026
+001 -085 +036 +076 +045 +040 -002 -052 +015 +010 +044 -032 -005 -023 -012 +066 +047 -006 +082 +010 +041 -086 +007 -056 -051 +083 -055 +054 -041 +053 +053 +072 -001 -016 -055 -062 +001 +053 -022 +070 -025 +033 +038 +077 +057 +071 +027 -081 -018 +044 +038
-022 -087 +065 +008 -060 +016 +066 -050 +075 -085 +043 +015 -027 +083 +053 +008 -015 +047 -038 -004 -060 -053 +041 +052 -024 +004 +011 -008 +056 -061 -088 +054 +005 +007 -038 +054 +001 +005 -006 -045 +072 -085 +002 +063 -005 +027 -053 +037 -038 -040 +084
-054 +015 -072 -032 +100 +038 +048 +053 -082 +076 +012 -004 +050 -026 -075 -041 -084 -074 +017 +011 -004 +010 +078 -073 +004 +058 -034 -084 +006 +061 -025 +080 -068 -023 +055 -054 +013 +066 -038 +080 +085 +011 +036 -066 -066 -081 -000 -038 +050 +017 -024
-048 -038 +070 -027 +013 +074 -068 -008 +034 +054 -083 +078 -046 +052 +002 -040 +065 -050 -054 +013 +054 -021 -080 -052 +051 -088 +075 -077 +031 -033 +011 +034 -046 -061 +025 -037 +076 -080 +047 +065 +001 +044 -056 +008 +026 -021 +054 -032 -071 -060 -043
-032 +053 +086 +054 -000 -085 -015 -013 -002 -083 +026 -008 -021 -048 -023 -071 +037 +001 +022 +041 -044 -056 -075 +026 -014 +031 -003 +072 +000 +053 +043 +034 -034 -054 -034 -068 -054 -031 +015 +042 -036 -026 +005 -024 -048 -037 -054 +087 +082 +021 +080
+052 +067 +017 -066 -066 -025 -002 +028 -035 +057 -014 +028 -038 +033 +001 +081 -030 +046 -005 +060 +047 -087 -006 +006 -002 +054 -085 +083 -013 +040 +064 -044 -084 +014 +007 -017 -022 +006 -084 -053 +064 +085 +057 -064 -100 +037 -024 +032 +078 -064 -068
-072 +023 -005 +030 +067 -064 +031 +070 +043 -046 -062 +088 -083 -035 -014 +056 +070 -030 +068 +063 +013 -063 +015 +056 -001 -041 +038 -007 -080 +055 -024 -086 -006 +064 -050 -003 -058 +048 -064 +035 +033 -088 +074 +075 -051 +017 +017 +073 -058 -052 -044
-022 -075 +007 +048 -080 -064 -082 -033 +023 +041 +032 -045 +073 -084 +057 -018 +043 -008 -071 -100 +033 -002 -015 +047 +055 +006 -058 +011 -053 -034 -043 -010 +014 +038 -046 -014 +004 +074 -051 -054 -034 -044 +037 +002 -047 -021 +015 -056 +076 +001 +013
-008 -062 +016 +022 +015 -058 +045 -013 -028 -018 -030 -005 +021 -046 -018 +001 -062 +007 +021 -032 -074 -010 +001 +020 -040 -054 -075 +052 -031 +063 +086 -001 +054 -058 -012 +064 -047 +031 +072 +018 -046 -018 -002 +024 +046 +078 +064 -037 +055 +035 +061
+028 +086 -024 -067 -057 -008 -012 -047 +024 -061 -067 +031 +038 -014 +022 -034 -015 -028 -026 -065 -008 +010 -034 -057 +037 -053 -047 -028 +060 +046 +026 -028 +025 -057 -037 -005 +025 +055 +087 -002 -051 -048 +067 +056 -005 -055 -035 -054 -060 +012 +047
+037 +013 -024 -066 +051 -002 -072 -060 +007 -088 -051 +013 -026 -063 +043 +051 +100 +027 -033 -017 -073 -045 -020 -062 -023 -052 -016 -062 -045 -058 -065 +053 +085 -082 -040 -032 +015 -066 +073 +041 +082 -045 +037 -024 -023 -018 -066 +062 +063 -078 -001
+022 +063 +065 -054 -070 +032 -058 -025 -062 -051 -032 +008 +076 -040 -047 -006 -034 -076 -048 -052 +054 +037 -067 +034 +034 +018 -045 -071 +001 +042 +010 +084 +022 +072 +053 -061 -064 +038 -042 +023 -083 +027 +005 +024 -056 -076 -050 +065 -025 +074 -067
+006 -015 -038 +058 -020 -022 +050 -081 -036 -024 -035 -076 +087 -040 -087 +076 +071 +070 -058 -003 +070 -082 -008 +038 -011 +016 +037 +074 -046 +072 -026 -083 -041 +033 +016 +000 +033 +050 -045 +011 +055 -086 -071 +066 +021 +055 -050 +086 -062 -005 +068
-041 -065 -062 -070 -084 +003 -070 +044 -056 +060 -011 -076 -064 +046 -082 +041 -068 -031 +052 +031 +077 -070 +034 -066 +043 -006 +024 -073 +013 +026 +024 -008 -042 +003 +030 +008 +038 +076 +010 +021 +014 +052 -038 -043 -018 +036 -022 -004 -042 +067 -087
+054 -084 +081 -100 -035 -030 +085 -063 +008 -021 -062 -051 +088 +042 -021 +048 +004 -010 -055 -088 -025 -056 -087 +011 -022 -051 -081 +015 -084 +034 -031 +015 +033 -040 -002 +011 -087 +081 +042 +085 +033 +075 +055 +047 -042 -061 +038 +073 +018 -030 -070
-010 -043 -028 +036 +038 -054 +028 -000 +078 -020 -043 +055 +078 +023 -054 -034 +021 +012 +073 -082 +046 -017 -044 -067 -056 +085 -047 +074 +033 -082 -063 -053 -028 -081 -043 +043 +075 +064 -044 +047 -046 +071 +003 -062 -062 -043 -086 +083 +061 -003 -030
-000 +034 +065 -046 -023 +057 +083 -023 +020 -063 -074 -030 +055 +078 -055 -065 +008 +065 +082 +052 -060 +054 +040 +031 +001 -034 +010 -085 +085 +025 -026 +015 +080 +042 +024 -042 -013 +004 +022 +033 +003 -003 -041 +048 +025 -032 -035 +035 -084 -046 -067
-061 -088 -010 +044 +045 -053 +067 +063 +063 +015 +070 +050 +050 -051 -073 -024 -010 -040 -020 +035 +040 -070 +083 -001 +011 -085 +018 -063 +061 -052 +074 -055 +026 +048 -004 +016 +065 +070 -024 +077 -017 -004 +060 +017 +065 +002 +051 -081 -017 +061 +013
+032 +077 +047 +068 +025 -083 +015 +011 -034 +011 -024 -068 +066 +056 +085 -041 +065 -017 +071 +053 +030 +050 +052 -007 +074 -046 -073 +071 +011 +046 +040 +043 -012 +015 +026 +067 -017 -003 +004 -085 -037 -074 -028 -048 +003 -070 +087 -075 -011 -058 +056
+057 +053 -063 -055 +013 +080 +100 -075 +100 -013 +016 -087 -024 -044 -031 +066 -003 -068 +045 +011 +024 +024 -025 +056 -063 +032 -085 -000 -063 +086 -058 +038 +087 +070 -044 +004 -056 +004 +043 +005 +027 +048 +048 -033 -078 -036 -066 -086 -010 -015 +033
+036 -032 -047 +051 +053 -074 +056 -088 -081 +082 -043 +031 +006 +035 -038 -070 -074 -024 -045 -027 -022 -005 -083 -004 -065 -016 +085 -031 +025 +043 +083 -016 +017 -071 -024 -076 +041 -028 -068 +005 +070 +084 -000 -006 +045 +044 -051 +053 +022 +081 -058
-085 +081 -014 +074 -041 -044 -001 -075 -044 +081 +047 +020 +076 +043 +072 +063 -031 -052 -071 -040 -072 +010 +007 +046 -058 +061 +014 -035 -048 -065 -067 +062 +010 +015 +023 +033 +067 +073 +022 -068 -075 +088 +038 -056 -000 -047 -037 +020 +010 -037 -076
+084 +068 +011 -032 -024 -071 -081 -006 -026 -088 +087 +070 +047 +070 -086 -036 -053 -025 +051 +021 +025 -037 -002 +083 +075 +050 +038 +013 -021 -063 +007 -047 -010 -074 -028 -063 -038 -041 -003 +002 +000 +055 -077 +063 -068 +010 -001 -028 -010 -046 +050
+071 +003 -002 +067 -078 -018 -023 -085 +026 -072 +035 -070 +083 -047 -004 -008 +050 +002 +053 +031 -080 +053 +086 -087 -065 -084 -002 +033 +072 +034 -060 -066 +081 -065 +074 +051 +034 -036 -070 -034 -071 +013 +048 -081 -013 -004 +037 +074 +084 +047 +050
-085 -060 +046 +075 +036 -030 -007 -046 -061 -081 -031 -020 -053 -028 -082 +011 -036 +001 -082 +061 +002 -040 +073 -040 -078 -005 -058 +002 -010 +015 -048 +018 +008 +040 -050 +055 -014 -082 -023 +073 -017 -035 +078 -043 +003 +057 -037 +052 -034 -056 -041
+056 +053 +070 -080 -042 +100 -034 -100 -058 -028 -046 -012 +060 +081 +032 +087 +002 -080 -031 -042 +021 -008 -081 -025 +062 +063 +007 +064 -026 +040 +001 +081 -083 +013 -061 +021 +044 +066 +005 -056 +012 +080 +074 +038 +075 -073 +028 -087 -037 +021 -011
+022 +047 +070 +060 +074 +020 +052 +085 -088 -001 +067 +021 -047 -054 +068 +084 +015 -072 +004 -020 -066 -000 -044 +011 +052 -083 -038 +025 +066 -036 +058 +074 -074 +016 -042 +046 +041 +018 +055 -022 -041 -043 -076 +082 -004 -030 -056 +058 +060 +028 -087
+087 -078 +038 +070 -063 +073 +087 +015 +040 -100 +082 -032 -000 +041 +083 -035 +015 -018 +050 -006 +007 -002 +048 -047 -006 -071 +041 -032 -013 +038 -047 +040 +072 -023 -064 -031 -032 -076 -071 +012 +017 +031 +068 +008 +001 -015 -080 +087 -061 +021 -087
-000 -027 +074 -034 -070 +025 -063 +026 -080 +012 -057 +056 -014 +063 -064 +036 -041 +006 -014 +084 -040 -088 +063 +038 -048 -035 -072 -064 -061 -054 +002 -002 +024 -053 -051 +082 +055 -011 +012 -038 -033 -076 -051 -024 -045 -013 -080 -060 +017 -066 +013
