+055 -046 +061 +028 -072 +055 +033 -021 +066 +008 +036 -045 +000 -003 +012 +051 -071 +027 +045 +036 -071 +045 +003 +043 +012 +023 +046 -068 -012 +023 +040 -028 -023
-065 -042 +028 +031 +045 +028 +074 -011 +037 +086 -082 +052 -050 -085 +047 -085 -071 +017 +060 +062 +040 -044 +038 -000 +067 +087 -033 +017 -006 +004 -053 +085 -015
+017 -054 +085 +038 +074 -063 +045 -075 -037 +066 -005 -011 -056 +002 -034 +071 -008 -086 +006 +051 -021 +002 -083 -087 -058 -082 +078 +041 -006 -057 +045 +013 -076
+086 -014 +043 +074 -024 -026 +064 -074 -024 +021 -026 -030 +075 -080 -054 -061 +068 +078 -080 +082 -006 +026 +007 -034 -067 -054 -024 +081 +008 +020 +041 +055 +010
-064 +056 +015 -072 +030 +015 -034 -023 -018 -065 -068 +084 +052 -055 +006 -010 -000 -054 -062 -075 +041 -070 +085 +050 +063 +082 +045 -080 +044 +020 +001 -003 -014
+001 +014 +061 -018 +043 -082 -070 -057 +044 -056 -061 -045 -086 -027 -027 -086 +043 -077 +074 -051 -054 +047 -074 +054 +067 +034 +012 +034 +076 +032 -028 -055 -002
+083 -087 -000 +037 -027 +083 +064 -026 -068 -025 -012 -032 -024 +021 +086 +038 +088 -062 +075 +088 -008 -072 +044 -076 -036 -027 +087 -056 +066 -054 -028 +040 -027
-005 +060 -083 +015 -066 +060 +031 -086 +068 -013 +007 +058 -012 -027 -066 +025 +008 -078 +057 +041 +054 -058 -033 +033 +043 -062 +042 +026 -016 +025 -013 -004 +014
+057 +067 -076 -066 -036 +014 +068 +005 -073 -024 -040 +071 +042 -025 -078 +065 +054 +087 -073 -015 +025 +054 +021 -068 +022 +051 +073 +026 +064 -080 -081 -015 +041
-001 +078 -040 +038 +043 +054 +067 +002 +028 -021 +024 +085 -084 +032 -078 -100 -040 +070 +056 -055 -083 -043 -010 -000 -082 +084 -083 +014 -010 -073 +018 -028 +058
-015 +087 +060 +027 -060 +055 +055 +048 +053 -085 +076 +087 -005 +005 -053 +067 -002 -008 +078 +036 -023 -042 +080 +015 +048 -002 +067 -030 -065 -058 -034 -043 +088
+078 -034 -036 -057 -061 -018 -065 -005 -025 +046 +085 -082 +043 -065 +033 -071 +051 -067 +063 +053 -010 +065 -007 +035 +056 +050 +050 +021 -051 +060 -084 +052 -040
+047 +040 +006 +004 -064 +055 -070 -032 -057 +041 -025 +040 +088 -043 +073 -081 -045 +088 -021 +087 -007 -015 +030 -051 -030 +013 +014 -027 -072 -050 -087 -074 +020
+031 +034 +045 +070 -051 +054 +063 -036 -047 +007 +032 +031 +066 +030 +048 +068 -031 -011 +074 -040 -000 +011 -045 +088 -070 -046 -080 -071 -005 +071 -022 +040 -100
-070 -047 +083 -057 -053 +042 -004 -018 -028 -067 -065 -020 +007 +004 +001 +061 +010 +007 -044 +064 -056 +085 +078 -062 -088 +040 +056 +012 +044 -001 +045 -051 -072
-050 +088 +061 -088 +047 -048 +027 -070 -041 -064 +003 +006 +074 -082 -051 -031 +086 -045 -082 +056 +083 -008 -045 +038 -060 +048 -081 -002 -060 +044 -008 +021 -016
+053 +082 +077 -072 -040 -063 +006 -080 -065 +084 -065 +004 +044 -031 -053 +033 +021 -010 +038 -023 +064 -010 +014 -085 +078 +036 -044 +004 +014 -052 -084 -085 -054
-076 +080 -068 +007 -083 +076 -054 +031 -048 +053 +052 -065 +083 -035 -016 +062 +100 -025 -010 +020 -062 -007 -077 +016 -010 -031 -005 +012 -028 +030 -012 -032 +022
-065 -076 +018 +033 -016 +011 +022 -034 -040 +002 -008 -021 -021 -073 +060 -038 +087 -008 -007 +010 -073 -066 -082 -010 -050 -025 -012 +062 -052 -003 +047 +075 +004
+002 -001 -004 +043 +013 -003 -028 -060 -006 -017 -028 +036 -033 +062 +026 -088 +026 -073 -030 +064 -050 -050 +017 -071 +100 -021 +052 +021 +080 +088 -033 -088 +083
-011 -036 +085 -015 +017 -024 +020 -041 -023 +006 -070 -086 -010 +042 +046 +047 +015 -051 +031 -000 -032 -076 -010 -085 +030 +020 -003 +051 -037 +038 +014 +068 +017
-041 +012 +066 -057 -038 +012 -045 -053 +057 -026 +078 +083 -070 -088 -011 -065 +042 +056 -003 +077 +016 +040 -033 -020 -016 +026 -041 -060 -067 +058 -008 +062 +057
+035 +007 -017 -027 +065 +044 +071 +083 +003 +011 -000 -080 -065 +080 -056 +073 +016 -000 -077 -056 -001 -036 -057 -041 +084 +016 -040 -018 -058 +047 -037 +028 +038
-004 +075 +010 -045 +016 -054 +045 +027 -062 -064 +038 -055 -044 +057 -080 -018 +087 +026 +035 +016 -033 -048 +052 +016 -071 -020 +023 -021 +045 -030 -036 +015 -058
+045 -024 -032 -048 -065 -058 +006 -023 -086 -008 -033 -017 +017 +087 -038 -045 +033 +061 +030 -074 -030 +032 -026 +057 +066 -003 +011 +007 +013 +064 +080 +074 +044
+054 +064 -064 +065 -014 +071 -023 -077 -001 -074 +012 +057 +024 +000 +013 -086 -068 +054 -056 +051 +067 -074 +056 +064 +021 -067 -082 -024 -068 +053 -031 +037 -005
-004 -068 +048 +038 -046 +037 +055 +035 -083 -023 -074 -048 -038 -074 -073 +081 -036 -033 +068 +018 +004 +085 -056 +023 +063 +000 -016 -033 -031 -022 -005 +000 +076
-005 -030 +076 -038 +073 +087 +018 +088 +066 -000 -056 -056 -083 +088 +068 +053 +041 +012 -046 -020 +022 -068 +061 -031 -065 -015 -046 +004 -050 -050 -000 +051 +040
+053 +057 +075 -063 -100 -003 +077 +012 -015 -068 +017 -084 -053 -083 +046 -083 +087 -045 +023 -041 -077 +066 -018 +080 +067 +050 -057 -050 +031 -038 +074 +004 -027
+057 -001 +073 +082 -083 +074 +086 +011 -086 -046 +062 -034 +082 +086 -047 +033 +003 +072 -014 +082 +027 +011 -083 -002 +087 -016 -010 +067 +086 +000 +058 -006 -056
-046 +083 +074 -066 -017 -006 -080 +034 +005 +007 +007 -016 +040 +004 -088 -040 -052 +085 -026 -031 +007 +000 +060 -048 -060 +073 +077 +041 +034 -083 +003 -022 -086
-065 -014 +065 -060 +083 +010 -051 -045 +068 -008 -044 -071 +064 -056 +042 +028 -020 +032 -077 -023 +028 -025 +026 -033 -066 -060 +013 +083 -031 +023 +035 +006 +056
-082 +038 +002 +041 +084 -030 -023 -037 +021 -085 +000 +042 -041 -057 +008 -072 +041 -081 +078 +012 +056 -051 +063 +064 +058 -003 -088 +048 +017 -046 +088 -003 +063
-027 +070 +050 +006 +005 -078 -035 +080 -021 +047 -007 -081 -076 -024 +045 +033 -005 +074 -046 +071 -064 -028 -014 -064 -066 +034 +035 -042 +032 -033 -084 +085 -075
-011 -032 -077 -051 -000 -026 +001 +017 +100 -000 +043 +042 -046 +048 -074 -055 -021 +082 +023 +064 -011 -033 -048 -027 +064 -034 +084 -033 +034 +054 +028 -082 +016
+044 +051 -056 -047 -078 -007 -060 +015 -055 -041 +058 +028 +007 +030 -081 +030 +020 -086 -002 -050 -073 +042 +003 -004 +052 -064 +087 +024 +047 -078 -037 -071 +041
-061 -064 -076 -012 +018 -012 +078 +072 +033 +027 -050 -046 +005 -100 -088 -055 +087 +084 -004 +078 -024 +067 -004 +003 +076 +086 +076 -035 +023 +066 -005 -070 +075
-016 -076 -008 -060 -063 +066 +054 +073 +048 -040 +023 +088 -065 +043 -077 -005 +022 +026 -075 -016 -027 +066 -044 +072 +000 +043 +032 +034 +085 +075 -060 -004 +068
+071 +051 +068 -045 +080 +073 +025 -038 -011 -065 +083 +013 +047 +010 -061 -040 +043 -031 +052 +064 +070 -068 -061 -048 -068 +050 -008 -045 -022 -018 -065 +041 +071
+071 -077 -012 -033 -004 +046 +026 -001 +077 +005 +058 -016 -058 -017 +021 -060 +004 +067 +060 +065 -040 +053 -025 +068 -036 -081 -083 +023 -085 -032 -063 -021 -045
-013 -017 -053 +072 +068 +021 -052 +000 -051 +036 -058 -021 +036 -005 +025 -040 -040 -057 +018 -073 +051 +085 -018 -016 -025 -037 -082 +034 +088 -077 -068 +085 +041
-045 +001 +021 +081 +036 +030 -062 -048 -006 +010 -023 -061 +020 -013 -045 -048 +084 +027 +074 +002 +030 -032 -067 +068 +083 +028 +017 -071 -031 -034 +057 +030 +010
-011 +002 +017 +072 +028 -035 +064 -085 +031 -023 +053 +011 -084 -030 +000 -088 +032 -016 +066 +068 +073 -018 +041 +022 -025 +081 +056 +071 +083 -058 +027 +002 +072
-075 +024 -030 -062 -062 +048 +004 -038 +062 +058 +056 -023 +068 +048 +034 -016 -055 +088 +065 -026 -076 +070 +081 -050 +022 +050 -080 +008 +045 +030 -080 -044 -034
-006 -058 +034 -075 -018 +060 -051 -006 -050 +078 +051 +063 -055 -022 +015 +071 -011 +008 +025 +046 +077 +000 +081 +005 +081 +068 -008 +052 +013 +088 +006 -040 -011
-027 -000 -043 -073 -015 +021 +064 +047 -054 +053 -057 -081 +027 -044 +030 +057 -061 -062 -010 -007 +062 -072 -051 +071 -004 +034 -002 +070 -055 +071 -033 -030 -061
+070 +018 +020 +027 -028 +063 +057 -002 +008 -001 +072 +088 +031 +007 +015 -000 -077 -026 -078 +086 -080 +088 +018 -088 +075 +007 -007 -088 +026 -048 -083 -026 -047
-064 +075 +044 +046 +027 +060 +080 -061 -071 -003 -072 -031 -025 -060 -045 -028 +050 +033 +060 +020 +013 -085 -001 -052 -051 +017 -005 -000 +048 -011 -010 -046 -027
+071 +035 -061 -001 -002 +081 +031 +014 +008 -012 -055 +066 +014 +087 +023 +063 +035 -012 -074 -012 +020 +032 +005 +025 -033 +084 +056 -024 -065 -067 -074 +007 +063
-056 +001 -042 +070 -002 -005 -051 +083 +004 -080 +041 -070 -076 +056 -012 +027 -002 -026 -074 -035 +000 -075 +057 +078 -026 +015 -068 +050 -045 +040 -011 -088 -068
-057 +040 -010 -023 -056 -004 +086 +055 -020 +064 -065 +088 -083 +088 -087 -072 +037 -008 -044 +032 -012 -047 +011 -010 +052 -045 -066 -030 +064 -018 -022 +053 -051
-000 -066 +068 +013 +000 +002 +055 -058 -073 +052 -023 -071 -016 +071 +083 +042 -010 +016 +071 +063 -077 +026 +028 +074 -036 +062 +032 +027 +030 -015 -041 -032 -006
-007 -084 -058 -046 -073 +070 -051 -084 +008 -038 -046 -087 -085 -004 -014 -000 -080 +060 -070 +015 -067 +057 -026 +002 -006 +087 +065 +056 -003 -075 +020 -000 +067
+084 +005 +086 +048 +002 -012 +088 -053 +052 -066 +073 +072 +087 -070 -006 +025 -048 -080 -014 -088 +025 -070 -087 -048 -076 +016 +032 +051 +018 -058 -002 -012 -070
-038 -054 +010 +002 +053 +083 -040 +052 -078 -063 -047 -002 +003 -088 +022 +037 -001 -027 -074 +067 -016 -060 +010 -052 -004 +050 -024 -068 -057 -013 -000 +004 +070
-071 -040 -020 +028 +074 -005 -081 -014 -030 -008 -071 +031 +011 -011 +078 +057 +026 -000 -037 -064 +047 +013 -057 +058 -027 -010 +052 +040 -056 +005 +054 +058 +065
+077 +061 -028 +015 +071 -083 -032 +070 -084 +035 -025 +053 +043 +023 -016 -087 -027 +006 -022 +005 -044 +057 -037 +052 -086 +006 +000 +020 -064 -083 +070 -051 -042
+015 +028 -042 -062 -075 +045 -047 -010 -070 -070 +060 -053 -033 +005 -064 +027 +011 -006 -006 -085 +083 -006 +055 +057 +006 -081 -068 -065 +065 -074 -001 +055 +085
-037 -030 -001 -056 -031 -001 +075 +016 -054 +070 +065 +061 -017 -060 +004 +081 -024 -030 +057 -052 -067 -021 -013 -050 +027 +063 -042 +000 -026 -015 +080 -044 +034
+031 -087 -060 -030 -052 +085 +081 +002 -033 -050 +071 +001 +045 -031 +042 -044 +037 -086 -056 +015 +033 -046 -028 +006 +023 -021 +037 +023 -075 +060 +058 -045 +024
+002 +053 +065 -044 +012 +055 +067 +006 -060 +060 -014 +003 -068 -040 -088 -008 +014 +067 +055 -033 -047 -036 +060 +056 +026 +038 +066 -020 +087 -033 -020 +027 +084
+060 +043 +006 -076 -041 +085 +011 +007 +076 +042 -032 -051 +070 -066 -025 -020 -017 -083 +050 -071 -025 -036 +023 -043 -075 -034 -048 +073 +020 +025 +032 -055 +033
-004 +075 +055 +086 +048 +078 +014 +022 -073 -043 -021 -070 +053 -074 -068 -087 -054 -040 +056 -014 -034 -071 -085 +055 -038 +027 +005 +008 +013 +040 +081 +024 -005
+062 +084 +028 -042 +066 -073 +060 -006 +075 -085 -050 -000 +054 -051 +042 -063 -062 +045 +060 -055 -061 +033 +015 +065 +063 -031 +058 -011 -088 -012 +082 +056 +032
-005 -075 -066 +004 -021 -058 -061 -028 +042 -060 -061 +044 +024 -015 +046 +087 -071 +014 -067 +012 -021 +072 +060 -075 +045 -035 +011 -070 +030 +071 -014 +006 -002
+024 +071 -075 -058 +031 -053 -073 -017 +071 +033 +010 -054 +078 -033 +021 +011 -068 -038 -012 -056 -013 +034 +085 -037 -088 -060 -046 -028 +083 +022 -050 +068 +003
+005 +033 -075 +056 +088 -014 +087 +018 -030 -084 -056 -070 -054 +006 +066 -037 +044 +021 +056 +071 -063 +024 +028 +035 +015 +051 +041 +033 +010 -053 -006 -073 +056
-051 +030 -076 -008 -026 -080 +084 -062 +012 -032 -082 -078 +020 +021 +038 -057 -044 -057 -062 -074 -041 -084 +010 +044 +008 +013 -035 -071 +072 -056 +015 -053 +053
+074 +071 -036 -008 -024 -011 +084 -072 +043 +073 -038 -012 +082 +027 -068 +072 +083 +024 +083 +071 +004 +083 -084 -004 -087 -041 -034 +058 +085 -056 +002 -058 -044
+008 +041 +087 +066 +041 +035 +038 -037 -021 +014 +041 -022 -087 +040 +007 +041 -044 +066 +088 +072 -074 -070 -025 +064 -070 -002 +010 +048 -000 -017 -041 -028 +050
+034 -064 +058 -033 -042 +076 +020 +100 +074 +040 +025 +061 +025 +015 -065 +077 +046 +088 -061 -014 -033 +032 -040 +002 -014 +077 +032 +062 -007 -023 -056 -015 +060
+082 -010 +037 -083 -041 -001 -058 -070 -084 +000 +071 -025 -016 -001 -025 -087 -037 +044 +031 +055 -004 -070 -057 -054 +060 +081 +060 +061 -086 -086 +023 -037 +030
+080 -065 +063 +083 +087 +011 +022 -045 +013 -078 -072 -016 +071 -056 +027 +026 +022 +010 +018 +042 +040 -000 +062 -056 +027 -003 +058 -047 +058 -075 +082 +065 +036
-041 -007 -024 -055 +073 -076 +082 +072 -040 -014 -031 -048 +042 +010 +008 +035 -028 -041 -047 -067 +048 +064 -064 -030 -064 -050 -078 +084 +011 +065 -021 +023 +058
-080 -047 +051 +014 +055 -035 +043 +078 +087 +023 -015 -070 -013 +005 -014 -060 -085 +001 +082 -016 +083 -028 +021 +076 -036 -044 -061 +027 -028 +002 +072 -075 +032
+055 +030 +013 +031 -023 -080 -056 +086 -002 +012 +030 -007 -082 +015 +066 +075 +017 +032 -045 -063 +013 +073 +044 -052 +086 -061 +020 -078 +070 -075 -010 +100 +007
+087 +073 -058 +056 -054 -084 -080 +066 +063 -042 +027 -077 -043 -073 -054 -042 -071 +082 -081 +036 -005 -077 -051 +021 +060 -003 -076 -068 +027 -031 -026 -054 -040
-012 +048 -038 -025 +013 -053 -011 -025 +063 -001 +033 +025 -071 -053 +047 -034 +021 +063 -030 +075 -053 -021 -074 +022 -075 +012 -044 -040 +077 +057 +083 -031 -048
-013 -003 +034 -008 +025 -071 -078 -042 +005 +010 +014 -011 -041 +060 -023 -036 +063 +067 -087 -088 -041 -050 +047 -008 -045 -071 -015 +068 -048 -000 +035 +043 -038
-088 -050 +010 +005 +007 +033 +068 +087 +047 -001 -051 -085 +028 -086 -023 -081 -044 -034 -048 +023 -012 -008 -073 +016 +075 -078 -022 -032 -013 -018 -068 +035 -008
-075 -031 -024 +071 -036 +020 +043 +015 -010 +062 +050 +021 -075 +027 -027 +083 -057 +011 +074 +080 +006 -050 -057 +034 -026 +031 -052 +032 +001 -043 +000 +081 -068
+040 -057 +016 -078 -012 -051 -005 -064 -008 +006 +031 -050 -086 +054 -063 +002 +020 +010 +043 -067 -023 -056 +030 +051 +065 +015 -033 -007 -000 +033 +025 -027 -026
+011 +072 +067 +016 +083 +011 -083 -041 -013 -088 -083 -058 +045 -026 -071 -003 -048 +071 -054 -072 -023 +023 -028 +022 +054 -081 -025 +027 -012 -012 -023 -052 -010
-031 -003 -010 -050 -056 -045 +068 -066 +077 +077 +016 -047 +030 -046 +060 +031 +021 +077 -010 +013 -073 -070 +082 +060 -056 +023 +011 -080 -086 -076 +074 -035 +048
-044 -043 +033 -012 +046 +042 +087 -021 -056 +080 +021 +011 -075 +003 +088 -021 +075 +044 -064 +067 -072 +015 -001 -072 +023 +074 -024 +016 +018 +083 -048 -022 +034
+028 -072 +028 +084 -005 -004 +030 +065 -066 +082 -008 +006 +027 +051 -036 -057 -040 -011 +038 +061 -037 -036 +014 +044 +016 +050 -056 +023 -085 -053 -016 +053 +087
-064 -013 -073 -087 -024 +023 +037 +032 +051 +076 +075 -044 -034 -045 +025 -055 -031 +061 +072 -042 -015 -034 -063 -040 +047 +002 +085 +061 +027 -055 -030 -066 +051
-024 +018 -077 -017 -016 -054 +072 -023 +044 -013 -056 -056 +066 +070 -015 +063 +070 +056 -048 +017 -065 -004 -078 -085 +004 -076 -030 -052 -022 -062 -013 +067 -066
-043 -036 +028 +074 +032 +052 +020 +067 +021 +045 -015 -086 -060 +031 +084 -045 +014 +084 +037 +071 +034 +024 -070 +032 +035 +070 -080 -016 +012 -041 -073 +041 +055
+034 +023 -032 +024 -086 +016 +034 +017 -053 -058 +076 +077 -006 +050 +076 +077 +063 +022 -080 -046 -022 +017 -057 -043 -020 +024 +078 -070 -060 -048 -060 +048 +084
+000 +076 -053 +003 -100 -044 -015 -080 +065 -035 -010 -063 -016 +045 +073 -046 +081 +022 -054 +050 +086 -100 -048 -065 +077 -023 +053 -071 -081 -037 -027 -060 -074
+068 +042 +001 -027 +065 -087 +053 -064 -072 -083 +040 -016 -086 -027 -087 +075 -024 -070 +043 +023 -001 +072 -046 +010 +071 +074 +000 -022 +081 +086 -003 -001 +058
-083 -000 +043 +023 +040 +044 +084 +072 -087 +020 -047 -046 +036 +075 +084 +036 +082 +022 -046 +007 -081 +066 -065 +057 -003 +030 -075 +077 +016 -007 -064 +021 +012
+042 -012 -068 -027 +082 -053 -077 -000 -064 -075 +054 +055 -072 +081 +046 +054 +040 -042 +057 +078 -063 +035 +057 +011 -066 -078 +061 -022 +058 -056 +001 +052 +012
-068 +081 +081 +022 -037 -064 -052 +026 -048 +021 +061 +078 -032 +008 +053 -037 -048 +057 +052 +073 -068 -044 -020 -085 +044 -077 -053 -033 -060 +082 -011 +040 +066
+024 -037 +024 +046 -084 +020 +077 -044 +036 -064 -076 +003 +087 -082 +044 -008 +081 -013 -028 -021 +030 +070 +072 -048 -073 +028 -065 -087 -072 -035 +011 +045 -061
