+051 -048 +025 -071 +058 +088 -014 -032 +036 -016 -041 +042 +087 -067 +035 +044 +067 -085 +053 -027 -001 +066 -070 +072 -085 +017 -085 +081 -068 +054 +013 -018 +028 -042 -081 -077 -085 -024 +081 -057 -087 -041 -014 -058 +034 -035 +070 +041 +011 +085
+060 +042 -037 +086 -024 -034 +054 +015 +037 -100 +064 -076 +082 -012 +067 +025 +025 +010 +065 -034 +022 +082 -036 +063 -046 -065 +003 -063 -040 +004 +012 -045 +048 -001 +007 -076 -073 +065 -086 -053 +028 -080 +018 +080 +086 +063 -013 -045 -025 -058
-085 -006 -068 -021 -021 +077 -000 +083 -006 -041 -078 +010 +063 -012 +008 -086 +010 -073 -065 +007 +045 -014 +068 -053 +086 -056 -012 +011 -074 +027 +036 +076 +054 -088 +000 -041 +050 +085 -042 -030 +047 +023 +030 +037 +046 +071 -051 +037 -037 -086
+001 +063 +088 +054 +062 +030 -036 +003 +080 +055 -062 +010 +027 +015 -025 +080 +075 +083 -053 +026 -032 -052 +078 +014 +040 -100 +057 +047 -017 -044 +023 -018 +070 -008 -076 -020 -031 +088 -081 -030 +078 -067 -053 +065 -031 -012 +050 -087 +016 -036
+086 +065 -030 -002 +084 -057 -044 -007 +068 +063 +087 -026 -011 +066 +031 +082 -085 +043 -003 +012 -013 -067 +077 -006 +057 -060 -086 +070 -078 +032 -041 +024 -035 -060 -035 -031 -088 +042 -058 +025 -003 -004 +014 +052 -042 +040 -088 +008 +017 +012
-010 -064 +048 +028 -011 -058 +037 +074 -050 -062 -021 +012 +051 -032 -046 -033 -016 -077 +047 -014 -037 -006 -064 -007 -031 -078 +041 +075 +021 -020 -086 +068 -057 +064 +061 +074 +057 -076 +014 -005 -063 +013 +008 -065 +062 +012 -030 +061 -044 -026
+061 +011 +075 -006 +003 -077 -073 +048 +051 +044 +030 +063 +037 -011 -080 +014 -035 +085 +002 -017 -002 -001 +048 +044 +026 -088 +028 -051 +025 -022 +044 -080 -081 +007 +062 -052 +038 -003 -034 -032 -042 +074 +004 -054 +048 +004 -053 +056 -080 +054
+045 +040 +008 -050 -070 +051 -062 -100 -063 -082 +073 -000 +031 -031 -053 +082 -003 +006 -075 +025 -026 +086 -043 -041 -082 -028 +078 -070 +051 +082 +004 +072 +017 -023 +030 +052 +071 +047 -072 +055 +026 -024 -066 +052 -062 +018 +068 +051 +015 -083
-015 -044 -018 -072 -043 -068 +005 -016 -000 -033 -014 -048 -046 +078 -075 +036 -071 +041 -075 -022 +014 -078 +043 -047 -070 +013 +076 +067 -055 +021 -067 +008 +007 -078 -084 +073 -011 -034 +037 -031 +021 +078 +084 +004 +031 -006 -033 +066 -100 -055
-016 -047 +008 +004 -075 +010 -076 +052 +024 -084 -060 +056 +031 +054 +002 -054 -075 -026 -088 -032 -074 -013 -008 +035 -011 -073 -077 +078 -025 +073 +046 +037 +074 -045 -080 +026 +002 -066 -071 -012 +078 +070 +046 -024 -003 +056 -023 -064 -023 +000
+034 -074 -055 +041 -074 -002 +032 +073 +070 -073 -083 +031 -078 -047 -015 -080 -064 +074 +014 +062 +045 +076 -037 +030 +030 +018 +070 +074 +023 -058 +026 -035 +084 -017 +016 -068 -038 +008 +003 -003 -046 +014 -060 +001 -063 -047 +053 +023 +077 -027
+038 -043 +001 -085 +072 -027 -011 -071 +038 +045 +082 +035 +068 -036 -072 -003 +083 -041 -031 -007 -004 -041 -030 +043 -031 -025 +014 -000 +070 +052 +048 +048 -037 +015 +041 -052 -033 -006 +082 -053 -068 +005 +014 -024 +053 -023 +048 +080 +005 -000
+040 -026 -075 -081 -043 +073 +035 +041 +027 +032 -088 -066 +058 +033 +034 -075 +008 -051 +022 -030 +038 +044 +027 -001 -008 +065 +040 +085 -002 -035 +003 +007 -070 +022 -046 -082 +088 +030 -051 +045 -000 -073 +000 +058 -032 -015 -064 +078 -025 +060
-064 +061 +040 +043 -018 -026 -084 +076 -063 -083 -033 -045 +023 -084 -028 -071 +032 +030 -015 -033 +053 -054 -088 +056 -006 +063 +057 -016 -076 -024 -011 -066 +056 -042 -020 +023 +038 +055 -087 +045 -077 -013 -053 -037 +004 -073 -034 +027 +041 +015
-026 +076 -037 +020 +085 -081 -063 -087 -071 -025 -054 -007 -078 -065 -013 +000 +078 -081 +054 +005 -028 -066 +068 -076 -084 +015 -026 +082 -078 +015 +077 +043 +013 +032 +033 +042 +032 +042 +000 +044 +053 -066 +100 -013 +071 +073 +085 -041 +017 -004
+058 +016 -016 +068 +023 +026 +021 -070 +013 -020 +023 -050 +068 +060 -006 -087 -078 +000 -072 -013 +017 -037 +061 +064 +034 +041 +100 +046 +074 +053 +017 -088 +032 -053 -050 -047 -032 -018 -052 -074 +051 -072 -004 +052 -048 -065 -002 -067 +022 -050
+043 +047 +018 -036 -021 -086 +031 +006 -053 +068 +087 +070 +007 +038 +084 +017 +025 -066 -086 -054 +055 +046 -011 -010 -011 -085 -057 +022 +065 -088 -027 +073 +016 +087 +065 +066 +081 -055 -037 +030 +082 +076 +064 +061 -033 -040 +057 +038 -060 +024
+040 -072 -002 -074 -061 -000 +087 -032 -037 -010 +050 -034 -051 +033 +023 -055 +020 +022 +077 +011 -066 +051 +075 +083 -018 +063 -084 -000 -026 -076 -035 -030 +064 +033 -000 -050 -006 -078 +051 -078 -100 +056 +072 -085 -042 +035 -015 -008 +020 +047
-050 -074 -040 +077 -026 +060 +058 +020 +027 -037 +036 -018 -083 -083 +024 +045 -056 +066 -020 +064 -064 +055 -025 +046 +030 +070 -017 +045 +061 +050 -017 -063 -040 -040 -083 +081 +066 +052 -074 +004 +043 -050 -032 +072 -042 -030 +048 -065 +031 +068
-007 -017 -055 +056 +031 -020 +085 -005 +051 -034 -006 -064 +020 -062 +075 +078 -013 -014 -078 +044 +007 -076 +026 -047 +034 -024 -050 -080 -046 +011 -061 -078 +061 -057 -001 +028 -026 +023 -078 -005 +084 -064 +076 -000 +072 -000 -068 -006 -078 +014
+076 +055 -063 +066 +002 +021 -021 -021 -077 -083 -083 +034 +064 +030 +033 +044 -012 -057 -053 +036 +051 -088 +070 -042 -025 -046 +050 -056 -021 +008 -026 +075 -057 -051 -038 -028 +032 -041 -077 -035 +020 +035 +036 -075 +018 -023 +008 -014 +073 +081
+072 -036 +052 +026 -062 -037 +051 +085 +086 +012 -005 -052 -052 -056 -051 -042 +081 +047 -064 +031 -067 -062 -040 +016 -060 -068 -062 -037 -021 +037 -067 +047 +088 -034 +027 +005 -041 +077 -064 +068 +066 +080 +031 -011 +086 -074 -044 +022 -028 +011
-042 +046 +081 -054 -017 -003 +022 -061 -061 -071 +054 -028 -053 +005 -061 -073 -024 -010 -026 -004 -035 +044 +002 +027 +012 -060 -070 -058 -010 +046 -085 +070 +046 -011 +086 +012 -042 -057 -025 -047 +088 -027 +058 -056 -008 -066 +028 +065 +006 -050
-001 +073 -086 -045 -025 +058 -015 +066 +084 -064 +066 -038 -003 +076 +086 +066 -075 +052 +050 +086 +076 -003 +060 +061 -022 -065 +050 +042 -001 +017 +005 +046 -064 -072 +011 +074 -015 -060 -067 -038 +071 -003 +008 +055 +035 +070 -032 +066 -014 -038
+051 +071 -021 +031 +026 +038 -063 +067 -072 +045 -007 -063 +086 +061 -034 +027 -000 +082 +086 +014 -067 +004 -042 -046 +084 -035 -080 +057 -072 -027 +066 +051 +014 -054 +072 -073 -075 -050 +060 -032 -022 +075 -063 +013 +036 -076 -072 -078 +080 -084
-003 +021 +085 -054 +043 -062 +035 +080 -018 +064 -015 +056 -057 -052 +046 -031 -004 +056 -026 +068 -030 +036 +025 -015 +052 +011 -074 +082 +030 -075 -051 -035 +048 +085 +074 +077 -088 -087 -013 +024 +024 +001 -078 +073 +017 -078 -038 +013 +043 -033
+008 +025 +072 +046 -028 +041 +030 +056 +075 +017 +087 +021 +082 -073 +041 +051 -061 -085 -075 +067 -023 -060 +012 -035 -010 -030 -041 -038 +065 -013 +021 -036 +062 +050 +037 -027 +088 +038 -100 +016 -043 -024 -001 -074 +048 +042 -064 -085 -072 +001
-050 -013 +073 -032 -007 -077 -066 -034 +008 -078 -025 +083 -047 +022 +086 -063 -016 +048 -024 +002 +012 -001 +058 +040 -065 -058 +047 +075 -066 -026 +035 +007 -004 +013 +036 +028 +058 +085 -053 +044 +100 +041 +084 +046 +001 -084 +057 -083 +036 +077
+046 -037 -031 -040 -088 -078 +001 +077 -061 -017 -004 -022 +022 +080 +018 -026 -006 +021 -010 +033 -065 -025 -053 -045 -044 -064 -007 -083 -075 +071 -053 +080 +053 -002 +051 -055 +051 -084 -044 +033 -076 -007 +056 -058 -071 -046 -030 +046 -052 -035
-016 -006 +085 -004 +003 +072 -043 -037 +065 +054 +052 +073 +087 -086 +044 -047 -011 -044 +037 -072 -066 +016 +013 -086 -017 +066 -087 -006 -037 +003 +072 +086 +067 -051 -002 -021 -084 -000 +005 +016 -016 +014 +028 +082 -037 +053 +025 -052 +056 +084
+058 -074 +081 -004 -001 -085 -024 -081 -042 -062 +025 +020 +052 +022 +065 -065 +030 +087 +058 +055 +028 +062 -081 -023 -053 +063 -081 -074 -027 -077 -056 +087 +063 +002 +036 +061 +040 +083 +024 -078 -084 +027 -025 -066 +052 -075 +060 +074 -065 +056
-075 +055 +010 -058 +072 +014 -046 -047 +083 +055 +064 +052 -002 +001 -014 +045 -033 +056 -042 +078 -047 +035 +014 +045 -037 -027 -045 -052 +021 -063 -027 -036 +005 +073 +080 -002 +040 -088 +068 -021 -082 +044 +013 -058 +028 -018 +048 -044 +071 +022
+043 -047 -016 -022 -086 -061 -064 -048 -066 -001 -031 -073 -066 +063 +031 +075 +004 +080 +061 +054 -022 +028 -083 +074 -005 -018 +077 -042 -037 +035 +030 -088 +048 -003 +056 -070 -061 -067 +008 +036 -037 -023 +087 +066 -031 -030 -071 -021 -025 -052
+002 +066 +020 -085 -084 +048 +055 -028 -013 -055 -008 +066 -003 -065 +020 -054 -014 -016 -058 -020 -023 +076 -027 -056 +014 +030 +076 +060 +026 +017 +064 -082 -000 +062 -022 +008 -081 -010 -035 +000 +037 -078 +070 +058 +064 +057 -046 -084 +070 -065
-015 -054 +060 -031 +057 -074 -056 +083 -088 -033 +087 +082 +083 -056 -000 -048 +012 +012 +047 -032 -072 +011 +081 -021 -063 -025 -044 +067 +022 +031 +060 -068 -081 +018 +015 -086 +041 +037 +017 +005 -016 -032 +062 +075 -052 +018 +010 +030 +064 -080
-005 -067 +052 +064 -048 -026 +028 -011 +082 +035 +086 -013 +004 -080 -001 +021 -042 -046 +061 -078 -007 +048 -054 +008 -053 +037 -070 -056 +025 +087 -065 -084 +014 -054 +073 +031 -055 -034 +047 -013 +063 -052 -042 +087 +072 +051 -080 +087 +063 +080
+063 +054 +064 -082 +085 -085 -033 -072 -013 +085 +013 -020 +048 -002 +011 -057 -004 -027 +021 +072 +000 -027 +082 -042 +064 -048 +074 +015 -001 -050 +022 +046 -061 -061 +052 +076 -085 +054 -078 +010 -088 -065 -050 +043 -043 +031 +011 -003 -088 -025
-027 +036 +047 -057 +085 +076 -046 +035 +053 -036 -005 -063 -053 -001 +053 +088 +062 +057 -023 -046 -007 +018 +076 +034 -087 +042 -016 +053 -023 -073 +055 +007 +080 +041 +055 +041 +016 +028 -046 +064 +063 -071 -033 -067 +027 -063 -011 +008 +076 -055
-026 +018 +062 -011 -053 -085 +024 +077 -080 +010 +026 -061 -080 -015 -033 +001 -016 -050 -087 +004 -036 -042 +055 -055 +064 +003 +050 +073 +068 +008 -045 -000 -057 +076 +033 +051 -060 -014 +085 -070 -041 -022 +083 -025 -086 -047 +074 +033 +046 -044
-061 +020 +028 +057 -042 +047 -038 -015 +025 +082 +058 +048 +088 -063 -007 -008 -060 -053 +011 -026 +032 -008 +027 -032 -077 -074 +087 +080 +072 -037 +015 +022 -018 -070 +055 +054 -063 +100 -043 +071 -045 +085 -034 -056 -008 +068 +051 -081 -063 -045
-068 -080 -006 -054 -008 -038 -010 -086 +033 -010 -058 +041 -004 -041 -075 -065 +037 -042 -010 +083 -077 -042 +030 -068 +077 +082 +027 -070 -015 +025 -073 -012 +067 +083 -088 +034 +054 -037 -038 -073 +082 +055 -004 +023 +077 -080 -050 -001 +006 -035
+031 +055 -051 -084 -004 -061 -024 +003 -043 +070 +033 -022 -032 -047 +046 -004 -014 +078 +028 -054 -046 -068 -061 +054 -054 +073 +021 +046 -016 +067 -001 -063 -062 +045 -024 -026 +011 -038 -041 +028 -010 -035 -055 -065 -077 +088 -071 -040 -085 -042
-041 +051 +043 -071 -065 -081 -027 +006 +083 +014 -053 -023 +058 +064 +036 +041 +083 -077 +031 +075 -053 +070 +071 +001 -017 -006 -073 +053 -041 +002 +086 -077 -036 +023 +000 -005 +012 -010 -068 +032 +084 -060 -047 +002 +010 -012 -006 +051 -033 +057
-020 -042 +033 -004 +087 +015 +052 -081 +021 +064 -080 +028 +082 +070 -003 +036 +043 -081 +007 +051 -045 +080 -018 +044 +086 +026 +020 +065 -018 -030 -084 +014 -011 -043 -066 -053 -035 -084 +005 +031 +054 +041 +011 -074 -068 -083 -056 -058 +001 +052
+084 -006 -054 +074 +053 +028 +080 -015 +060 +027 +067 -044 -057 -065 -015 -002 -057 +045 -008 -014 +037 -047 -035 -064 +021 -044 +023 -032 -074 -070 +021 -060 +048 -077 +087 +052 +002 -025 -054 -020 -025 -020 +012 -047 +082 +038 +026 -082 -031 +035
-015 -014 -068 +060 -056 -074 -068 +041 +026 +002 +084 -075 +021 +057 -060 -001 -041 -012 -080 +076 -027 +035 -000 -078 -030 +034 +072 +023 -012 +064 -064 +052 +026 -013 -016 -031 -052 -040 +088 +082 +078 -038 -055 -046 +057 -080 -017 -030 -071 +061
+042 +068 +043 -073 +080 +052 -083 -005 -004 -005 +003 +078 -024 +017 +040 +054 -014 -030 +062 -022 +074 -078 -080 +002 -052 -030 -018 -024 +050 -034 +070 +065 +053 +088 +078 -000 +016 -084 -074 -042 +017 +037 -061 +017 +032 +023 +047 +020 +003 +031
-040 +025 +064 -080 -012 -023 -070 -001 +075 -017 +048 +023 +073 +000 -047 -025 -017 -031 +047 +046 -072 -057 +051 +077 +037 +057 +081 +001 -015 +087 +062 +064 -000 -036 -050 -073 -040 +061 -053 -022 -063 -087 +024 +018 -063 +043 +060 +088 -083 -067
-057 +036 +030 +085 +003 +036 -061 +002 +055 +030 -004 +076 -045 -017 +056 +023 +068 -040 +054 +031 -077 -016 -056 -027 +036 +047 +087 -000 -015 -012 +024 +013 -022 -026 -000 -027 +064 +085 -061 -018 +082 +071 +008 -062 +031 +042 -071 -007 -058 -064
-076 +042 +067 -058 -061 -046 -028 -086 -076 +063 +032 -076 +054 -060 +036 +001 +078 -013 -043 -012 +066 -073 +002 -071 +025 +042 +080 -080 +035 -062 +077 -025 +003 +034 -022 -018 +082 -036 +070 +088 -088 +022 -052 +026 -008 +063 -003 -018 +057 -077
+073 +037 +043 +012 -021 +071 -073 -063 -004 +073 -050 -034 +083 +034 -010 -045 +014 -086 +100 +007 -024 -047 -060 -061 -025 -047 -000 +087 +050 -000 +047 -031 +015 +085 +036 -050 -051 -003 +034 +005 +010 -037 -076 -063 +000 +020 +084 +037 +074 -062
-084 +085 -028 +013 -047 -048 -013 +047 +034 -072 +047 -055 +040 -060 -085 -023 -083 -014 +073 -083 +032 +031 -030 -073 +024 +021 -001 -076 -001 +071 -008 -076 +028 +063 -004 -075 +077 -066 -067 -073 -008 -014 -080 +076 -015 -065 -012 +057 +055 -015
-040 -022 -071 -100 -058 +081 -003 +058 -088 +074 +054 +040 -020 -031 -063 +012 +018 -068 -040 +038 +054 -036 +080 +100 -050 +036 +065 -035 -031 -035 +002 -072 -033 +084 +035 -044 -066 -038 -013 -017 -042 -043 +077 -080 -046 +085 +068 -015 +025 +024
-000 -050 +007 +007 -074 +028 -034 +035 +011 +054 -083 -017 -046 -047 +046 -065 +065 -000 +080 -067 -060 -040 -028 +016 +087 -038 -010 -015 -027 -056 +025 -083 +067 +030 +054 -066 +048 +030 +073 -037 +060 +001 +083 +075 +082 +041 +042 -017 +068 -074
-026 +020 +018 -085 +083 -021 +000 -047 -046 +066 -005 +076 +085 -062 +054 -057 -071 -084 +056 +041 +002 +014 -064 -053 +071 +084 +002 +032 -003 +080 -066 +070 +076 +014 +038 -074 +075 -074 +044 +063 -013 -011 -042 -080 +056 -084 +053 +083 +048 +075
-020 -071 -023 -031 +010 -020 +006 -016 -003 -057 +005 +084 -047 +017 +011 +072 -025 -087 -076 +045 -067 +067 -065 +042 +004 -036 -081 -042 -082 -063 +004 +012 +028 +005 -086 +081 +076 -035 +023 +042 +074 -017 -027 -050 -061 -060 +017 -085 -046 +013
+044 +077 -054 -011 -100 -056 -055 +026 +042 +026 -080 -081 -015 +066 -062 -047 +030 +053 -082 +085 +048 +061 +062 -050 +088 +034 -042 +042 +036 -001 -044 -080 +057 -018 +100 +055 +084 -014 -022 -015 +056 -083 +056 +061 +026 -023 +004 +042 +037 +012
-026 +067 +100 +100 +006 -061 +001 +064 +037 -006 +086 +074 -066 +053 +025 +088 -032 -061 +054 -052 +032 +068 -088 -007 +071 -042 -088 -074 +051 +052 -084 +086 -014 -064 +033 +051 -081 +014 +017 -037 +074 +072 +008 +035 +002 +021 -072 -041 -022 -017
+010 -072 +087 +080 +046 -026 -084 +087 -037 +031 -082 -037 -067 +066 +003 -076 +002 -013 -050 -078 -042 +000 -077 +023 -062 +008 +073 -083 +054 +073 +003 -020 +047 -072 +014 +050 +088 +084 -008 +071 +063 +022 +073 +062 -055 +054 -034 -082 +033 -053
-071 +004 +035 -050 +087 -078 +051 +041 -072 +056 +007 -074 -077 +015 +004 +052 +100 -070 +006 +065 +088 -041 +038 -047 +016 -016 -008 +087 -015 +025 -043 -038 -072 +086 +067 +003 -048 +065 +001 -062 +034 +021 +076 -025 -007 -004 +088 -064 -048 +054
-032 +035 +053 +036 -030 -078 -010 -067 -007 +074 +053 +056 +077 -004 +022 +088 -037 -088 -013 +014 +028 +012 +073 +074 +010 +017 +072 +018 -043 +076 +055 +011 -032 -064 -072 -050 -010 -016 +004 +081 +043 +011 -080 +064 -035 -012 -038 +050 -080 -088
+057 -011 -024 -021 +003 +043 +054 +044 +027 +073 -040 +014 -068 -062 -041 +056 +067 +062 +071 -016 -028 +068 +081 -062 +041 +032 +041 -085 -041 -021 -088 -003 -024 -063 +021 -060 -061 -030 -000 +010 -081 -025 +022 -068 -054 +028 +050 -075 +056 +047
+055 -083 +015 -081 +063 +002 -035 -058 +022 +082 +080 -035 +017 -071 -078 +003 +051 +032 +060 -027 -053 +051 +063 +046 -047 +037 -088 +021 +085 +045 -021 +024 +014 +075 -077 +031 +062 -001 +050 +035 +034 -051 +024 +065 +021 +050 -021 -043 +025 +076
+060 +021 -013 +076 -038 +055 -026 +050 +021 -072 -050 -004 +013 -017 -023 -038 +033 -021 -057 +033 -035 -082 -041 -085 -042 -054 -038 +006 -081 +007 +082 -085 -011 +086 -030 +043 -023 -041 +081 -006 +011 +047 -005 +062 +076 -062 +075 -037 -064 -008
-027 -046 +030 -020 +017 +084 -015 -078 +000 -042 +027 -043 +083 +007 -100 -005 -065 +032 +064 +040 -023 -017 -002 +067 -003 +004 -057 +010 -061 +027 +060 +043 -082 +027 -077 +018 -037 +043 -048 -018 +028 -002 -065 -067 +087 +064 +041 +004 +030 -032
+070 +024 +058 +032 +075 -055 +047 -067 +024 -012 -064 -067 -044 -081 -084 +056 -056 +015 +015 -015 -076 +086 -048 -027 +046 -086 -030 -003 -075 -100 +040 -035 +028 -072 -085 -053 -013 +002 -034 -087 +050 +051 +024 +017 +033 +033 -026 +081 +044 +031
-063 +007 -063 +087 +041 -054 -040 -046 -038 -003 -045 +012 +035 +078 -060 +078 -058 +064 +060 -087 -082 -074 -072 -033 +026 +088 -034 -032 +050 +023 -061 -050 +087 +085 +080 +050 +031 +005 +034 +038 +052 -022 -071 -043 +035 +041 +027 +055 -002 +100
-025 -002 -063 +026 +088 -044 -020 +074 +057 -054 +020 -065 -055 -050 -017 -086 +054 +021 -075 +012 -024 +078 -086 -057 -081 -080 +064 -085 +061 +015 -061 +002 +067 +005 -016 +080 -005 -081 -043 +003 +056 +055 -086 -077 -087 -015 -023 +081 +004 +013
+070 +065 -083 +020 -045 +003 -008 -081 -036 -017 +040 -007 -062 +054 +005 -038 +064 +048 +036 -073 +062 +033 +083 -052 -043 +018 -064 +012 -037 +046 +083 -085 +064 +077 -053 -044 +025 +066 +033 +062 +003 -006 +053 +070 +087 +023 -065 -054 -056 -064
+073 +054 -082 +032 +041 +068 +050 +012 -078 +061 +004 -063 +070 +072 -043 -065 -062 -083 +088 -053 +083 -006 -082 -053 -032 -062 -023 +025 -050 +045 -031 -038 +026 +006 +051 +035 -028 -024 -045 +026 -082 +040 -050 +078 -088 -008 -082 -032 -003 -084
-072 +034 +061 +064 -005 +052 -063 +086 +064 -051 -010 +055 +044 -040 +041 -083 -023 -016 +050 -008 -012 -053 -000 -008 +080 -080 -002 -077 +018 -015 +008 +037 -032 +030 -021 +077 +026 -061 +044 -025 +026 -033 -023 -037 +013 -027 +074 -000 -082 +072
-040 +005 -051 -025 -000 -081 +038 +088 +084 +048 +068 +038 -061 +066 +057 +034 -072 -080 +035 +034 +017 -065 -060 -060 -034 -070 +028 -035 +032 -010 +027 +088 +070 -073 -081 -012 -024 -053 +007 +048 -022 +018 -010 -072 -020 -055 +085 +033 -003 +051
+084 +016 -031 +008 +048 -085 -046 -070 -036 +035 +037 +071 -062 -056 -030 +028 -076 +021 +063 +025 +047 -030 +036 -054 +023 -052 -021 +032 +007 +063 -027 +077 -020 -068 +076 -022 +081 -005 +010 +058 +026 +068 -033 +005 +058 -066 +067 -050 +087 -013
-044 +072 -013 +047 +061 -062 +005 +041 +036 +081 +008 -044 -051 -010 -041 +086 -080 +005 +037 +065 +000 +061 -018 -031 +012 -010 -082 +043 +072 +084 +017 +064 +058 -016 +060 +068 -064 -055 +064 -033 +038 +045 +048 +078 -004 +083 +065 +070 +072 -070
-042 +081 -028 +028 +046 -082 -086 +006 -022 +071 -027 +012 +003 -028 +011 +088 +008 +015 +001 +088 +016 +061 +056 -004 +057 +084 -046 -041 +003 -004 -025 -060 +000 -058 +037 +025 -032 -063 -006 -034 +033 -086 -032 -035 -076 +072 +017 -074 -048 +033
+086 +070 +073 +005 +041 -070 +051 -026 -008 -075 -056 +043 -027 -047 +008 -081 -010 -077 -041 -026 -024 -085 -028 -062 -045 +042 -066 -038 +073 +084 -070 +082 +013 +054 +000 -081 +086 -077 -043 +052 +015 -015 -018 +080 -077 -063 +082 -004 +011 +050
-026 +042 -062 -051 -002 +007 -081 -034 +043 +036 -047 -037 -041 +082 +077 +008 -022 +085 +002 +011 +044 -023 -018 -088 -048 +063 -054 -035 -077 -027 +061 +023 -086 +073 -041 -005 +075 +087 -023 +042 -013 +048 -067 +074 +053 +004 -020 +066 -017 +003
-066 -082 +084 -008 -043 -031 -062 +017 +085 -017 -060 -077 -000 -083 -054 -044 -063 +066 +013 -036 -083 -100 -027 +072 +026 +068 -002 +037 -051 -061 +078 +035 +075 -065 +064 -027 +006 -076 +053 +026 +040 +028 +076 +000 -050 +031 +066 -056 -030 -004
-077 -057 -100 +074 -072 +038 -047 +038 -033 +087 -075 -015 -086 -080 -023 -086 +083 +017 -048 -033 -020 +041 -100 -043 +020 -041 -028 -033 +011 +042 -077 -070 +047 -048 -054 -078 -088 -021 +028 +030 +057 +017 +064 -053 -053 -047 -066 +000 +065 -015
+025 +017 +006 -042 +001 +057 -022 -071 -060 +047 +072 +020 -053 +011 -061 -032 +030 -015 -037 +036 +030 -004 -004 -031 -066 +047 -006 +002 -073 +026 -061 -057 -050 -030 -021 -062 +033 -085 -043 +050 +071 -071 -021 -060 -040 +074 +040 +020 -050 +041
-037 -050 +051 +031 -047 -086 -062 +042 -047 -070 -033 +006 +032 -062 +064 -081 +051 +053 +086 -026 -055 +080 +055 +032 +008 -003 -046 -034 +076 +026 -015 -073 -035 +073 +010 -034 +051 -045 +023 +017 -013 -026 -084 -012 +015 +023 +022 -024 -003 +063
+063 +087 -017 -061 -030 -025 +072 -082 -045 +043 -085 -023 +083 +011 -067 -065 +051 +038 -060 +057 +004 -071 +012 +025 -036 +024 -048 +010 -011 -006 -051 +086 -002 -002 -054 -067 -085 -060 +062 +053 +043 +065 +070 -052 +013 +017 -055 +088 +071 -004
-067 +041 +064 +055 +008 +056 +061 +087 +085 +072 -022 +088 -076 -021 +027 -071 +066 +073 +030 -020 +058 +046 -017 +026 -010 -056 +046 +055 +081 -063 +075 +061 -045 -040 -027 -025 -028 -056 +062 -004 -074 +082 +058 +087 +022 -016 -068 +074 +005 -046
-070 -077 -010 +050 +030 -058 +003 +074 +033 -008 -021 +057 +007 +045 +032 +058 -086 +068 -056 +011 +022 -065 +047 +048 -041 +010 -036 +012 -071 +022 -065 +060 -050 +056 -026 +081 -064 -010 +066 +033 -050 -040 -004 +036 -050 -007 +086 +041 +018 -073
-087 +032 +066 +074 -035 -076 +018 -070 -036 +004 -045 +062 -051 +023 +052 -063 -047 +013 -045 -001 -005 -060 +062 -064 -068 -038 +005 -040 -082 +066 +032 -027 -050 -038 +063 -088 -037 -040 +016 -002 -085 -032 +017 -040 -007 +062 -086 +008 -058 -006
+030 +087 -026 +036 -043 -014 +074 +006 -053 -052 -085 -081 +063 +066 +054 +045 -088 -032 +012 +040 +082 +013 -076 +082 +025 -075 +048 -018 -027 +041 -012 -067 -038 -068 -041 +075 -017 +065 -065 -081 -080 +005 -044 +080 +020 +007 +044 +023 -060 +024
-006 +078 +027 -072 -032 +076 +012 +063 -026 +000 +073 +005 +043 +012 +012 +067 +028 -031 +020 +082 +053 +057 -084 +015 +082 -010 -034 +063 -023 +065 -005 +048 +021 -074 +020 +038 +053 +080 +046 -006 -072 +034 -055 -018 +044 +031 +055 -053 +041 -055
+031 +073 +040 +085 +055 -028 -054 -038 -046 -082 +053 +083 -083 +008 +043 -015 +085 -037 -086 -087 -017 -081 -063 -057 -064 -027 -021 -001 -041 +063 -002 +003 +046 +026 -082 -078 +002 +055 +023 -040 -076 +057 +084 -016 -038 -008 -062 +008 -065 -021
-061 +045 +066 -077 +032 +072 -063 +038 +047 -016 -048 -022 +046 -070 -075 +021 +086 -071 +010 -063 -018 +047 -030 +055 +064 +064 +057 -031 -072 +070 -031 +046 +071 +043 -018 +002 +065 +034 +004 -042 +012 +004 +020 +012 +077 +028 +011 +003 -082 +016
+084 +050 -001 +063 +035 +014 +027 +062 -025 -006 +051 +000 +002 +072 +078 -064 +046 -023 -045 -062 -036 +071 -083 -025 -075 -027 -014 -037 -006 -055 -044 +004 -045 +037 +062 +080 -036 -018 +043 -044 +070 -018 -027 +031 +006 +080 +003 +085 -026 +021
-064 -017 +078 -066 +027 -048 -016 -033 -087 -027 -080 +066 -030 +037 +012 -022 -038 +055 +032 +001 -071 +088 +067 -076 +018 -026 -054 +013 -077 +005 +024 -077 +046 -065 +032 +052 -083 +026 -082 +045 -047 +011 -062 +010 +017 +073 -064 +100 -088 -080
+040 +058 -017 +045 +047 +083 +036 +032 -025 -076 -068 -060 +021 -088 +030 +034 -055 +022 -088 -063 +088 -066 +067 +080 -074 -050 +082 +004 -037 +087 +043 +083 +017 -074 -015 -008 -003 +046 +046 -083 +100 -035 -081 +078 +052 -045 +063 +075 -045 +075
-086 +016 -004 +042 +100 +050 +053 -014 -028 -085 +005 +077 -051 +070 +022 +042 +026 -011 +008 +077 -002 -056 -026 -064 -026 -031 -063 -062 +076 +051 -045 -088 +058 +020 +036 +050 +051 +048 -068 +013 +046 +057 +038 +058 +048 -048 -010 +060 +010 +026
-035 -018 +073 -011 +002 +045 +025 +014 -064 -006 +086 +080 +080 +042 +007 +048 -080 -087 +065 +085 -015 -073 -017 +014 -017 +057 +002 -056 +024 +030 +073 -026 -011 -076 -065 +062 +016 +023 +021 -044 -015 +058 +002 +057 -045 +077 -050 -067 -007 +075
+087 -064 -022 -008 -063 +021 +042 +040 -083 +026 +012 +062 -021 +074 -070 -002 -008 -052 -025 +066 -048 +033 +058 +025 +022 -045 +067 -063 +041 +008 -045 -006 -072 -031 -051 +062 -068 +086 -003 +037 -031 -036 -048 -021 -056 -082 +068 +057 +016 -045
+068 +016 -036 +082 +013 +074 -058 -008 -054 +016 -044 +071 +048 +002 +043 +055 +018 -082 +023 +070 -070 +100 -063 +087 +066 -033 -055 +088 +076 +031 -081 +025 -028 -083 +054 +064 +024 -006 +086 +011 -071 +035 +008 +046 -054 +015 +040 +033 +078 +052
