-088 +023 -045 -047 +033 -064 -072 -017 +067 +036 +017 +053 -060 +033 -011 -080 -033 -054 +074 +031 -020 -015 -040 +062 -070 -083 +034 -014 +073 +077 -061 -083 +026 -018 -063 +007 +036 +088 +043 -063 -086 -028 -048 -043 -005 +027 +015 +087 +055 -048 -066 -048 -003 -003 +021 -028 +055 -060 +071 -033 -004 -058 +076 -027 -057 +030 +082 -080 -056 -028 -078 -017 -084 -030 +080 +057 -028 +014 -026 -002 -026 -083 -067 -060 -058 +046 +027 -053 +005 -060 +021 +060 -010 +016 -013 -004 -088 -063 -000 +016 +003 +028 -004 -080 +015 +087 +068 -066 +066 +058 -065 -023 +083 +025 -017
-047 -038 +078 +064 +018 +068 -006 -011 +026 +063 +014 +017 -040 +071 -057 +047 +074 -064 +027 +023 -057 +081 -052 -037 -041 +048 -076 -071 -051 +002 +053 -028 +044 +028 -071 +053 -022 +030 +020 -072 +042 +077 -013 +036 -035 -007 -060 +064 +068 -052 -006 -073 +082 +056 -030 +050 -070 -083 +036 -061 +045 +007 -064 -060 -032 +042 +077 +002 -062 -046 +088 +003 +013 +084 +047 -003 -034 -027 +080 +048 -044 +034 +026 +040 -067 +008 -068 -062 -072 -042 +044 +050 -082 +048 +022 +060 +024 -014 -035 +000 -048 +027 +014 -065 +066 +015 +044 +052 +071 +030 -042 +041 +068 +067 -081
-015 +027 -073 -010 -085 -015 +037 +081 +051 +046 -020 +073 -016 -050 +066 -075 -051 -047 -086 +077 -018 +026 -036 -051 -071 -012 +051 +043 +085 -081 +052 +051 +001 +070 -073 +022 +018 +010 +076 -051 -024 -080 +064 -026 -003 +051 +061 +002 -062 +023 -016 -051 +045 -087 +053 +014 +035 -083 -087 +002 +042 -042 -038 -044 +005 -006 -048 -022 -026 +064 +051 +017 +088 -028 +027 -032 -053 -001 -053 -074 +100 -028 -088 -086 -005 -036 -045 +022 -085 +031 +060 -085 -056 +008 -044 +026 -011 +022 +046 -071 -011 +002 +074 +060 -015 +041 -026 -048 -056 -066 +064 +053 +086 -021 +085
+024 +087 +026 -060 -071 +054 +058 +033 -045 -074 -047 +012 -088 +012 -005 +051 +048 -020 +005 +021 -051 +005 -027 +036 -007 +081 +078 +067 -012 +028 +052 +048 +012 +047 +050 -042 +045 +006 -025 -076 +086 -071 +071 +042 -046 +082 -048 +072 +014 +066 -014 -063 -008 -038 -087 -004 +020 +048 -046 +001 -040 -005 -086 -008 +082 -073 -071 +075 -003 +007 +008 +080 -075 -084 -026 +071 +037 +084 -018 +008 -057 +024 -042 +060 +010 -070 +008 -037 +028 +012 +023 +088 -070 +025 -002 +031 +003 -088 -061 +035 +028 +084 -018 -002 +047 -033 +040 -035 -043 +081 -088 +056 +060 -060 -058
+036 -085 +085 +027 +057 -083 +035 -016 -063 +063 +086 -022 +048 +083 -003 +031 -070 +064 +023 -015 +025 -032 -073 +088 -056 -012 -062 -007 +023 +055 -073 -047 -061 -026 -046 -004 +030 -070 +006 +003 +004 -002 +072 +037 +026 +018 +082 -100 +015 -021 +080 -034 -080 -045 -087 +052 +067 +020 +080 +021 -051 +058 -065 +053 +002 +080 +086 -001 +014 -076 +083 -032 +063 -063 +025 -071 +046 +041 +012 +074 +024 +008 -070 +064 -018 -064 -085 -036 +023 -070 -063 +053 -084 +033 -081 -030 +064 -032 +020 +075 +046 -016 +077 -068 +100 +034 -010 -014 +022 +051 +003 +053 +026 -035 +034
+085 -010 +067 +034 -038 -085 +032 +065 -036 -004 -036 +047 +087 -057 +048 -051 -036 +063 +007 +002 -078 +013 +075 +011 -024 -058 +063 -074 -053 +024 +057 -074 +010 -004 +084 -046 +037 -073 +082 +054 -015 -071 +046 +008 -054 -012 -077 +062 +007 -077 +020 +060 +023 +061 +083 -085 +046 -061 +058 +020 -082 +026 -052 +042 +036 +078 +061 +067 -073 +001 +083 -083 -002 -045 +010 -085 -037 -044 -003 +058 -085 +044 +024 +088 +043 +066 +065 -053 -075 +020 +032 -062 -068 +013 +037 +050 +013 -061 -030 -018 -057 +026 -023 -066 +037 +057 -066 +035 +008 -040 +055 -003 -012 +064 -033
+056 +005 -054 +022 +013 +052 -052 +088 +022 -002 +084 +051 -056 +031 +038 +010 -021 +081 -037 +057 +011 +084 +042 -013 +014 -010 +083 -084 +037 -003 -044 +085 +011 +023 +068 -083 +023 -073 -052 +052 -067 -068 +081 +037 +086 -044 -087 -045 -031 -017 -037 -047 -083 +081 -026 -056 +018 -010 +044 -068 -074 -075 -047 -050 -084 -020 +036 -048 +072 -013 +005 -075 +065 +028 +014 +073 -046 -074 -048 +070 -035 +044 -043 -002 -032 -031 -075 -025 -053 +030 -065 +004 -061 +007 -005 +020 -037 +074 +072 +056 -070 +048 -012 +024 +053 -053 -082 +054 +003 -064 -056 +037 +080 -012 -051
-048 +062 -022 +006 +083 +085 +061 -081 -021 +060 +088 +068 +085 -038 +058 -032 -056 +040 +012 +077 +016 +052 -010 +075 +011 -064 -065 +044 -043 +077 +048 +070 -028 +048 +021 +086 -021 +087 +064 +082 +021 +086 -071 -004 +070 +074 -002 +066 -036 +040 -020 +000 +085 +084 +007 -024 -025 +007 -002 -067 -073 +077 -025 +055 +087 +076 +016 -015 -060 +014 -041 +020 -058 -024 -043 +076 -042 +063 +008 -041 -060 +080 -034 -061 +051 +022 +070 +010 +048 +024 -055 +032 +046 +024 -037 -044 +070 -020 -065 +037 -015 -021 +013 -006 +027 +032 +067 -077 +026 -062 -008 -010 +021 -023 +016
+008 +060 +053 +025 -062 +086 -061 -057 -003 +026 +037 -004 +087 -037 +048 +001 +070 +017 -012 +050 -004 +031 -028 -080 +024 -021 +002 -033 +051 -067 -076 +074 -028 -074 -067 +027 +026 +036 +048 +050 -037 +028 +018 +001 -081 +002 +034 -040 +006 -013 -042 -065 -033 -074 +072 +081 +038 -042 +020 +018 -075 +026 +037 -022 -083 +063 -026 -003 +026 -002 -041 +034 +052 -080 -058 -054 -048 -002 -042 -015 -006 +008 -014 +037 +028 -070 +032 +044 -074 +056 +025 +006 +040 +100 +027 +077 +087 -020 -011 -022 -065 -034 +085 +006 -048 +074 +008 +032 -050 -078 -076 +067 -051 +051 +055
-036 -068 +052 +053 +080 -024 +045 -017 -034 -087 -074 -041 +014 -043 -046 +064 +077 -056 +013 -026 +043 -076 -010 -006 -085 -024 -064 -078 -050 -081 +088 +066 -035 -063 +081 +064 -081 -045 +071 -072 -068 -031 -050 +041 +051 +057 -083 -046 +078 +058 -061 -018 -056 -001 -077 +060 +032 -008 -036 -034 -068 +044 +062 +023 +075 +057 +018 +083 -053 +087 -023 -062 -044 -071 -087 -025 +075 +045 +086 +016 -003 +005 +087 +002 -085 +083 +088 -087 -018 -038 -042 -044 +063 -063 +083 -067 -055 +038 -038 -085 +083 +053 +034 -007 +015 +013 +042 +003 +076 -081 +071 -057 -026 -061 +100
+001 -004 -000 +043 +004 +042 -063 -070 -057 -015 +081 +054 +065 +001 -006 +027 -036 -032 +072 +073 -072 -067 -026 -004 +051 +086 +055 -051 +012 -007 +070 +048 +047 -021 -016 +015 +073 +045 -063 +008 -052 -088 -057 -037 +018 +083 -023 -010 +076 -066 -011 -032 +032 -062 -066 -057 -053 +071 +076 +028 +055 -072 -064 -000 -026 +010 +046 +086 +034 +058 -040 +075 -010 -013 -055 -084 -050 -058 -047 -001 +068 -075 +013 -071 +051 +081 -024 +012 +045 -082 +018 -016 -067 +025 +064 -007 -054 -053 -054 -066 +023 -064 +053 +083 -044 +050 +051 +003 +013 +087 +082 +005 -045 +010 +076
+068 +055 -072 -084 -026 -047 -085 -016 -025 -056 -043 -031 +064 +012 -080 -060 +006 -075 +060 -007 -057 +026 +011 -017 +011 -018 -035 +044 +078 -010 -012 -032 -032 -074 +031 +088 -087 +008 -011 -065 -070 +013 -063 -066 +045 -025 +003 -056 +061 -027 -018 +047 +080 +068 -026 +015 +077 +070 +028 -045 -071 +025 +003 +031 +052 +043 -046 +006 +077 -058 +004 -043 +020 +026 +074 -035 -020 +036 -071 -010 +011 -021 +070 +038 +073 -068 -073 -026 -081 -021 +017 +004 -055 +082 -086 +038 -053 +038 +022 +000 +035 +052 +035 +014 -026 -083 +081 -008 +063 +042 -027 +021 -052 -064 +003
+000 -026 -014 +041 +006 -033 +037 -033 -083 -050 +024 -067 +016 +053 -026 -065 -074 +051 -047 +021 -081 -062 +050 -083 -074 +081 +054 -077 -016 +048 -021 -000 -007 -078 +084 -017 +082 -063 +046 +064 -064 +054 +065 +037 +012 +005 -064 +051 -052 +021 +077 +070 +068 -026 -028 +008 -013 +072 +043 -020 -068 -048 -057 -065 -016 -018 +073 +080 -083 -042 +060 -074 -038 -042 +032 +040 -012 -073 -064 +062 +017 -025 -065 -071 +056 -073 +072 +072 -088 -060 -071 +013 -076 -016 -048 +030 -001 +014 -006 +081 +086 +080 -081 +003 -081 -070 +088 +025 +058 -012 -060 -046 -083 +007 -076
-037 +048 +053 -010 +005 -088 +036 +078 -068 +048 +047 +083 -058 -013 -082 +056 +060 +001 -062 +005 +074 -016 -000 -034 +077 +037 -000 +060 -074 +068 +046 -085 +066 -041 +052 +082 -056 -010 -043 +081 +006 +014 -066 -005 +044 -003 +052 -024 -012 +000 -046 +024 +086 -028 +057 -027 +001 +030 +067 -018 -000 -032 -078 -040 -072 +058 +020 -021 +032 +026 -060 -028 -070 +003 -070 +021 -053 -087 +065 -028 +000 +067 +043 -074 -083 -047 -068 +038 +001 +046 -038 -041 +021 -074 +082 +062 +076 +072 -001 -082 -068 +042 -052 +022 -067 +053 +064 +075 -002 -012 +006 -003 -085 +043 +040
+081 -026 -041 -054 +034 -013 +075 +021 -042 -076 -050 -051 -006 -001 +046 +087 -063 -003 -075 -001 -000 +001 -042 -064 -011 -051 +082 -006 -058 +035 -047 +028 -063 -053 -082 +058 +031 +064 +061 +030 -077 +031 -002 -013 -002 +086 -066 +080 -074 -000 +017 -041 -022 +062 +043 +041 -043 +053 -007 -022 -085 +013 -085 -033 +075 -071 -057 +047 +011 -060 -065 -007 -065 -052 +081 +053 +054 +081 +003 +038 +017 +054 +084 +044 +080 -045 +084 +000 +060 -080 +045 +066 -005 -014 +077 +035 -088 -005 +002 -056 -074 +068 -022 +065 +015 +048 +074 -002 +007 -086 +071 +064 +028 +066 +032
-003 +037 -082 +064 +052 -007 -024 +036 -001 -033 +020 +077 +032 -052 +058 -016 -078 +008 +033 -001 -074 -033 +026 +031 -081 +086 +082 -058 +053 +056 -005 -053 -024 +088 -045 -051 -078 +041 +004 +015 +001 +026 -027 -075 -053 +020 +072 +076 +055 -088 -088 +054 -031 +005 +015 -008 -065 -003 -057 -032 -036 -042 -046 +084 -034 +084 +062 -027 -053 -007 +084 +036 -007 -006 +004 -040 +077 +055 +035 +057 -003 +038 +013 -064 +003 -066 +040 -017 -041 +007 -021 -060 -056 -060 +018 -042 -086 -008 +100 +014 +064 +038 -060 -022 +022 +053 +043 +025 +078 -078 +064 +066 -016 -026 +047
-074 +035 -028 -006 -024 +003 -013 +003 +047 +057 -027 -043 +036 -043 -036 +061 +048 +080 -081 +013 -064 +011 -034 -017 -085 +037 -060 +087 +045 +065 +037 +014 +010 +005 -004 -048 -066 +062 -077 -018 +082 -026 +033 +086 +083 +005 +005 -011 +087 -030 +074 +064 +053 -005 +010 +020 -041 -087 +045 +038 -078 +087 +057 -047 +016 +067 -038 +016 +008 -048 +030 -046 +063 -002 +053 +075 +028 -056 +030 -018 -045 -044 -057 +044 +025 -086 +050 +066 -072 +040 -048 +047 +087 -015 +035 -080 +087 +041 -038 -017 -028 +021 -013 -080 +035 +047 -037 -082 +061 -036 -052 +034 -087 +054 -006
+078 +054 +007 -035 +065 -073 -043 -032 -001 -064 -015 +005 -016 -068 +018 -084 -066 -084 -071 +057 +014 +027 +013 +037 +060 -014 -078 -063 -057 -015 -020 +055 -030 +062 +084 +025 +005 +000 -052 +051 -068 +081 -067 +006 +048 +013 -014 +006 +084 +045 -048 -032 +076 -036 +032 +071 -045 +057 -030 -087 -014 -032 +045 +043 -086 -004 -100 +084 +031 -052 -011 +075 -034 +085 -020 -031 +034 -058 +016 +056 +026 +078 -020 -073 +011 +084 -067 +083 +018 -088 +058 +042 -003 +007 +086 -006 +071 +064 +011 +033 +074 +017 +047 +003 +085 +073 +066 -100 -006 -060 +048 +027 -045 +023 -025
-062 +046 -048 +086 +052 -037 +100 -002 -026 +027 -070 +024 +007 -027 +011 -068 -016 +033 +018 +003 -050 +047 -013 -057 -086 +000 +011 -100 -002 -003 +007 +040 +006 +077 +076 -040 -062 +064 +014 +055 +005 +058 -061 -028 -006 +015 +030 -038 -003 -063 -031 +085 +067 -037 -006 -043 +062 -003 -003 +038 +051 -008 -040 -047 -012 -042 +072 -081 +054 -013 +013 -086 +041 +046 -070 -044 -077 +056 +045 +072 -062 +080 +055 -087 +074 +062 +082 +067 -071 +014 -074 +064 +035 +011 -037 +100 +082 -088 -007 +071 +087 +004 -041 -081 +016 +040 +045 +062 -033 -023 +047 +031 -044 +030 -018
+007 +033 +016 +015 -062 -051 -048 +065 -034 +064 -087 +020 +038 +038 +067 -100 +054 -100 +041 +053 -087 -011 -004 +056 +078 -042 -078 -073 +046 -075 +047 +037 +031 +086 +006 -047 +008 +087 +002 -063 -000 -056 -033 +055 -075 -057 +045 +061 +044 -037 -014 -034 +061 -052 -057 -032 -085 -060 +045 -027 +088 -035 -078 -058 +064 -074 +082 +088 +056 +017 -046 +040 -031 -011 +017 -000 -034 +084 -083 -033 -004 +088 -070 -006 -081 +077 -087 +042 -022 +068 +024 -070 -016 +070 -036 +005 +022 +028 +035 +082 +078 -045 -085 +078 -030 +054 +070 +064 -065 -021 +052 +031 +055 -031 +061
-042 -061 +028 +027 -053 -061 +028 +067 +018 -005 -083 +081 -044 -060 -037 -008 +081 -086 -085 -025 +007 -054 +038 -081 -087 -026 -068 -050 -073 +073 -028 -062 -065 +016 +017 +054 -041 -002 -043 +001 +086 -080 +087 -032 -008 -027 +076 +028 +078 +037 -020 -026 +040 +074 -015 +051 -002 -061 -057 +016 +053 -023 +011 -026 -040 -048 +067 -047 -038 +023 +041 -024 -054 +017 -048 +016 +063 -006 -022 -073 -031 -053 +050 -045 -050 -015 +002 -055 +006 +015 +087 +083 +014 -021 -002 -073 +077 +028 +031 +050 -017 +073 -065 +004 -017 +072 -058 +072 -026 +040 -041 +004 +078 +043 +058
-023 +032 +047 +006 -057 +021 +004 -035 -013 +044 +048 -052 -081 +001 -087 -022 +032 -067 -001 -085 -037 +013 -010 +001 +042 -041 -012 -011 -014 -000 +088 +037 +037 -100 +074 -026 -080 +075 -016 -061 -054 -000 +046 +075 +076 +046 +005 -065 -031 +022 -055 +081 +066 -088 -046 +051 +070 -061 -063 -005 +066 -005 +044 +028 +061 +052 +072 +057 +042 +013 -083 +032 -057 -011 -008 -085 +001 +001 +080 -062 -001 -031 -031 +060 +056 +053 +055 -001 +040 -057 +066 -031 +028 -008 -023 +052 -030 -036 -037 -046 +057 +053 -067 +072 +071 -031 +046 -017 -004 -063 -061 -014 +100 -080 -056
+067 +080 -036 -015 +053 +037 -080 +012 +027 -071 +012 -032 +046 +025 -028 +063 +040 -052 +066 -007 -074 -087 -030 +010 -055 -030 +007 -017 -086 +046 -027 -063 -041 -045 -012 -080 -007 +074 +058 -042 -056 -080 +030 +002 +040 +010 -016 +003 +015 -057 +038 +073 -040 +005 -038 -063 -035 +038 -006 -008 -052 -003 -043 +068 -018 +054 +016 +001 -045 -032 +036 +008 -061 -061 +027 +062 +041 +047 -028 +070 +063 -041 -087 -033 +017 +074 +058 -001 -006 +044 -021 -053 -035 +080 -072 +045 +024 -036 -013 -017 +062 +003 +055 -030 +085 -030 -005 +018 -017 -018 +046 +028 -048 +087 +086
+020 -073 +018 +056 +016 -053 -052 -033 +016 -018 -082 -015 -040 +007 -033 -047 -045 +065 -086 +010 +053 -013 +003 +014 -013 +006 +068 -085 +012 -082 +067 -058 +085 +018 -077 +066 -087 +057 +071 +031 -073 -058 +013 -058 -064 +041 +010 +075 -014 -035 +083 +082 -063 -038 -023 +041 +074 +060 -005 -038 -017 +082 -021 -016 +047 +041 +074 +061 -067 +083 -021 +034 -045 +026 +020 +058 -000 -038 -065 -067 -030 +065 +087 +074 +015 +014 +025 -048 -008 -017 -001 +075 +028 -033 +085 +051 +046 +003 -037 -052 +066 +010 +007 -036 +085 +086 -012 +055 +032 +012 -061 -068 +025 -071 -068
+062 -057 -034 -077 -062 +040 +002 +066 +051 -011 -064 +082 +056 +080 +036 -017 -016 -012 -017 -077 -043 +081 +020 +011 -050 +046 -045 +043 +036 -070 +047 -063 +082 -033 -036 +055 +076 +053 -027 +026 -011 -064 +087 -074 +100 +067 -056 +003 -066 -087 -008 -072 -040 -080 -013 +022 +066 +004 +048 +042 +076 -044 -056 +015 -066 -025 +046 +016 -036 +068 +062 +018 -018 +042 -006 +018 -055 +021 +000 +051 +065 +041 -074 +068 -051 -065 -024 -047 -081 +043 +042 -072 -011 -086 -038 -028 +081 +011 +075 +023 -044 -012 -004 -060 +065 +017 -058 -088 +034 -072 -035 -067 -061 -035 +088
-007 -081 +085 +040 +072 +042 -007 -048 -022 -072 +044 -008 +066 +001 +040 +078 +040 +083 -033 -013 -086 -016 +003 +027 -027 -041 +057 -015 -037 -032 +073 -047 -047 +078 +013 -030 +077 -041 +082 -003 -044 -020 -053 -086 +024 +076 -026 +040 -077 -050 -008 +066 -026 -027 +072 -033 +011 +076 -005 -064 -036 -075 -024 +100 -036 +063 -021 -082 +078 -060 +003 -067 +021 +010 -071 +085 -044 -062 +086 +034 -064 -085 -045 +081 +043 +020 -028 +100 +066 -028 -057 +034 +056 +071 -053 -037 -080 +038 +046 +017 +044 -031 +047 -068 -083 -082 -100 +007 +003 +064 -071 +001 -058 -068 -034
-021 +080 +035 +028 +002 +085 +024 +023 -074 +014 -052 +017 +002 -026 +043 +016 +018 -050 -031 -054 -083 -002 -034 -034 +064 +040 -047 -067 +084 +088 +071 +031 -071 +073 -052 +060 -083 -065 -015 +042 +031 +001 -023 +078 +056 -021 +061 +038 -066 +044 -044 -052 +030 +055 -002 +034 +020 +004 +053 +008 +083 +084 +087 +033 +034 -001 -065 +004 -068 +013 +061 +081 +032 -062 -012 +008 +056 -007 +086 +077 +002 -026 +051 +003 +003 +057 +043 +071 +075 -087 +024 -022 -000 +003 +082 -065 +052 -085 -031 +073 -077 +087 -036 -037 -008 -048 +057 -041 -013 -048 -086 -042 +032 +036 -076
+063 +016 -006 -006 -012 -073 +028 -041 +050 +077 -045 +082 +038 +051 -077 +063 -013 -017 -023 +031 -086 -054 +004 +027 +002 -061 -078 -000 +046 +068 +057 +015 -051 -050 -043 -082 -074 -085 +082 -020 -067 -052 -060 -006 -005 -026 +028 +064 +041 +007 +087 -066 -084 -008 -031 -058 +007 +031 +062 +071 -084 +027 -086 +064 -017 +062 -071 -063 -005 -073 +016 +007 +040 -081 -044 -081 -028 -050 -046 -003 +024 +060 +050 +044 +027 -085 +023 +081 -000 -006 -033 -018 +081 -015 +004 +018 -028 -002 +073 +006 -076 -088 +038 -024 -004 +087 -084 +076 -003 +076 +040 -024 -023 -088 -007
-085 -018 -066 +050 -048 +016 -087 +068 +025 -073 +003 +076 +062 -005 +028 -046 -066 +055 -055 +051 -060 +037 -043 +068 +014 -006 -063 -072 -014 -042 -068 -053 -024 -002 +066 -022 +041 +038 -010 +034 +043 +054 -040 -026 +066 -071 +006 +071 -022 +045 +078 -050 +013 +056 +085 +036 +063 +041 +070 -044 -045 +047 +031 -064 -021 +064 -045 -028 +084 +081 +082 -005 +052 +061 +051 +055 -002 +018 -020 +050 +028 +038 +066 -070 -055 -064 -086 +014 -014 -063 -074 +064 -003 -064 +045 -046 -043 +028 -068 +023 -010 -027 -026 +024 -034 -083 +025 +082 +030 +003 +030 -005 -041 -081 +050
+034 -084 +016 -024 -082 +071 +017 +086 +080 -047 -035 +063 -016 -048 -053 +062 -045 -058 -027 -038 -002 -062 +050 +072 +060 -030 -065 -018 -022 +086 +064 +083 -085 +072 +003 +028 -055 +052 +041 -083 +067 +053 -033 -100 -082 -050 -010 +025 +027 -008 -056 +077 -054 -052 -004 -020 -054 -086 -014 +076 -041 +057 +003 +002 +044 +022 -031 -078 -030 +046 +074 -055 -047 +074 -038 -081 +000 +035 -018 +086 -001 -085 -003 +006 -080 -060 +017 -030 +071 +025 -050 +085 +066 -071 -066 +047 -071 +077 -073 -055 +080 +016 +065 +082 +074 +046 -002 -084 +057 +014 -087 +035 +022 -076 +025
+021 +035 -002 -008 -051 -018 +036 +075 -077 +028 +082 +068 -052 -076 +041 -020 +031 +015 +020 -078 +043 +071 -050 +068 -061 +075 -057 +043 -087 +054 +052 -080 -065 -053 +040 +086 -005 +013 -064 +085 +014 +004 -034 -012 -051 -084 -063 -044 -033 -031 +055 -086 -073 -026 +057 +020 -033 -074 -013 +087 +026 +032 -056 -085 -022 -081 -027 +068 +058 -046 +017 -067 +028 +008 -001 -086 +084 +042 -013 +047 -055 -005 +030 +072 +035 +016 -062 -038 +036 +001 +083 +035 +017 -052 -052 +006 -042 +084 +078 -088 +050 +001 -005 -061 -072 +057 +001 -007 +033 -013 +060 -024 -047 +078 -068
+054 -018 +031 -038 -023 -044 +023 -036 -068 +066 +008 -044 +046 +008 +070 +028 -037 +087 -048 -018 -015 -058 +001 -012 -004 +026 +014 +080 +001 +083 +028 -023 +010 -033 +032 +073 +035 -072 +060 +076 +028 -053 +078 -015 +052 +011 +006 -086 -048 -027 +001 +088 -014 -020 +051 +002 +065 +086 -037 +032 -062 -026 +067 -076 -022 +082 +042 +065 -051 +057 -012 -036 +005 -087 +041 +008 +015 -046 +073 +011 -030 +050 +087 -070 -038 -036 -048 +074 -078 -031 -041 +072 -002 -021 +055 +062 +072 -061 -030 -042 -034 -035 -070 -062 +084 -063 +060 +061 -010 +075 +003 -047 +071 -024 -058
+060 -045 +072 +037 -018 +010 +031 +076 -002 -024 -057 -000 -068 -086 +032 -008 -030 +013 -024 -060 -022 +041 +088 -030 -054 -024 -024 -087 -001 -015 +008 -031 -016 -033 +013 +050 +055 -045 +052 -038 +013 -042 -055 +038 +068 -028 +057 +047 +074 +072 +033 +056 +060 -016 +005 -064 -052 +013 -082 -082 -053 +004 -060 +082 +003 +038 -042 -001 +033 -031 -048 +001 -000 +053 +088 -076 +072 +002 -012 -031 +023 +038 +042 -023 -010 +052 -034 +027 -064 +020 +077 +010 +060 +043 +006 +020 -046 +066 -072 +056 -033 -086 +006 -021 -054 -030 -048 +050 -046 +043 -034 +024 -038 -076 +022
+087 +053 +070 -068 +080 +072 +035 -024 -040 +087 +004 -086 +088 +036 -084 -080 +033 -002 +087 -065 -073 -061 +044 -033 -036 -062 +013 -025 -000 +066 +071 +058 -010 -045 +100 +025 +062 +015 +062 -050 +070 +057 -042 -004 -074 -078 -022 +026 -031 -056 +087 -088 +055 -073 -020 +065 +000 +073 +086 +027 +078 -043 -007 -087 +066 -042 +051 -006 -015 -006 +001 +068 -011 +004 +083 -036 +004 -030 -021 -046 -045 +052 +052 -086 +038 -084 -078 +100 -065 -024 -026 +001 -047 +052 -010 +057 +082 +051 +037 +031 +018 -076 +058 -011 -080 +064 +030 +087 -040 -060 -030 +054 +052 -082 -003
-086 +082 +043 -087 +035 +058 +004 -007 -077 -034 -017 +017 +064 +010 +020 +041 +042 -065 -015 +073 -033 -023 -043 -048 -057 +062 -087 +066 -051 +066 -041 -087 +004 -074 -046 +070 -004 -067 -061 -053 +073 -045 +006 +016 -062 +043 +048 -037 +078 +060 +064 +066 -051 +017 -066 +040 -033 -050 +001 +056 +088 -070 +003 +062 -018 -066 -004 -053 -062 +083 +058 -061 +037 +027 +050 +078 -023 +061 +061 -022 +063 -056 +038 +040 -064 -024 +056 -018 +015 -016 +085 +051 +073 +057 +021 +023 -083 +088 -025 +078 +043 -047 -074 +040 +051 +032 +054 -003 +062 +008 +027 -034 -006 -053 +061
+074 +024 +020 +034 -015 -061 +022 +067 -084 +041 -046 +005 +022 -078 +047 -051 +044 +088 -011 +000 -062 -062 +011 -036 +017 +077 +087 -058 +062 +073 +070 +021 +083 +045 +063 -043 -068 -005 +047 +036 -072 -042 -051 +017 -038 -023 -036 +066 +074 -010 +036 +014 -004 +082 +003 +084 -074 -016 +074 -057 -025 -082 -017 -057 +011 +002 -045 +080 +048 +033 -042 +027 -062 +054 +000 -008 -024 -073 -070 +047 -018 +037 -043 +054 +035 +072 +055 -051 -035 +066 +008 +063 -007 +008 -076 +051 -058 +052 +013 +007 +021 +030 +031 -046 -050 +018 -032 -071 -057 -086 +042 -068 +012 +060 -077
+084 -073 -056 +037 -087 -077 +012 +036 -062 -035 -066 +057 +082 +024 +013 +014 +028 +015 -025 -036 -010 -051 -017 +002 -052 -024 +012 -004 +088 +032 -022 +043 -000 -052 +047 +012 -077 +060 +050 -060 +034 +026 +084 -047 -000 -034 -046 -068 +017 +033 -060 -041 -100 -070 -060 +082 -040 -066 -073 +074 -087 -076 +032 +062 +001 -054 +031 +060 -036 +038 -064 -083 +088 +012 +082 -044 +066 -070 +014 +007 +016 -062 +013 +045 -071 +025 -021 -072 -038 -057 -036 -045 -072 -100 -002 -067 +025 +022 +004 -051 +008 +003 +010 -017 +053 +045 +012 -076 +075 -007 -021 +013 -054 -017 -082
-016 +058 -015 +013 +062 -002 +041 -043 +005 -045 +043 +024 -006 +057 -060 +001 -050 -027 +036 -043 -063 +022 -088 -077 +081 -001 +044 +026 -036 -085 +055 -013 +077 +087 +071 -057 -066 -075 +042 -085 +064 +073 +054 -018 -066 -033 -007 -058 -070 +004 -006 +068 -002 +044 -004 +024 -058 -043 -014 +046 +045 -050 +073 -088 -002 +015 +080 -084 -051 -011 +067 -026 -083 -067 +033 +040 +061 -086 -055 +067 -085 +065 -077 -073 -084 +087 -072 +072 -085 -045 -032 -008 +018 +027 -058 -032 +023 -026 -033 +073 -028 -005 +005 -082 +082 -088 -023 -030 +006 +057 -033 +021 +078 +064 +008
-043 -043 -077 -040 +026 +037 -010 +001 +063 +081 +005 -004 +040 +057 -086 +007 -066 +014 +071 -005 -062 -012 +010 -061 +021 +044 +062 -024 -000 +078 -078 -004 +063 +028 -016 +054 -003 +048 +021 +063 +061 -038 +055 +011 -081 +012 +044 +058 +022 -075 +063 -037 +061 +058 +087 +042 -006 +047 -081 -031 +067 +032 +002 -054 -005 +002 -006 -031 +048 -077 +008 +075 -037 -021 +082 -031 +036 +041 +013 +050 -006 +052 +065 -031 -016 +004 -081 -014 +001 -025 -058 +050 -045 -012 -070 +060 -036 +023 -018 +025 -036 +042 -000 -026 -085 +062 +078 -041 +005 -022 -020 -014 +040 +040 +002
+023 +012 -061 -078 -086 +051 -030 -061 +076 +028 +048 +002 +066 +080 +030 -078 -085 +001 -044 -074 +084 +037 +084 +054 +085 -028 +056 -053 +064 +077 -074 -042 -023 -034 -076 -081 -025 -030 -008 -023 -072 +011 +056 -014 -033 -024 +062 -007 -027 +022 +027 +043 +065 -028 +056 -005 -010 -043 +054 -057 +052 +065 +020 +080 -047 +100 -017 +044 +038 +032 +074 +012 -040 -053 +084 -043 -075 +078 +063 +056 -087 -002 -008 -032 -001 -028 -018 -025 +052 +055 +013 +022 -063 +048 -043 -087 -074 +053 -025 -043 +021 +044 -017 -020 +080 -015 +054 -060 +068 -088 +051 +015 +028 -004 -003
+047 +068 +066 -030 +035 +035 -071 -065 +078 +033 +070 -031 +046 -015 +028 -076 -015 +042 +070 +032 -005 +078 -087 -046 -004 +032 +031 +015 +068 +052 +054 -027 -060 -017 -082 +070 +043 +020 -005 +080 -074 +076 -006 -085 +013 -001 -047 -083 +004 -067 +084 +027 -012 -061 +071 +074 -056 +030 -051 -005 -082 -100 +061 +017 -047 -000 -073 -025 +088 +070 -022 -001 +044 +085 +065 -070 -006 +035 -035 -023 -056 +054 -080 +054 +006 +053 -047 -026 +037 +058 +042 +027 +083 +003 +014 +044 -037 +066 -081 -010 -017 -071 -087 +083 -070 -064 +084 +070 -038 +060 -035 +013 +088 -023 +100
-002 -016 -070 -013 +007 +072 +058 -014 +080 +087 +056 +036 -001 +057 -002 -078 +054 -004 +034 +014 +072 -052 +033 +018 +007 -061 +080 +061 +063 +050 -006 +031 +024 +006 +016 -068 +031 -066 -006 +023 +014 +058 +057 -033 +054 +012 +081 +050 -066 -002 +044 +047 -030 +034 -001 +025 -066 +044 +086 +033 +066 +078 +065 -020 -056 -087 -047 +037 -027 -017 -037 +014 +034 +030 +047 +067 +046 -045 -065 +065 -031 -086 -011 -015 +014 -003 +066 -073 +072 +074 +078 +067 +027 -060 -071 -026 +070 -035 -062 -013 +031 +087 +005 +002 +007 +072 +002 -078 +041 +062 -084 +048 -032 -082 -067
-024 -064 +062 +026 -006 +023 -002 -054 -025 +000 -026 -085 +028 +082 -086 +052 -067 -066 +036 +062 +086 +015 -018 -086 +064 -023 +035 -027 -058 +016 -052 -055 +042 -086 +022 +062 +022 -084 -063 -072 -030 +040 -057 -002 -033 +081 -005 +055 +016 +065 -023 +071 +100 -087 +041 -000 +006 +073 -037 +015 -035 -012 -045 -064 +085 +056 -076 +068 -027 -021 +064 +021 -021 +085 -006 -016 -002 -041 +048 +015 +071 +016 +031 -025 +000 -074 -061 -045 +012 -022 -065 -028 +082 -004 +056 -000 +038 -013 -047 -056 -072 +067 +020 -072 +001 +078 +082 -014 +056 -040 +086 -074 +035 +088 -077
-016 +004 -012 -010 -018 -044 +082 +006 +030 -001 -021 +083 -100 +035 -035 -042 +075 +002 +002 +040 +005 +023 +085 +023 +047 +034 +021 -024 +023 +074 +046 +004 -072 -081 -018 -021 +024 +057 -000 +067 +044 +052 +084 -061 -026 -047 +082 -043 +038 -068 +043 +031 +065 +068 +064 -011 +032 +017 -064 +088 +003 +035 +031 -082 +000 -031 -008 -007 +047 -016 +075 +076 +027 +024 -080 +086 -032 -055 -003 +037 -084 -078 -064 -043 +038 -060 +057 +057 -042 +020 +068 -002 +064 +044 +030 -086 +023 -014 -045 -043 +071 +082 -071 +056 +015 +022 +004 -004 -067 +024 +047 -077 +076 +010 +082
+076 +055 +005 -044 +032 -068 +027 +058 +074 +003 -087 -021 -043 +071 +057 +042 +081 +076 +074 +020 -077 +073 -062 +008 +087 -014 +018 +061 +012 +068 +041 -003 -076 +038 -042 -031 +052 +061 +038 +063 +074 +021 +036 +076 -054 +010 +052 +032 -011 -073 -001 -017 +046 -003 +033 -047 -073 -013 +051 -026 -046 +062 +058 +047 -000 +061 +010 +083 +011 -036 +016 -016 +088 -023 +083 -057 +014 +042 +043 +074 +004 +001 -008 -003 +001 +032 -037 +050 -026 +003 -078 -068 +007 +083 -072 +003 +022 +043 +000 -045 -052 -064 +074 -067 +006 -084 -017 +073 -031 +060 -075 -034 +071 -054 +006
-078 -000 -047 +072 +058 -011 -027 -003 +066 -057 +030 +048 +017 -060 -000 -027 -068 -041 -005 +085 -057 -021 -030 -015 +075 +040 -082 +085 -065 +036 +055 +016 -087 +041 +021 -100 -056 -060 +011 -030 -083 -064 +020 +027 +085 +045 +073 +051 -072 -064 +038 +083 -047 +038 +088 -044 +062 +001 +001 -018 +065 -047 -064 +018 -075 +075 +006 -042 -068 -012 -025 -061 +012 +067 -075 -070 +074 -070 -047 +011 -020 +057 -100 -086 +015 +046 +037 -070 +040 -012 -032 +082 -080 -001 -063 -064 -051 +054 +066 -035 +071 +007 +017 -057 -061 -051 +062 +080 -046 +005 +071 +061 -044 +087 +085
-077 -031 +034 +060 -064 -031 -100 +067 -061 -000 -014 -015 -060 +033 +050 -060 +073 -005 +020 -071 -013 -042 -040 -051 +021 -082 -071 +034 +033 +088 -063 +042 -026 -021 -027 -053 +088 -075 -062 +032 +046 -054 +065 -020 -058 -041 -012 +014 -063 +000 +035 +063 +030 +055 -004 -008 -024 +061 +028 -000 +043 -047 +032 +001 -041 -070 -061 +074 -070 -012 +012 +008 -085 +066 -082 +025 -080 -007 +048 +032 -052 +010 -001 +010 -017 +028 +066 -000 -053 -006 +028 -081 +087 -041 +081 -077 -031 +014 -031 +070 +086 +063 +053 +021 -045 +023 -003 -025 +001 +084 -004 -042 +066 -027 -060
+078 +047 +083 +028 +066 -064 +046 +001 +056 -088 +027 +062 +003 -016 +035 -051 +042 -041 +054 +010 +031 +004 +051 -011 +055 +000 +073 +028 -073 +027 +025 +023 +077 +045 -062 +016 -000 -021 -084 -071 +045 +076 +054 +036 +061 -008 -058 +033 -045 +042 +040 -005 +084 -018 +024 -033 +025 +086 +011 +041 -061 +015 -021 +033 +025 -028 +003 +054 +023 -043 -076 +010 -031 -063 -026 +047 -066 +061 -083 +037 +034 +048 +036 +057 -011 -007 +028 +004 +073 -072 -071 -004 -081 +080 -068 +036 +040 -053 +034 +063 +016 -030 -081 +001 -083 -062 +040 +082 -038 +076 -045 -012 +047 +050 -057
-052 +018 +017 -063 -036 +087 -002 +063 -010 +021 -023 +077 +028 +011 -078 -082 +037 -075 -058 +051 -035 -062 -082 -007 +011 +078 +041 -067 +041 +081 +045 +084 -000 +017 +035 +021 +067 -043 -067 +075 +046 -023 +033 -056 +042 +076 -003 +005 +003 +072 +042 -010 +073 +026 +080 +050 -025 -020 +087 -057 +004 +060 +016 -015 +011 +054 -012 +025 -081 +014 +040 +063 -017 -054 -065 -016 +037 +074 -000 +024 +063 -023 -026 +041 +057 -001 +087 +031 +050 -075 +038 -005 -085 +026 -058 -006 +074 +005 +014 -081 +015 -063 +080 -017 +036 +064 -047 +044 +026 -046 +063 -016 -074 -082 -081
+073 -050 -030 +048 -003 +025 -068 +033 +018 +076 -050 -067 -017 +083 +053 -077 -048 -051 -052 +100 +067 +057 -015 +006 +015 -024 +043 -072 -044 +060 +078 +065 -017 -043 +008 -065 -068 +052 -031 +020 -081 -051 +004 +054 -072 -021 -045 +074 +037 +046 -054 -081 +026 +072 -070 -036 +086 -063 -030 +062 +056 -021 +100 +077 -040 +086 -045 -024 +037 +002 +020 +070 +080 -007 +022 +003 -061 -015 +064 +054 +042 +082 -020 +052 -003 -081 +063 -031 +047 +033 -006 +024 -080 -067 -052 +028 -064 +058 +083 -041 -054 +011 -027 -063 -022 -015 +070 -073 +061 +018 +034 -061 +067 -100 +071
-066 +020 -075 -072 +003 +028 +004 +057 +021 +085 -006 +027 +070 +078 -037 -060 -018 +067 +054 +017 +057 +073 +021 +048 -083 +033 -006 -068 +052 +061 -040 +056 +052 -008 +037 -070 +041 -048 +076 +002 -025 +030 -046 +060 +071 -060 +025 -033 -023 -054 -077 +072 +013 +068 -100 -017 +057 +060 +025 -088 -058 -007 -052 +086 -014 +037 -053 +022 -035 +073 +053 +072 +000 -033 -088 +078 +021 -017 +066 -012 -031 -066 +033 -041 -074 +000 +014 -011 +045 +011 -002 -082 +054 -005 -071 +006 +064 -075 +035 -000 +005 +030 -088 +057 -072 +045 -006 +087 -040 -065 +014 -066 +005 +032 -043
-003 -042 +071 +028 +088 -056 -068 +061 -046 -066 +084 +061 -033 +086 -015 +067 -038 +057 +034 -027 +005 +046 +023 -046 +005 +025 -083 +001 +061 -008 +030 +015 -011 +003 +036 -044 +041 +054 +087 +030 -072 +075 +051 +070 -100 +058 -078 +040 -034 -056 +066 -010 +020 +075 +074 +012 -052 -012 -067 -007 -010 +100 -025 -034 -010 +068 -031 +068 -064 -051 -047 +007 -038 +047 +085 -055 +041 +057 +077 -035 -084 -003 +068 -030 -067 -070 +035 +005 +048 +002 +006 -064 -081 -036 -057 -045 +026 -063 +015 -015 -050 -008 -076 -073 -007 +065 +017 +082 -032 -041 +013 +006 +028 +028 +021
+041 +005 -064 -077 -076 -007 +080 +068 +021 +042 -042 -041 +042 -022 -048 -011 -061 -001 +100 -017 +054 +014 +001 +047 -015 -005 +010 -010 +016 +042 -014 +013 -040 +082 -017 -072 +008 +062 -027 -011 -073 -014 -052 -011 +008 +087 +041 +034 +050 +006 -075 -056 -024 +041 -077 -011 +036 -073 -015 -100 -086 -068 -036 +003 +000 +061 +031 -013 +017 -007 -052 +023 -010 -035 +044 +033 +003 -067 +080 +020 -082 -043 -036 +004 -010 +075 +036 +044 -014 +005 -041 +044 +053 +083 +001 +042 +045 -003 -052 -078 +073 -005 -057 +001 +044 +082 -074 -053 +041 -072 +083 +058 +067 +065 +003
+045 +076 +015 +071 -022 +066 +013 +011 -043 +001 +058 +031 -043 -031 +022 -073 -063 +024 +025 -025 -035 -024 +044 +062 -061 +056 -025 +035 +044 +026 -036 +057 -062 -062 -018 -035 -077 +027 +033 -078 +025 +028 -083 +022 +037 +003 -073 -045 -064 +078 +086 -018 +024 +002 -035 -025 +026 +020 -088 -040 +076 +067 +087 +001 -052 -047 +054 +017 -036 -067 +075 -007 -015 +033 +026 -041 +035 +060 +032 -072 -056 +036 +055 +027 +005 -046 +005 -015 -024 +064 +070 +040 +054 -017 -028 -063 -057 +010 -038 +045 +088 +047 -024 -058 +011 +052 -036 -085 -085 +011 +071 -041 -015 -056 +006
-046 -051 +014 -076 +082 +047 +010 -061 -030 -006 +008 +087 -066 +021 +052 -022 -053 -043 -012 -088 -083 +068 -002 +083 -032 +035 -074 -024 +088 -055 +015 +087 -003 +061 -082 +000 -048 +040 -053 -054 +015 -067 +056 -064 +071 +022 -037 -018 -020 -077 +023 -078 -023 +063 -051 +005 +020 +070 +047 +051 -068 -042 -027 -042 -057 -044 -047 +070 -053 +010 -073 +031 -070 +083 -003 -086 +003 +078 -063 +070 -005 -038 +031 +003 +068 -062 +043 +080 +056 +076 -021 -083 -053 -080 -004 -076 -084 -076 -011 +050 +008 -080 +017 -028 +011 +017 +000 -016 +078 +035 -042 +074 -047 -004 +081
-037 +041 -036 +027 -080 -043 +013 +040 -087 -074 -001 -032 -042 +016 +030 -005 +070 -005 +041 +087 +021 -043 -055 -073 -075 +028 +065 -063 +068 +041 -027 +050 -053 -085 -023 -056 +080 -041 +086 +014 +044 +062 -016 +074 +006 +045 -061 -045 +068 +071 +027 +071 -047 +017 -055 -010 +017 -076 -020 -067 -021 -052 -071 +088 +000 +037 -033 -050 -076 +031 -031 -032 -043 -065 -041 -008 -086 +062 +077 +051 -040 +071 -000 -017 -027 -007 -035 +028 -076 +025 -040 +036 +006 +027 -036 -100 +081 -013 -006 +076 -060 +031 +085 -023 -081 +010 +010 -038 +060 -020 +062 +058 -022 +072 -050
+068 +043 -025 -088 +002 +012 +066 -023 -088 +012 +053 -002 +060 -065 +071 -027 -082 +037 +036 +043 -038 -027 +068 +030 -020 +064 +067 -071 +010 +012 +087 -030 -004 +044 +041 +013 -061 +057 -072 -030 +062 -061 -062 +028 +016 -054 +031 +045 +000 +055 +003 -082 -017 -074 -088 +022 +081 -002 -060 +085 -020 +080 -057 +075 -024 +010 -017 -020 +074 -034 -086 +025 -024 -031 +042 +026 +088 -020 -080 +081 -058 +058 +070 -088 -067 +067 -023 -022 +015 -066 +013 -020 +086 -075 +067 +067 -055 +071 -028 +004 +068 -012 +027 +046 -040 -040 -036 +073 -042 -023 -062 -031 -065 +081 +062
-052 -078 +037 -080 +050 +062 -035 +050 -041 -010 +034 +050 -008 +065 +007 -063 +071 +006 +043 -008 -060 +051 +013 +068 -042 -054 -060 -086 -065 -022 +014 -045 +086 -024 +036 -013 -027 +075 -006 -005 -040 -074 +041 -053 +067 -004 -070 -018 +063 +032 +085 +014 -100 +022 +022 -085 -073 -044 +088 -026 +023 -082 +041 -011 -046 -088 +046 +056 -005 -080 +083 +047 -036 +013 -083 +053 +004 -076 +004 -002 +024 +001 -040 +077 -045 +040 -024 +082 +050 -054 -030 +011 +043 +076 -080 -066 -080 +054 +008 -010 +015 -060 -024 -056 -084 -073 -047 +024 +083 +056 -068 +032 -022 -060 +030
+075 -014 +085 -003 +071 -057 -001 +013 +036 -053 -022 -060 -002 +003 -038 +042 -068 +012 -021 -068 +024 +040 -047 -027 +056 -005 -060 +021 -002 +052 -077 +027 -085 +026 +087 -010 -058 +008 -015 -011 -011 +031 -052 -056 -001 +037 +052 -055 -064 +010 +076 +001 +028 +053 +058 +072 +004 +051 -051 -034 +043 -070 -083 +014 +001 +063 +003 -073 +062 +004 -008 +081 -017 -037 -063 +035 -071 +027 -012 +030 -004 +021 +057 -068 -014 +023 +003 +033 -072 -008 -033 +020 -014 +082 -018 +082 -074 -015 +032 +006 +080 -005 -048 -023 +040 +013 +043 -015 +087 +087 -003 +052 +060 +005 +044
-015 -048 -024 -040 +000 -074 +045 -048 -016 +003 -060 -031 +003 +035 +056 +028 +001 +040 -011 +032 +033 +055 -038 -035 -053 -050 -027 -085 +083 -052 +048 -055 -048 +058 -087 +027 +010 +026 -025 +005 -042 +001 +066 -046 -045 +016 +053 +063 +042 -013 +055 -027 -036 -023 +027 -048 -006 +080 -002 +072 +038 +013 -003 -044 +073 +066 +084 -074 +018 +022 +010 -044 +080 -073 -076 +046 -056 -055 +055 -067 +066 +064 -064 +070 +073 -041 +050 +003 +074 +012 -025 +071 +023 +024 -038 +031 -032 +072 +050 +031 -065 -066 +010 +014 -083 +076 +051 -038 +037 +040 -025 +034 +012 +006 -075
+068 +040 -088 -038 -066 -047 -100 +071 -080 -075 -066 -028 -003 -027 -075 +003 -028 +001 +064 +008 +071 -017 +046 +034 +025 +070 +035 +071 +083 -017 +005 +081 -008 -068 +060 +042 +061 -007 -011 -077 -046 +088 -055 +077 +013 +052 -046 +051 +080 -047 +010 -027 +041 +057 +048 +000 +068 +001 +008 -040 +066 -060 -071 -005 +034 +001 -080 -082 -043 -011 -046 +052 -086 -046 -002 +056 +040 -073 +002 -025 +001 -053 +083 -012 -083 -016 +038 +005 +050 -048 +061 +008 -028 -021 +046 +084 -032 +067 -023 -002 +082 +082 -032 -080 +050 +022 -023 +030 -032 +020 +025 +058 +061 -000 +050
-008 +013 +063 -026 -088 -065 -054 +001 +070 -068 -064 +060 +043 +061 +040 -072 -025 +028 -060 +022 -016 -036 -075 +015 -023 +024 +086 +041 -046 +045 -022 -064 -058 -055 -062 +030 +028 +017 +084 +055 +058 +018 -085 -023 +054 +017 +088 -042 +020 +033 -003 -032 +030 +003 -076 +002 -052 +020 +083 -042 -015 +068 +022 -020 -006 -073 -034 -035 -074 +072 +027 +032 +023 +018 -072 -011 -086 +034 -065 -070 +087 -061 +034 +072 +034 -026 -070 -023 -071 +054 +007 +067 +027 -054 +071 +017 +028 +076 -075 -002 -060 -052 -100 -006 +057 +057 +047 +045 +083 +022 +045 -004 +026 +017 -073
+051 -032 -055 -037 +024 +022 +082 +085 -042 -027 -015 +012 -100 -045 +063 +022 -058 -058 +046 +006 +034 -015 +047 -066 +002 +083 +031 -081 -021 -051 -070 +074 -085 +015 +072 -037 +045 +070 -085 -034 -052 -054 -073 -058 -027 +027 -022 +015 +025 -027 +088 +074 -017 -043 +084 +047 +027 +032 +050 +083 +027 -034 +022 -056 +005 -021 +077 -086 +038 -056 -065 -040 -042 -036 -050 +082 +002 +045 +078 +100 +034 +045 -085 -034 +064 -053 -004 +067 -070 -060 +014 +064 +064 -050 -085 -043 -011 +055 -056 -012 -015 -066 -023 +066 -017 -087 +054 +086 +017 -035 +075 +082 +001 -036 -068
-013 -000 +081 +014 -008 -007 +081 +046 -064 -056 +043 -066 +006 +017 -070 +001 +076 +042 -020 +038 -043 -025 +040 -064 -012 +035 -073 +011 -023 -074 -020 +066 +065 +077 -003 +088 -051 +082 +078 -083 +015 -038 -041 -081 -055 -014 -037 -063 -007 -081 +003 -050 +071 -067 +021 -046 +074 +057 -023 +047 +053 +063 +016 -055 -052 -068 -068 +002 -035 -080 +037 -077 +052 -020 +057 -045 +037 +030 +045 -021 +087 +038 -056 -050 -018 -083 +063 -038 -040 -025 -017 -065 -018 -060 +081 -050 +027 +014 -081 +046 -013 +006 -046 -081 -082 -071 +037 -037 +063 +056 +047 -002 -038 +028 -004
+042 -021 -085 +042 +052 +016 -024 -012 -065 +080 +086 +051 -051 -006 +040 +035 -000 -048 -051 -031 -078 +087 +001 -011 +081 -003 +075 +008 -047 +023 -072 +030 +032 -053 +021 -012 -035 +026 +027 -026 +073 +061 +068 -037 -087 +031 -074 -030 -100 -015 -023 -003 -044 +086 +005 +028 +004 +031 +005 +001 +064 +063 -086 -080 +018 -084 +048 +034 -027 +006 -067 -064 -005 -088 -013 -012 +072 -005 +054 +080 -060 +065 -018 +020 -017 -088 -065 -056 -002 -036 +004 -050 +034 +050 -010 -075 -085 -022 +021 +077 -051 -068 -038 -018 -007 -023 -074 -085 -054 +012 -055 +024 -012 +023 +070
-054 -048 +006 -083 -078 -018 -043 -012 +045 +020 +003 -068 +035 -075 -011 -061 +008 -041 -072 -015 -012 -067 +046 +078 +035 +065 +045 +033 -015 +056 +000 +055 +058 -043 -088 +052 +100 -016 -014 -085 +068 -050 -052 -015 +066 +017 -001 -100 -043 -018 -052 -063 -068 -006 +041 +070 +043 +055 +071 -045 -002 -001 +025 -007 +002 +063 -042 -030 +021 -063 +078 -086 -048 +018 -055 -016 +014 +007 +100 -008 -017 +041 -054 +040 +012 -076 -030 +033 -074 -000 -034 +025 -063 +054 +078 +041 -020 +031 +064 -038 +050 -058 +023 -016 -021 +023 -056 -050 -018 +006 -012 -030 +004 -080 +002
-055 -007 -041 -086 +023 +002 -046 +024 +088 -026 -074 -087 +030 -031 +100 +015 -027 -066 -025 +054 +024 +023 -045 -055 +045 -062 +038 -088 +080 -048 +078 +081 +002 -086 +040 -013 +050 -030 -088 -005 -010 -030 -087 +071 -061 -030 -040 +024 +073 -020 +072 +073 -014 +082 +001 -060 -024 -034 -048 +010 -070 -064 +024 -008 +070 +018 -064 +045 +000 +036 +003 +060 +054 +027 +078 +000 +031 -064 -044 -082 +084 +031 +032 +051 -017 -006 +064 -085 +047 +078 +100 -008 +071 +047 -074 +013 +040 -022 -038 +012 +056 +008 +055 +066 -022 +062 +017 -062 +030 +023 +085 -035 +055 -010 -082
-043 +077 -007 -028 +075 +024 +053 -043 +068 -062 -006 -063 -044 -046 +087 +083 +013 -075 -006 +076 -012 -043 +072 +036 +003 +015 -011 +038 -084 -034 -051 -047 -082 +050 +075 +001 -000 +064 +043 -030 -052 +060 +054 -084 -078 -014 -033 +065 +081 +065 -000 +068 +014 -010 +073 -053 -083 -075 -047 -041 -073 -020 +070 -042 -014 +056 +001 +082 -056 -027 -058 +038 +045 -071 -007 +088 +022 -032 +006 +023 +005 -017 +080 +066 +066 -007 -050 -087 +068 -045 -014 +026 -038 +063 +042 +023 -078 +023 +023 -024 +086 -065 +081 -041 +052 +087 +018 -054 +035 +021 -071 +032 -060 +033 -043
-020 +085 -060 +042 +078 +034 +085 +071 -067 +025 -006 -074 +003 +082 -055 +061 +063 +048 +062 -052 +016 +050 -048 -058 +031 -075 -064 -063 +017 +027 +014 -005 -003 +066 -064 -053 -036 +075 -016 +048 -002 -056 -032 -058 -008 +067 -035 -025 +042 +000 -023 -055 +035 -087 +000 -040 -028 -051 +055 +070 -018 +070 +037 +025 -052 +022 +058 +011 +051 +073 -018 +021 -038 +075 +083 +020 -027 -060 +046 -077 -061 -054 +082 +028 -082 -024 +005 +007 +066 -080 -076 +047 +022 -073 +047 -032 +000 +028 +037 -066 +017 -067 -008 +053 -035 +064 +040 +060 -025 -086 +036 +038 -035 +080 -064
+031 -083 +085 +000 +023 +033 +072 -022 -045 +011 -008 +070 +057 +036 +051 +057 -060 -067 +076 -085 -045 +088 +084 -044 +028 -076 -025 -022 -074 +066 -073 +041 -035 -021 -004 -070 +083 -043 +071 +003 +003 +030 +032 -001 -038 -005 -067 +017 +051 +016 +084 +070 +071 -027 +070 +008 +013 -051 -005 -007 +057 -056 -001 +080 -008 +026 -062 -086 +083 -023 -062 -085 +047 -024 -018 +060 -014 +073 +034 -053 +027 +014 +062 +012 -052 -044 +008 -075 -070 +066 +024 -013 -035 +057 +036 -011 +038 -081 +008 -068 +030 -077 +038 +035 +006 -066 -044 +018 +072 +045 -035 -084 +066 -023 +015
-052 +053 -027 +013 +037 +007 +001 +062 -081 +074 -080 +031 +034 +042 +072 +024 -082 -066 -055 +048 -026 +004 -037 +035 -012 +047 -060 +088 +068 -006 -043 -067 -048 +046 -048 -043 +008 +011 -025 +026 -014 +055 -067 +068 -036 +083 +041 +066 +085 +082 -083 +005 +013 -010 +086 +023 -051 +005 -008 +030 -082 +068 -025 +014 -056 -073 +037 -055 -013 -057 -047 -065 +070 -083 -071 +083 -011 -027 -085 +053 +023 +088 +074 +077 +058 -028 +032 -047 -026 -078 +066 +084 +024 +075 +000 +062 +010 +047 -062 +055 -067 -032 -081 +055 -016 +005 -014 +004 -034 -027 +068 -012 -072 -045 -054
-014 -015 -083 -085 -018 -048 -087 +072 +000 -021 +001 -067 -078 +050 +012 -000 -070 -010 -018 +007 -015 -004 +028 +060 -014 +052 +076 +045 +083 -006 -030 +068 +047 -050 +034 -085 -076 -065 -008 +004 -024 +057 +087 +038 -058 +013 -068 -066 +088 -042 +013 -032 +048 -035 -000 -047 +061 +011 +020 +035 -077 -041 +064 +068 -053 -084 +052 +026 -017 +045 +068 -021 -047 -081 +012 -041 +045 +016 -047 -066 -058 -024 +001 +034 -075 +038 +075 +044 -010 +022 +002 +051 +074 -028 +000 -014 +043 +100 +066 +010 +005 +062 -010 +002 -013 +024 -070 -006 +060 -031 +034 -043 +003 +080 -065
-056 +040 +017 -064 -070 +005 +037 -010 +084 -043 +014 +065 +013 +031 +044 +063 +083 -082 +040 +051 -036 +084 -031 -000 -056 +032 +057 +021 -075 +024 +056 -055 -041 +005 -065 +068 +062 -040 -061 -042 -026 -060 -083 -035 +020 +006 +004 -044 +004 -036 +032 -016 -013 +040 +054 -081 +068 -040 +016 -002 +081 -021 +068 -035 -050 +071 +008 +027 +021 -054 +032 +086 -014 -040 -043 +036 -015 -086 -070 -004 +062 +078 -042 +035 -074 +066 +082 +027 -016 -028 +014 +075 -003 +054 +055 +046 -065 -078 -078 +063 -084 -005 +006 +012 -037 -058 +041 -078 -006 +050 -013 +080 -070 -021 -100
-045 -026 -052 +017 +025 +010 +057 +005 -044 +046 +027 +013 +063 -005 +073 +077 -040 +056 -035 -024 +086 +026 +028 -000 +062 -070 -061 +056 +012 +072 +048 -024 +008 -005 +065 -030 -003 +016 +075 -060 -034 +023 +086 -061 -055 +056 +073 -014 -004 +040 +052 -073 +063 -060 +072 -078 -025 +066 +023 -010 -005 -074 +033 +011 -043 +028 +044 -033 +023 -011 +085 -081 -013 +031 -067 -017 +014 +042 -004 +016 -052 -018 +055 +014 +002 +063 -024 +043 +000 +050 +058 -046 +013 +005 +080 -003 -008 +013 -056 -027 -044 -033 +082 -058 +075 +008 -013 +003 -023 -016 +010 +005 +078 +077 -046
-005 +082 -010 +071 +088 -044 -051 +018 -001 -028 +051 -084 +015 -003 -044 -036 +043 -006 -025 -082 -050 +084 +032 +057 +010 -081 +020 -072 +052 +072 +038 +028 +021 +060 +030 +072 -051 +021 +065 +036 -075 -074 +032 -070 -073 +060 +083 -042 -082 -046 -065 -074 +025 -048 +021 -086 -067 +048 -021 +000 +041 -036 -065 +046 -022 +066 -006 -067 -051 +088 +005 -045 -016 -057 -075 +062 +012 +027 -071 -020 +023 -045 -020 +040 +033 -023 -087 +061 +077 +050 +066 +018 -044 -036 -051 +021 -060 +013 -015 +062 -032 -005 +005 -012 +007 -011 -081 +036 +004 +027 -020 +003 -077 -056 -035
-014 -058 +015 +043 +085 -026 -048 +006 -068 +052 +016 -015 +050 -006 +055 +076 +014 -064 +045 +063 +002 +031 -078 -073 -026 +026 -045 -041 -063 +007 +057 +011 +061 -067 -051 -007 -044 -042 +007 -040 -022 +006 -083 -038 +055 +027 +062 -081 +001 -001 -010 -064 -022 -022 +086 +057 +076 +057 +056 -020 -043 +034 +010 +044 -042 +030 -006 +021 +024 +053 +066 -011 -035 -074 -056 -005 +073 +081 -073 +048 -075 -074 -061 -064 -052 +022 -038 -055 -041 -081 +033 -047 +050 +016 +065 -070 +071 +025 +034 +067 +042 +034 +027 +047 -040 +045 +045 +001 -032 -026 +002 +064 +060 -008 +084
+006 +073 +077 +025 +027 -086 -008 +088 +010 -048 -000 +071 -040 +031 -063 -056 +046 -037 -014 +018 -063 +030 +050 +061 -031 +064 +057 +026 -058 -086 +022 -078 -038 +030 +086 -012 -025 -100 +017 -030 -052 +086 +053 +056 +064 -057 +084 -041 -087 -078 -043 -057 +071 -043 +084 -023 +031 +041 -027 -076 +075 +022 -021 -024 -083 -003 -013 -006 +077 +067 -028 +062 +073 -007 -078 +027 -007 +066 +056 -010 -086 -006 -077 +027 -002 +100 +022 -010 +024 -043 -067 -008 -086 -014 -041 -033 +006 -054 +040 -025 -058 +024 -045 +077 -007 -035 +066 +036 +088 -000 +054 -071 +045 -075 -044
+057 +074 -067 +080 -044 +068 -035 +008 -003 -076 -053 +024 +006 +084 -012 +020 +021 -077 +083 -041 +084 -037 -022 -004 +042 +000 +018 -053 +024 +005 +030 +033 -015 +008 -018 +006 +070 -048 +076 -008 -021 +030 -084 +046 +042 -080 -065 +026 -054 -070 -074 -002 +035 +080 -006 +023 +016 -076 +086 +017 -014 +027 -030 -026 +043 -020 +082 +000 -051 -037 -045 +056 +087 +001 -058 -073 +003 -031 +038 -076 +066 -037 -038 -051 -003 +071 +078 -100 -017 +045 +006 +061 +000 +045 +055 +050 +076 -050 +063 -031 +013 +073 -024 +085 +034 -028 +068 +007 -078 +076 +068 -013 +054 -087 +033
+061 +065 +032 +007 +001 -085 -057 +006 -004 -006 +041 +034 +081 -025 +045 +072 -087 -030 -088 -082 -025 +033 +027 +001 -027 -004 -068 +043 -056 -048 -034 +004 -010 -028 +048 +048 +027 +056 -058 +025 -081 -022 -004 +032 -076 +083 +034 -035 -011 -021 -082 -032 +018 +050 +018 +052 +064 +018 -080 -003 -021 +007 +021 +077 +074 -016 -057 -033 -013 +048 -016 -028 +081 +040 -010 -052 +066 -078 -088 +051 -035 +005 -088 -024 +046 +012 +020 +038 -066 -064 -005 -022 -056 +006 +022 -035 -077 -014 -031 +003 +005 +020 -072 +080 +084 -020 -084 +076 +015 -041 +000 +076 +076 -027 +058
+032 -035 +045 +014 +057 -061 -018 -087 +060 +070 -072 +056 +038 -030 +054 -052 -062 +054 +011 -046 +088 -052 +081 -055 -062 +072 -038 +008 +066 -061 +006 -025 -008 +076 +088 +020 -047 +041 -082 -001 +067 -082 -048 -025 +034 -085 -038 -043 +052 -035 +086 +008 -052 +062 +061 -061 -070 +041 -041 +013 +016 -017 +047 -041 -012 -004 -042 +075 +048 -075 +023 +037 -043 -042 -078 +016 -065 -023 +084 +050 -047 -038 -061 -068 +082 -018 -027 -065 +070 +041 -061 -081 +075 +047 +055 -083 -064 +038 +027 -078 +084 -041 +040 +001 +034 +024 -053 -042 -041 +026 -024 -070 +071 -041 -077
-011 -013 -002 +010 +028 +078 -082 -045 +033 +065 -036 +052 +076 -023 -010 -013 +024 -008 +081 +022 -048 +034 -014 -032 -076 -085 +045 -004 +082 -012 -070 -010 +076 +035 +075 +065 -045 +055 -071 +018 +046 -035 -020 +086 -004 +025 -001 -028 +014 +083 -070 -034 -043 -024 -080 -001 -088 +028 +030 -064 -078 -057 +072 +005 -040 +100 +043 +034 -060 -071 +084 +001 -083 +065 -011 -045 +082 -007 -036 +013 +077 +044 +055 -050 +045 +012 -034 +073 -005 -014 -064 -082 +053 +075 -082 +026 +072 +087 -015 -070 -081 +047 -001 -050 -042 +013 -020 +047 -004 +002 -087 -022 -076 +066 +058
+050 +074 -075 -046 -084 -066 -033 +036 -057 -074 -034 -025 +051 +082 +060 +057 +071 -033 +044 +024 +017 -040 +028 +077 +075 +038 +035 +044 -005 -005 +011 -020 -067 +070 +038 -045 +035 +003 +041 +064 -043 +082 +082 +002 +033 +071 +070 -035 +057 -033 +041 +065 +010 -068 -002 -071 -003 +082 -084 -086 -010 -027 +070 +075 -087 -085 -037 +062 +077 +047 +050 +043 +031 -020 +005 +026 -067 +062 -071 -070 +038 -015 +011 -033 +037 +058 -051 +051 +008 -011 +033 -074 +088 +003 -085 -042 -012 -070 +001 +085 +077 -077 +064 +002 +041 +002 -051 +024 +040 +040 -041 -044 +058 -024 +077
+010 -003 -002 +084 -043 +008 +012 +068 -047 -082 +008 -058 +068 -076 -078 -004 +012 -070 +075 +052 -002 -077 -063 -064 +005 +005 -100 -074 -048 +041 +048 -031 -027 -015 +011 -078 +042 -066 +021 +013 -043 +014 +082 +076 -012 -045 +087 +040 +070 +086 -047 -042 -013 -066 -015 -006 -005 -026 -064 -061 -027 -056 -047 +064 -034 +013 -077 -072 -007 +035 -035 -007 -001 +031 -078 -024 -000 +024 +076 -067 +046 -087 -077 +058 -065 -056 +033 -078 +022 +021 +001 -073 -062 -072 +038 -041 -006 -040 -052 -021 +038 +001 +063 -041 -042 -016 +006 -000 -014 +071 +054 +017 +025 -043 -012
+071 -020 -057 +081 +050 +016 +063 +045 -041 +026 -008 -000 -045 -005 -057 +011 -025 +044 -013 +051 -051 +046 -080 -061 +038 -026 -031 -008 +084 +023 +000 +076 +022 -084 +072 +007 +078 -007 -011 -038 +055 -024 +000 -057 +081 -056 +016 -024 +077 -080 +006 +024 -028 +075 +048 -066 -002 +048 -053 +025 -032 +008 +035 -017 +031 -026 -065 +040 -007 -100 -040 +042 +073 +026 -080 +047 -064 +051 -077 -032 -071 +020 -011 +043 -018 +074 +075 -028 -078 +007 -010 -073 +086 +015 +016 -041 +061 +057 +016 +056 +042 +054 +036 +085 -026 -067 +025 +077 +010 +046 +005 -028 -062 -081 +062
-042 -046 +006 -087 +058 +001 +010 -007 -032 -045 +022 +048 -031 -034 +022 +070 -008 -082 +041 -000 +051 -016 +054 +072 -046 +053 +060 -036 +056 +067 +030 +068 +061 -072 -074 -051 +062 -021 -073 -064 -003 +067 +012 -056 +050 -028 -041 -082 +066 +071 -038 +036 -050 +068 +062 -083 -083 -056 -036 +015 -036 +028 +086 +045 +074 -084 -010 -000 +061 -050 +074 +023 +000 -078 -036 -001 +087 +074 -036 +035 -100 +004 -086 +066 +067 -002 -087 +006 -082 -046 -063 -033 -007 -011 -050 +055 -035 +007 -076 +011 +048 -065 +052 +011 -034 +021 +047 -013 +035 +061 -002 -088 -060 -007 +022
+081 -081 +056 +004 -086 +043 +062 -066 -074 -086 -022 +070 -076 +031 -030 -068 +084 +075 -050 -034 +021 +065 -017 -028 +028 +017 -056 +046 -024 +036 -084 +068 +048 +013 -006 +044 +085 +050 -042 -071 +032 -054 -035 -086 -085 -082 -053 +001 -021 -037 -015 -031 -042 +021 -025 -033 -063 -087 -008 -053 +078 +077 -070 -068 -081 +086 -048 +008 +036 +011 +027 +036 +033 -060 +081 +048 -046 +033 -055 -078 -021 +056 +072 +010 -005 -063 +010 -058 +016 -044 -052 +086 +060 +051 +076 -002 -068 +011 +056 -064 -001 -054 -034 -021 -036 +034 +018 +035 -032 +008 +041 +065 +048 +077 -036
+015 -052 -033 -026 -087 +083 +067 +061 +025 -027 +023 +084 -067 -015 -007 +074 +011 +003 -000 -008 +086 -080 -046 -060 -058 -054 -073 +005 +006 +007 +072 +033 +087 +022 +087 -036 +012 +000 -056 +048 -031 +075 -064 +070 +070 -035 -008 +034 +057 +081 +005 +028 -007 -023 +082 -080 -083 -036 -013 +022 -082 -032 +082 -086 -065 -030 +053 +067 +046 -005 -080 -047 -068 -058 -010 -065 -031 -014 -087 +081 -015 +045 +073 +055 -007 +021 +068 -003 -050 -048 -003 +034 +013 +002 +034 -051 -040 -057 -024 -045 +086 +008 +041 +017 -006 -043 -046 +058 -074 +085 -031 +015 +001 +012 -085
-034 +018 +047 -075 -026 +080 -037 +072 -051 +026 -036 -068 -008 -048 +016 -058 +031 -026 +073 +075 +087 +011 +071 -033 +047 +054 +083 -044 -001 +030 +008 -063 -011 +076 +084 +051 -086 -082 -046 +031 +025 +057 -034 +058 -044 +031 +068 +071 +040 -008 +061 +082 +003 -074 -003 +087 +063 +034 +007 +066 -074 -043 +002 +038 -001 +031 -021 +026 -060 +068 -084 +060 -034 -014 +083 +082 -055 +001 +046 -070 -008 +001 -008 +068 +071 +017 -016 +046 +074 -037 +034 +007 -088 +051 +054 +080 +037 -086 -020 -050 +043 +077 +001 -088 +060 -053 -055 +040 -030 +031 -001 +007 -004 +045 -087
-023 -026 +065 +055 -064 -086 +043 -013 -042 -047 -060 -001 +056 +072 -063 +035 +055 +030 +077 -075 +052 -063 -043 -075 +083 +040 +000 +077 +081 -003 +052 -084 -075 -060 -076 +083 -007 +007 -086 +025 +018 +057 +011 -031 +083 -028 +048 -055 +016 +085 +011 -043 -003 -032 -056 -018 -070 +027 -081 +084 -048 +007 +053 +086 -085 -028 +021 -011 +045 -082 +084 +088 -067 -018 -063 -007 +005 -068 +056 +045 -018 -000 -076 +058 +033 +078 -014 +043 -033 +023 +071 +083 -053 +084 +027 -014 -063 +030 +011 +048 -057 -052 -085 +058 -043 +007 -020 -064 -062 +070 -075 +064 -018 +020 +022
-018 -057 -032 -021 -066 -057 +015 -073 -078 +023 -085 +018 -007 -086 +041 +010 +026 +052 +062 +007 +050 -042 +026 +073 -008 +023 +048 +100 +007 -065 -020 +027 -001 -038 -017 -046 +085 +005 +010 -073 +007 -063 -078 -063 -083 +076 +046 -082 +040 +041 +042 +068 -075 +053 -060 -055 +050 -060 -008 -054 -063 +052 +070 -064 +052 +082 -048 -070 -012 +084 -007 -024 +036 +062 -051 +022 +073 +064 +026 -054 -026 -038 -050 +077 +053 +062 +046 +037 -055 -048 +017 -078 +081 -013 +055 -078 -023 -065 -015 -026 +068 +077 -073 +053 -065 -022 -013 +052 -062 +073 -005 +100 -005 +058 +041
