-046 -006 -064 -020 -006 -013 -022 +023 -100 +021 -024 +033 +013 +071 +015 -052 +002 +011 +053 +008 -021 +030 +065 -081 +056 +004 +073 +007 -050 -008 +055 +022 -077 +035 -018 +008 +083 -037 +046 +006 -076 -021 +041 -052 +083 +070 -000 +087 -016 -081 -071 -022 -028 +027 +000 -010 +021 +021 -088 -010
-021 -022 -013 -080 +041 -087 -017 -050 -005 -053 -054 -035 +028 -041 +045 -060 -045 -080 +084 -012 -064 -028 +016 +015 -015 -067 -085 -070 +074 -010 +082 +011 +022 +088 +045 +033 -068 +028 +051 -006 +040 +022 +006 -052 +062 -026 +026 +020 -014 -051 -034 +056 -030 +053 -006 +040 -084 +054 +026 +077
-081 +083 +016 +053 -002 +043 +066 -044 -074 +085 +077 -054 +075 +051 -000 +054 -032 +021 +038 -038 -068 +080 -078 +074 +058 -008 +024 -043 +031 -072 +086 -006 -055 -075 +061 -020 -075 -075 +047 +042 -000 +027 +078 +050 -051 +041 -057 +047 -014 +011 -050 +020 -037 +016 -066 +001 +008 +080 +033 +085
+050 +076 +072 -075 -067 +074 +022 +068 -062 -084 +084 -026 -046 +043 +036 -041 +031 -012 +040 +014 -063 -001 -004 +014 -054 -067 +068 +065 +033 +072 +005 -021 -016 +085 +083 -055 -027 +017 +071 +100 +045 +086 -031 +011 -067 +034 -015 -002 +023 +088 -011 +020 +038 -084 -070 -026 +064 -023 -021 +084
+030 -022 -087 -081 +013 -031 -035 -072 -062 +086 +015 +018 -000 -082 -022 +050 +081 -025 +002 +041 -005 -018 -083 -042 -011 -031 -031 +067 -014 -082 -017 -055 -046 +005 -041 -008 +068 +035 -012 +086 -031 +021 -086 -076 +012 -024 -024 +071 -038 +005 +086 -056 +054 -067 -088 +036 -006 +057 -074 +063
-080 +035 +062 +040 +062 +080 +026 -066 +053 +068 +023 -074 -025 -000 +060 -061 -021 -008 -042 -060 +078 +027 +058 +050 +025 +072 +020 -006 +005 +052 -028 -065 -088 -034 -005 +027 +052 -058 -047 -051 -052 -000 +000 +082 +082 +032 +037 -047 -018 -041 +024 +078 -004 -083 -003 +072 +048 -060 +066 +024
+083 -017 -071 -056 +000 -014 +047 -047 +023 -054 +044 +077 -047 -036 +006 -084 +100 -034 +035 -020 -028 +002 -002 -062 -072 +051 +016 -083 -052 -085 +080 +065 -084 +072 -018 +010 -087 +006 -047 +068 +063 -032 +062 +038 +040 +023 +066 +071 -012 +003 -036 +084 +043 +086 -083 +084 +077 +045 +005 +018
+003 +027 -018 +017 +000 -014 +071 +078 -036 -063 -045 -013 -041 +075 +015 +047 +025 -056 +027 +054 -067 +015 +041 -046 +057 -011 +013 -014 +006 +051 +037 +008 -055 +006 +030 +082 +018 +014 +002 -001 -085 +058 -066 +073 -067 -075 +057 +013 -040 -078 +014 +087 +033 -048 -048 +046 -087 +046 +003 -088
+041 +056 +061 -100 -042 +018 +011 -021 +032 -014 +036 +028 -046 +055 -034 +075 +082 +080 -051 +075 +050 -028 +013 +018 +048 +064 +020 +027 -065 +066 +017 -061 -100 +036 +046 -077 -063 -030 -044 +068 +066 -081 +084 +074 +015 +065 -058 +022 +020 +072 +026 +000 -088 -053 -071 +078 -071 -023 -024 +082
-007 +035 -030 +058 -012 +043 +057 -025 +011 -042 -075 +024 +033 +057 -008 -070 -038 -048 -002 +000 +071 -021 +010 -058 -046 +068 -044 -012 +006 -000 -071 -071 -010 -018 +085 -060 +084 +008 -017 -018 -003 +038 -010 +005 +078 +066 -017 +073 -075 +078 -068 +036 +058 +030 +084 -014 +086 +067 -033 -074
-004 +063 -003 +051 +052 +072 +088 +025 +041 +018 -021 +035 +018 -076 +064 -037 +100 +058 +028 +021 +077 -047 +057 -073 -046 +018 -043 +084 +085 -061 +060 -004 -042 +014 -033 -002 -077 +042 -051 +053 -008 -061 +070 +046 +040 +038 -077 -084 +078 +034 +040 +066 -071 +040 -022 +018 -008 +072 +050 -053
-021 -026 +023 +051 -046 -042 -050 -011 -053 -027 +022 -018 +024 +086 -044 +053 -018 +052 -047 -004 -071 -016 -016 +046 +053 -021 -007 -087 +044 -066 +047 +026 +078 -070 -045 -061 -060 +073 -020 -013 -016 -006 -062 +014 -035 +001 +002 -071 -027 -020 +036 -074 +071 +027 -000 +086 +068 +076 -078 +053
+043 +014 -031 +012 +057 -001 -015 +006 +062 -027 +023 +023 -075 +027 -084 -036 +010 +001 -032 +035 +078 +028 -071 -011 +052 -056 -050 +068 +024 -004 -075 +036 +006 -045 -020 -058 +065 +004 -035 -076 -065 +022 -034 +046 -071 +056 -056 +084 -065 -046 +087 -024 -048 -068 +043 -013 +045 -026 +012 -001
-014 +038 -055 +086 -081 -032 -042 -004 +082 +062 -002 -008 -068 -057 +071 -008 -086 +025 -012 +088 -015 -086 +007 +060 -065 +100 +086 -055 +013 -073 +064 +001 -015 +051 -032 +018 +010 -080 -065 -067 +017 +054 -017 -012 +063 -055 +051 -002 +088 +033 +024 -022 +058 +001 +053 -055 -012 +062 +036 -035
+086 +058 +031 +046 -023 +018 +084 -050 +075 -001 -051 -007 +022 -063 -035 +060 -045 -062 +000 +000 +040 -008 +003 +086 +012 +055 +075 +077 -020 -062 -084 +045 +073 +051 -014 -028 +074 +053 -014 +083 +014 -057 +006 +052 -031 +058 -084 -015 +003 -073 -045 +067 -080 +032 -063 +017 -038 -048 -087 -045
-043 -005 +064 -027 -076 -061 +005 -044 +036 -031 +060 +068 -082 -065 +016 +023 +065 -020 -076 +032 +052 +070 -078 -020 -027 +015 -056 -030 -006 +057 -061 -067 +020 +031 -010 +002 +060 +051 -082 +033 -055 +086 +017 -038 -027 -077 -024 -075 +043 -081 +087 -060 -006 +055 -047 +063 -051 -072 -006 -074
-076 +081 +072 -084 +022 +050 -053 +031 -050 +072 -065 +043 -066 -070 -071 -018 -016 +058 +050 +000 +004 +056 +021 -043 +043 -007 +006 -040 +065 -071 +057 -077 +060 -047 +042 +066 +044 +080 +052 +061 -071 +010 +063 +023 -006 -036 -028 -018 -076 +048 +088 +018 +041 -057 -067 -036 +061 +051 -043 +043
+028 +048 -038 -017 +065 -070 +030 -018 -063 -001 +034 +022 -038 +061 -057 -024 -028 -000 -021 +005 -003 +004 +063 +088 +078 -036 -025 -062 +004 -080 +076 +006 -055 +048 -100 +074 -060 -053 +057 +050 +018 -033 +006 -016 +027 -006 -004 -044 +043 +088 -056 -016 +061 +005 +011 +023 -017 +087 +024 -043
+082 +048 -053 -035 +054 -043 -036 +046 +013 +055 -058 +046 -048 -038 +055 -028 -013 -036 +066 -040 -017 -084 -003 -082 +040 -065 -042 -058 +024 -018 -051 -075 -010 +065 -011 +014 -031 +082 -065 +012 +030 +031 -042 -084 -042 +084 +025 +031 -037 +016 -024 -021 +076 -024 +052 +100 +054 -080 +033 +030
+085 +038 -051 +070 +071 -044 -087 -042 -081 -070 +003 -065 -062 -011 +027 +044 +081 +044 -034 +020 +027 -081 -081 +081 +018 +013 +064 +026 +032 -042 +064 +025 +051 -027 +078 -007 -082 -084 -065 +046 -041 +016 +076 -076 +037 +012 -086 -044 +078 -027 +001 +007 -033 -063 +024 -074 +055 -075 +027 +023
+074 +053 +065 -024 +025 +040 +045 +017 -077 -032 -080 -001 -000 -005 +073 -046 -041 -077 +026 -082 +060 +074 -053 -080 +063 +075 +020 -062 -031 -051 +031 -050 -083 -064 -017 -048 +037 +038 -064 +052 -015 +035 -044 -088 +042 -085 -023 -077 -036 +034 -065 -015 +074 +014 -051 +023 -086 +040 -088 -010
+058 -074 -053 -028 +031 +006 -028 +013 -015 +006 +056 +067 +087 +076 +000 -012 -080 -058 +041 +011 +048 -010 +012 +070 -084 +085 +013 -012 -014 -051 +066 -083 -017 +007 +041 -013 -041 -040 -060 +073 -036 -073 -020 -001 -034 -055 -000 -005 +041 -020 -054 +036 +086 -013 +072 -047 -088 +051 -008 -044
-051 +016 -058 +027 +008 +073 -005 +074 -031 +084 -082 +048 -054 -003 -010 -036 +045 +062 +055 -078 -074 -047 +025 -003 -012 -056 +011 -048 +072 +012 +001 +030 +074 +033 +054 +080 +086 -080 -076 +051 -012 +034 +046 -033 -042 +100 +081 +024 +004 -052 +024 -015 -067 -055 +063 +008 +087 -022 -025 -013
+016 -065 +083 -026 +068 +068 +000 -080 -028 +046 +052 -087 -063 -083 +028 +022 -082 +041 -030 -032 +050 +064 +040 -004 +046 -076 -081 -073 -083 +075 +030 -022 +004 +006 +038 -021 +051 -031 -014 +033 -012 -041 +005 +081 -043 -037 +074 -030 -032 +017 -072 -057 +000 +043 -062 +087 +010 -043 -062 +000
-060 +061 -084 -065 +048 -076 +022 -012 -037 +058 +044 +032 -025 -067 -048 +025 -083 -014 -055 +056 +055 +022 +047 +066 +053 +026 -067 -020 +087 +002 -044 +040 +061 -028 +020 +054 -005 +077 +042 -050 +042 -006 +050 +050 +023 -020 +014 +034 -065 -014 +064 +060 -048 -016 +060 +067 -031 -062 -001 -066
+011 -082 +013 +100 +064 +070 -053 +014 -075 -062 +056 -047 +031 -068 -020 -021 +047 +011 +047 -016 +062 +023 -072 -047 +058 +006 -052 -075 -012 +013 -008 +022 -017 -088 -015 -066 +067 +048 -003 +062 +006 -050 -077 +082 -076 +081 -058 +001 -077 -003 +087 -008 -067 +016 +075 -005 +035 +063 -086 -006
+015 +020 +067 +005 +042 +062 -045 -065 +065 +028 +070 +056 -020 -066 -041 +008 +027 +085 +074 +061 +086 -035 -077 -018 -044 -061 +100 -025 -002 -061 +021 -035 -035 -011 +085 +001 +067 +073 +000 -011 -032 -034 +082 +037 +081 -006 -100 -070 +012 -032 -031 -017 -025 -074 -033 -071 +068 -010 -055 +075
-010 -030 +036 +012 +045 +016 +077 +015 +073 +001 +053 -085 -023 -064 +082 -038 +041 +054 -012 +017 -002 +034 -053 +038 -056 -081 +040 +025 +072 -042 +070 +051 -041 +013 -065 +006 -087 -003 +047 +047 +080 +058 +000 +087 +035 -021 +016 +063 +056 -081 -086 +057 +006 +002 -018 -018 -077 -026 -061 +042
-063 +036 -003 +070 -025 -024 -068 +052 +022 -064 +016 +030 -053 +047 -071 +003 -020 -058 +076 +018 -014 +065 +054 +013 -063 +072 -013 +010 +022 -087 +075 +056 +081 -014 -040 +035 +003 -010 +018 -024 -001 -060 -088 -072 -006 +072 -076 +067 +037 +007 -078 +083 +078 +005 -046 -070 +008 +080 +014 -067
-024 +050 +018 -008 +057 +032 +073 +014 +021 -075 -046 -052 -031 -015 -028 -013 +063 +022 +057 +060 +068 -016 +043 -065 +061 +066 -060 -001 -015 -011 +084 +063 +003 +004 -026 +011 +062 +056 +023 +040 -004 +027 +012 +052 -072 +082 +008 +032 +081 +028 -031 -076 -085 -055 +023 +033 +020 +054 -036 +028
+068 +012 -021 -063 +028 -015 +043 -045 -052 +054 -027 +088 -028 +071 -070 -013 +046 +027 -064 -024 +022 -077 +025 +064 +068 +056 -023 +032 -013 +008 +061 -081 +015 +047 +006 -013 -021 +080 -005 +058 -016 +015 -071 +057 -027 +061 +006 -063 -057 +076 -083 -004 +030 +007 -020 -018 -066 -064 +016 +028
+023 +012 -012 +050 +061 +073 +068 +018 +033 -063 +045 -067 +073 -035 +067 +087 -070 -042 -048 +001 +075 -028 +027 +008 -055 -010 +045 -064 -082 +000 +002 +047 -031 -054 -087 -013 -048 -022 +030 +058 +006 -033 -010 +081 +021 +064 +030 +086 -006 +023 +001 -100 -080 +073 +000 +016 -022 +012 +053 +076
-066 +014 +018 +062 +046 -033 +070 -085 -013 -041 +005 -086 -051 -070 +085 +075 -060 +041 +064 -073 -014 -028 -061 +014 +075 +032 +007 +036 +034 -035 +060 -077 +065 +067 +026 -055 +010 +034 -037 +082 -043 +001 -060 -073 +070 -012 -085 +085 -033 +032 -067 +042 +052 -086 +035 +003 -073 -068 +011 -063
+072 -036 +046 -062 -082 -063 +035 -007 +027 -025 -086 +074 -036 +017 -082 -058 -036 +086 -087 -004 +021 +011 -030 -066 +010 +030 -010 +068 -016 -022 +075 -072 -066 -077 -006 +074 +008 +052 +051 -082 -083 -055 -023 +027 +031 +056 -040 -031 +011 -044 +034 -006 +043 +047 -066 +038 +024 +014 -005 -080
-023 -087 +024 +065 -038 +024 -012 +031 +036 +080 -011 +028 -015 +013 -070 +041 +045 +013 +022 -043 -055 +054 +083 -061 -088 +027 +012 +035 +018 +016 +080 +043 -001 -050 +046 +008 -002 -048 +081 -041 -062 +042 -010 -032 +021 +046 -043 -058 -032 -048 +054 +026 -053 +021 -046 -030 -016 +034 -006 -071
-041 +065 -012 +054 -036 +075 +086 +086 -002 +075 -026 -047 +048 -030 -062 -006 -081 +025 +055 +011 -023 +043 -082 +030 +071 -030 +086 +027 +032 +028 -088 +081 +086 +010 +081 -058 -028 +032 -023 +041 -014 +042 +041 -050 -067 -020 +075 +003 +068 +088 +071 +013 +087 -042 -050 +034 +030 -010 +058 +016
+051 -050 +080 -063 -070 -058 -061 -036 -028 -057 -044 -022 -027 +075 -033 +076 -047 -040 +070 -007 +062 +015 -034 +028 +100 -020 +024 -040 -081 -015 +027 -081 +065 -068 -086 +064 -025 +014 +083 +038 -048 +021 -051 +000 +073 +028 -068 +068 +051 +005 +003 +047 -000 +082 -013 -045 -028 +052 +003 -052
-066 +073 +036 +077 +020 +008 -027 +028 -018 +057 +066 +015 +002 -027 -025 +054 -014 -074 -025 -021 +080 -040 -074 -063 -017 -078 -047 +026 +031 -055 +053 +062 +055 +001 +055 +067 +011 -086 -043 -000 -023 -031 +076 +022 -033 +041 -068 -037 -023 +033 -021 +024 +043 +018 -077 +068 -050 +008 -042 +066
+050 -036 +008 -076 +083 +080 +023 -037 +018 +012 -018 -058 -014 +020 -042 +056 +015 +020 +041 -027 -003 +000 +015 +037 +012 -023 +045 +007 -028 +042 +075 +008 -071 +070 +080 +056 -067 -081 -014 +048 +052 -071 -006 -086 +065 -065 +025 -076 +041 -032 -062 -016 -017 +085 -051 -031 +025 +054 -010 +040
-065 +025 +015 -043 +034 +008 -068 +070 -054 +015 +001 -002 +063 +065 -021 -060 -060 +077 -047 +033 -087 -033 +065 +072 -012 -028 -074 +008 -087 -030 +077 -073 +038 +013 +046 -072 -076 -028 -040 -020 -023 -003 -044 +082 -034 -084 +021 +032 -005 +051 -061 +036 -004 +027 +062 +081 -037 -086 -076 -061
+054 +057 +032 -070 -018 +031 +021 -018 -065 -040 +045 +011 +051 -008 +062 +015 -046 +030 +085 -037 +048 -084 +013 -052 +070 -071 -044 +007 -003 -056 +046 -017 -040 +081 -072 +055 -055 +040 -037 +055 +057 +072 -003 +085 +002 +062 -001 -023 -077 +043 -085 -015 -081 -085 -047 +044 -011 +055 -043 +073
-054 -052 +027 -085 -047 +087 +071 +025 -017 +004 -042 +042 -028 +021 +030 -015 -060 +076 +053 +060 -048 +084 +052 +076 +084 +037 +038 -030 -085 +067 +072 -025 +030 +066 -047 +085 -017 -036 +062 -007 -031 +057 +010 +060 -066 +010 +068 +017 +033 +018 +012 +046 +061 +047 -062 +085 -052 -064 +066 +028
+088 +023 +086 +068 +080 +044 +078 +047 -083 +011 +008 -006 -030 +028 -057 +057 +014 +021 +053 -005 -022 +084 -062 -053 -035 +055 +078 +065 +030 +020 +086 -083 +062 +071 -065 +081 -042 +036 -010 -060 -054 +081 -053 +044 -008 -061 +087 -066 -030 +033 +038 -085 -016 +065 +023 -048 -067 -068 -008 -058
+056 +002 +072 -072 +072 +022 +053 +001 -036 -013 +026 -020 -067 -057 -028 +002 -043 +073 +047 -066 +042 +007 +030 -021 -044 -081 +043 +021 +004 -058 -017 -011 +015 +070 +002 +042 +005 -086 +007 +021 +031 +041 +064 -011 -082 -087 -078 -057 +078 -082 +045 -016 -070 -004 +037 -066 -045 +051 +031 -015
-036 +021 +063 +072 -040 -057 +060 +027 -063 -036 -030 -000 -034 +058 +012 -071 -042 +057 -040 +014 +062 -082 +067 +022 -084 -025 -026 +061 +053 +005 +054 +047 +064 +086 +020 -078 +043 -012 -004 -053 +022 +021 -062 -002 +052 -074 +025 +077 -050 -025 -056 +075 +012 -048 +086 +056 -038 -033 -018 -007
+031 +067 +046 +047 -035 -046 -054 -083 -042 +010 +034 +045 -015 -074 -061 +013 -065 +018 +063 +048 -063 -073 +052 -056 +022 -072 +062 +078 +014 +058 +012 +086 +078 +063 -013 +008 -021 -085 +057 +012 -058 -083 +060 -066 +048 -003 -005 +001 +064 -013 -037 -050 -080 -068 -036 -082 +063 +007 -084 +055
+002 -076 +060 +065 +083 -076 -076 +041 +022 -007 -086 +023 -051 -031 -001 -012 +083 +088 +046 +046 +067 +081 -017 -043 -023 -030 +075 +070 +053 +005 -012 -026 -053 -006 +075 +034 +078 -076 +037 +023 +085 +010 +017 -022 -037 +058 -036 +006 +006 +038 +014 -021 +083 -012 -055 -075 +035 +067 -055 +007
-018 +083 -014 -067 +048 -071 -073 -027 -074 -067 -016 -055 +050 -001 -065 -068 +064 -012 -000 +083 -042 +072 +032 -030 -000 -060 +004 -047 -018 +056 -056 -088 +057 -060 +037 +065 +035 -077 -043 +002 +053 +012 +012 -035 -036 +050 +057 +005 -035 -083 +057 +028 +086 +022 -007 -060 +038 -040 +000 +083
-085 +072 -036 -030 +085 -073 -035 +031 +023 -071 -061 +081 +075 +043 +006 +074 +050 +051 -051 -082 -064 +042 -083 -066 -053 +078 -033 +042 -040 -076 +017 -027 +017 -058 -048 +026 +056 +033 -052 +028 -001 -045 +076 -037 +038 +057 -060 -076 -007 +012 -028 +065 -021 -046 -048 -002 +070 -018 +003 -086
+010 +074 +000 -080 +047 -015 -088 +046 -003 -005 -057 +005 +064 -025 +042 +036 -044 -022 -077 -085 +063 +068 -048 +088 -083 +011 -057 -082 -005 +017 +085 +037 +010 +012 +026 +042 +044 +075 +064 +037 -004 +001 +051 -040 -028 +087 +055 +060 +016 -020 -087 -063 -058 -055 -052 +052 -017 +083 +017 +005
-014 -076 -053 -002 -001 +048 -023 -000 +038 -078 -051 -035 +063 -011 -051 -043 -005 +025 +038 -014 -067 -007 -023 +065 +086 -028 -004 -081 +015 +052 -056 -032 +080 -022 -060 +085 +011 -086 +015 +035 -022 -074 +082 +085 +060 -015 +002 +041 +087 +076 +044 -011 +015 -080 +008 -024 -032 +028 -087 -007
-081 -077 +057 +100 -011 -055 -000 +067 +017 -041 -026 +051 +076 +044 -005 +024 +071 +040 -005 -073 -065 +001 +000 +022 +050 -067 +087 +026 -088 +076 -057 -057 +068 +073 +035 +083 +015 -018 -084 -022 -008 +028 -015 +067 -067 -025 -088 +001 +000 -040 +044 -081 -085 +051 +002 +037 -031 +017 -055 +074
-076 +073 +058 -078 -031 +054 -010 -018 -018 +026 -087 +006 -033 -037 -072 +036 -082 +061 -006 -048 -056 -006 +076 +070 -006 -076 -035 -035 +076 +077 +034 +041 +084 +046 -027 -065 +054 +083 +040 -016 +057 +060 +078 -034 +036 +050 -057 -046 +010 -018 +017 -033 -005 +063 -052 +040 +033 -062 +078 +038
+071 +072 +001 -054 +008 -057 +033 +004 -067 -022 -082 -004 +060 -012 -022 +003 -016 +001 -040 -034 -038 -082 +072 +065 -005 -061 -011 +014 -072 -046 -070 -012 -021 -008 -081 -087 +066 -051 -021 -073 +017 -008 -048 -084 +026 +055 +075 +056 +006 +021 +065 +003 +051 -078 +075 +072 -038 -064 +003 +060
-050 +063 -043 +033 -045 +051 +035 +000 +076 -043 -086 +000 +054 -082 +022 -002 +027 +036 +050 -066 -082 -087 +061 -046 -046 -088 +022 -058 -002 -037 -088 -063 +001 -038 -075 +051 +003 +084 +056 +020 +052 +008 -066 +042 -004 +006 +034 +045 +071 +065 +074 -040 -032 +083 -082 +073 +005 +004 +068 -088
+010 +057 +012 +067 +076 -025 -086 +047 +005 +083 -028 +068 -072 +007 -036 +037 -001 -037 +085 -063 +052 -083 -002 -021 +063 +030 +041 +028 -047 +013 -030 +064 +061 +008 -004 +060 +021 +063 -000 +036 +048 +084 -076 +045 +086 -035 +100 +076 +023 -057 -024 +020 -057 -042 -068 +074 +027 -007 +061 +038
-076 +010 +077 +024 +004 -037 -057 +056 -062 -047 +083 +011 +048 -036 +008 +084 +013 +026 +078 -086 +052 -037 -071 +064 +037 -013 -088 -016 +084 +000 -067 +043 +065 +077 -055 +074 -005 +050 -020 -054 +080 +086 +002 -087 +016 -057 -065 -080 +087 -075 -035 +041 +034 -016 -036 -052 -012 -026 -033 +077
-028 +062 +040 -007 +071 -087 -012 +038 +076 +024 +084 -018 -058 -063 -008 -074 +005 -080 -027 -043 -020 -016 +030 -001 -047 -011 +053 -060 +018 -010 -074 +015 +023 +083 -022 -030 -042 -005 -027 -061 -018 -071 +031 -016 -075 -007 -040 +008 +038 -002 -021 -071 +025 +023 -034 +081 +023 -060 +088 +016
-052 -028 +084 +007 -001 -016 -080 -057 -051 -066 +035 +071 -057 -037 -070 +043 +058 +012 -082 +086 +084 -070 -023 -005 -086 +047 -013 +050 -002 -076 +040 -054 -032 +007 +068 +033 -072 -045 -048 -047 +057 +053 -061 +060 +002 -085 -013 +063 +082 +042 +041 +008 +080 +015 +031 +000 -088 +023 -074 -007
-088 +061 +030 -001 -076 +027 +017 -031 -100 -002 +000 +051 -074 -074 +048 +028 -021 +040 -064 -053 -031 +048 +006 +053 +005 +062 -064 -010 +082 -013 -072 -013 +028 +057 -032 -062 +056 -006 +005 +018 -061 +012 +044 -032 +036 +021 +010 +100 -044 -031 -055 -031 +030 -033 -037 +042 +018 -065 +012 -024
+004 -021 +013 -053 +027 +056 +056 +066 -024 -042 -003 -046 -066 +033 +057 -030 +073 -020 -050 +071 +022 -056 -002 +052 +033 +063 +021 +080 -038 +040 +002 +065 -040 -011 +053 +062 +030 +027 +082 -005 +024 -043 +058 +040 -008 +040 +071 +015 +083 -072 +041 -048 -062 +048 +020 +063 +084 +054 -050 -057
-020 +036 +003 +077 -054 +071 +001 +043 -066 -067 -004 +025 +025 -030 -043 +010 -067 +021 +070 -077 -017 -062 -020 -053 +072 +067 -054 +041 -063 +013 -043 +020 -067 +043 -030 -075 +064 -017 -083 +068 -081 -031 +054 +083 -015 -080 -026 +078 -024 -003 +023 -068 +025 +031 -015 +038 +025 +060 -016 +075
-020 +005 -071 +081 +051 -033 +082 -046 -085 -026 -070 +087 +024 +065 -016 -066 -055 -055 -064 -073 +020 +088 -020 -068 -022 +027 -056 +071 +077 +024 +064 -013 +053 -005 +025 +067 -032 -075 -044 +003 -075 -067 +016 +065 +070 +073 -071 -007 +047 +008 +001 -065 +002 -046 +023 -052 -017 +050 -073 +032
-061 +071 +000 +015 -071 +001 -026 -013 -055 +054 +075 -087 -035 -011 +012 -010 +037 -076 -046 +031 +004 -071 +038 -012 -062 -084 -081 +050 +053 +053 -066 -036 -100 +028 +040 +024 +044 +070 +048 -082 +068 +076 +022 +034 -027 +037 +065 +086 -015 -070 +007 +043 -054 +006 -045 -031 -003 -025 +070 +020
+045 +043 +066 -020 +040 +045 -032 +045 -048 +086 -075 +087 -011 +043 +046 +100 +050 +028 -055 -040 +021 -077 +041 +075 -013 -023 -100 +031 +060 +010 +007 +043 +057 -026 +072 -022 -050 +034 +064 +081 -034 -034 +010 -074 -041 +078 -004 +088 +051 -086 -050 -062 +072 -015 +040 +071 +033 -052 +022 -077
-035 -043 +016 -028 -065 -031 +064 +085 -041 +038 +074 -027 +027 +013 +037 +052 -057 -038 -020 -072 +067 +047 -087 +043 -087 +060 -016 +066 +031 +057 +052 +071 -024 -028 +022 +006 -023 -045 +020 -007 +012 +022 +073 +036 -085 -083 +028 -000 +070 -037 -078 -020 -062 +036 -075 +025 +047 +027 -038 -056
-073 +041 -030 +033 +078 +001 +024 -087 -057 +080 -020 +066 +054 +086 +058 -005 +015 -007 -061 +013 +065 +003 +033 -043 +045 +022 -076 -037 +031 +061 -030 -017 +053 +045 +020 +046 +068 -031 -064 +085 +052 -077 -071 +062 +061 -088 -055 -064 +010 -078 -075 -024 +087 +006 +023 -076 -028 +051 -063 +016
+047 -072 +070 -035 +055 -021 -068 -075 -080 -026 +007 +053 -031 +005 -025 +088 -087 -071 +008 +056 +038 -001 +070 -075 -046 -043 +062 -012 -072 -025 -037 +058 -000 +052 -022 -031 +041 +054 -016 +056 -003 +063 +086 +062 +058 +050 +077 -004 -057 +080 -007 -084 +044 +007 -085 +067 -060 +075 -006 +058
-077 +025 +080 -043 -028 -018 -001 +045 +070 -071 +046 -030 -016 +032 +014 -033 -002 +037 +047 -017 -052 +028 -062 +027 +040 +067 +058 -054 -028 -014 +005 +080 -082 +014 -057 +038 +045 +083 -040 +033 +040 +064 -030 +076 -031 -022 +036 +074 -040 -048 +075 -073 +071 -020 +033 +038 -077 +062 +072 -085
+085 +088 -000 -083 +056 -061 +024 +008 +076 -054 +053 +054 +068 +011 -003 -067 +043 -067 -000 +063 -082 +038 -034 +028 +074 -063 +085 +045 +021 -005 +062 +066 +043 -052 -002 -032 +023 -033 -061 -033 -015 +077 +045 +007 -032 -017 -087 -030 +064 -042 +058 -075 +080 -078 -084 -002 -024 +046 +001 +085
-028 -070 -057 +073 +051 +060 +054 -075 -017 +076 -063 -003 +045 +030 +070 -016 -030 -071 -062 +014 -003 +063 -073 -006 +081 -074 +022 -031 +100 +044 -036 +021 -017 +034 -058 +010 -084 -083 -072 -028 +023 -035 +036 -053 +064 -083 +084 -081 -071 -038 -100 -071 -064 +082 -073 +061 +000 -055 -038 +018
+015 -027 +040 +051 -033 -028 +023 +031 -005 -021 -006 -063 -051 -056 -027 +023 +012 +022 +020 -057 -031 +008 -052 +087 -027 -032 +084 -014 -034 +011 +005 +086 -018 +084 +047 -035 +025 +062 -044 +001 -021 +008 +052 +047 -056 +082 +023 -062 -010 +011 -015 +045 +040 -014 +023 -010 -043 +074 +026 -054
-070 -086 +001 +058 +001 +035 +045 +037 +032 -022 +080 -055 -085 -012 -053 +037 -006 +020 +012 +017 +077 -038 +046 -077 -076 +020 +063 -077 +025 +045 +036 +000 +077 -047 +058 +003 -082 +031 -034 -072 +015 +023 +027 +062 -073 +038 +047 +012 -080 -011 -011 -015 -086 +073 +062 +006 -078 -026 -064 +007
-018 -026 -037 -062 +082 +078 +024 +052 -027 -053 -076 +024 +028 +077 -000 +066 -068 -020 -040 -085 -001 -027 +000 +056 +021 -062 -078 +016 -081 +031 -021 -045 +074 -012 -006 -028 -030 +074 -067 +031 +030 -044 -054 +035 +054 +041 -011 +014 +024 -036 +008 +003 +023 +027 +053 -015 -001 +012 +041 +004
-070 +038 +037 +022 +050 +016 -024 -030 -051 -007 -033 +075 -043 -086 +000 +011 +065 -076 -052 -073 -022 +031 +021 +081 +033 -042 -067 +054 -057 -038 +045 -051 +060 +071 +044 +037 -016 -055 +030 +038 +060 +014 +064 -057 -034 -078 -001 -031 -040 +074 +023 +085 +002 +045 -042 -035 +025 -051 +007 +058
+074 +030 +017 -064 +040 +010 -041 +078 -054 -048 -065 +014 -053 -026 +036 -028 -047 +078 +023 +023 +085 -021 +015 +023 -086 +034 +035 -014 -087 -041 -085 +081 +035 -014 +084 -077 -024 -027 -031 -000 -083 -000 -006 -035 +083 +012 +064 +074 +006 -071 -035 -084 +038 +032 +017 -048 +084 -044 -017 +071
-100 +100 +067 +027 -014 +030 -038 +005 -025 +088 -045 -036 +022 -033 -067 -084 -051 -014 -005 -071 -000 +082 +055 +042 +050 +084 +088 +066 -066 -075 +052 -027 -055 +085 -045 -051 +012 -070 +034 -013 -065 +043 -028 +057 +047 +083 +072 +060 -022 -036 +036 +058 +040 +034 -052 +032 -054 -028 -025 +075
-051 -057 -071 +088 +014 +043 -026 -040 +038 -086 -076 -004 -088 +033 -033 -088 +021 -041 +000 -067 +065 -088 -062 -044 -086 +051 -003 +027 -050 -024 +026 -046 +043 -077 -087 -011 -006 -030 +023 -046 -056 +063 +025 -041 -082 -002 +042 +020 -017 +037 +014 +003 -048 +084 +033 -005 +068 -061 -025 -053
+027 +001 +004 +030 -050 +062 +078 -021 +084 -066 -034 -056 -011 +025 +070 -040 +100 +074 +067 +060 -022 +034 +056 -002 +011 +086 -075 +083 +080 +021 -075 +037 -022 +061 +072 -007 -047 +065 +015 -024 -074 -014 -080 +070 -081 +004 -071 -050 -061 +088 -076 +013 -007 +080 -076 +001 +064 -053 +071 +026
-030 -062 +012 -078 -002 -043 -070 -047 -065 +063 -035 -000 +057 -027 +047 +056 +000 +004 +011 +050 -010 +031 -065 -030 -083 -066 +026 -076 +080 +032 +007 +003 +088 -073 +068 -035 +072 +088 -048 +004 -036 +000 -016 +074 +063 +025 -017 +061 +010 +048 +064 -082 -055 +047 -045 +081 -100 -077 -052 -030
-007 +008 +033 +080 +026 +010 -064 -017 +071 +045 +075 +084 -038 -003 +026 +033 -008 +014 +046 -061 +047 +034 +046 +045 +004 +068 -058 -060 -048 +036 -085 -003 +020 +048 +000 +046 -016 -042 +063 -054 +077 -072 -057 +067 -045 +028 +086 -022 -070 +025 -028 +046 -058 +087 -085 +088 -066 -000 -032 -007
+015 +078 +064 -045 -062 +006 +053 +043 +086 -086 +056 -020 +038 -023 +046 -018 -011 +031 +078 +050 -036 -026 +076 -027 +034 -066 +024 -055 -037 -034 -000 -003 -043 -071 -017 -027 -036 -084 +028 +042 +087 -044 +035 -064 +027 +058 +037 +076 +024 -076 +048 -071 +007 -026 +036 +021 -085 +036 +047 +010
+001 +053 -000 +060 +055 -058 -037 +022 -053 -062 +034 -010 +034 +077 +060 -068 +010 -085 +002 -018 -043 +011 +087 -043 -025 -052 -023 -032 -075 +016 +078 -062 -077 +033 -013 -052 -051 -005 +007 +076 +005 +011 +030 -018 -014 +071 -057 -003 -051 +006 -053 +044 +045 +072 +003 +050 +002 +050 +088 +063
-061 -054 +023 -017 +011 -075 +087 -074 +054 +060 +058 -074 -100 +023 +037 -040 -048 +081 -081 -032 +026 +084 +000 +025 -036 +050 +032 -014 +021 +001 +051 +035 -014 -044 +100 +070 +008 +022 -083 +043 +065 -026 -010 -048 +012 -022 +058 -087 +063 -068 -045 -026 -042 +074 -031 -100 -040 -071 +082 +071
+004 -082 +050 -045 +046 +042 -042 -020 +002 +056 -042 +068 +021 +067 +071 +071 -065 -052 -070 -074 +030 -050 -071 -033 -027 +067 +084 +056 +028 +057 +013 -072 +020 -008 +038 -006 +012 +016 -023 +068 +036 -033 +004 -040 +046 +053 +028 +038 +056 -076 +015 -055 -037 +020 +054 -046 +051 +052 -056 +040
-035 +035 -006 -085 +054 +048 -010 -063 +100 +100 -011 +062 +063 -000 -022 +063 +031 -002 -051 -013 +088 +037 +045 -061 +010 -048 -061 -008 -086 +042 -000 +014 +010 +006 -065 -024 -058 +038 +082 -067 -047 -032 -010 +012 +077 +020 +068 -051 +087 -062 +047 -086 -065 +078 +052 +051 +024 +046 +086 +016
+007 +025 -047 -011 +023 -046 +071 +070 -067 -028 +076 -078 +081 -031 -020 -040 +040 -046 +070 -076 -064 -058 +037 -075 +053 +057 -064 +012 +088 -054 -018 +036 +028 -048 -071 -008 +018 +057 -064 -000 +040 -050 -053 +015 -051 -070 -024 +030 +037 +038 +060 -048 -048 -053 +047 +007 -001 +073 -084 +021
-035 +080 +013 +062 -064 -004 -016 +063 +040 -081 -080 -073 +023 +062 +015 -037 -087 +015 -027 -048 -036 -008 +038 -055 +044 -005 -053 -047 +008 -067 +081 -004 -064 +055 -030 +015 -018 -067 -045 -074 -062 +060 -030 -052 -044 -021 -086 -044 +008 +086 -002 +100 +075 -021 -014 +010 +076 +005 +025 +053
+072 -077 -038 -062 +054 -084 -008 -003 -015 -047 +048 -011 +066 +023 -080 -018 +030 +035 -017 +082 -043 -064 -055 +100 -046 -011 +033 +067 +054 +061 +007 -043 +070 -006 -021 +036 +068 -042 -014 +076 +075 -025 +022 +065 -054 +028 +064 -034 +042 -006 -030 +000 +065 -027 +028 +025 -086 +038 +014 -081
+006 +020 -034 +085 -067 +087 +037 +052 -004 +032 +006 -068 -033 +011 -004 +083 -016 -015 -050 -053 +087 +010 +051 -072 -008 -080 +013 -084 +018 +061 -032 +031 +081 +017 +060 -015 -050 -050 +036 +064 +085 -077 +100 +078 +008 -020 +061 +062 +063 +038 -087 -017 +030 +013 +085 -085 -085 -011 -021 -053
-046 +083 -008 +008 +067 +085 -011 +044 +068 +003 +030 +032 -057 +062 -025 -005 -034 +021 -026 -045 -050 +040 +074 +056 -068 -056 +025 +064 -062 -078 -064 +033 -047 +050 -100 +013 -054 -007 -072 +006 -048 +070 -071 -070 -063 +056 +082 +060 -008 +057 -082 +074 +044 +060 +065 +071 -068 +001 -016 +056
-000 +066 -042 -002 -064 +044 +056 +041 -100 -020 +085 -030 -033 -015 -062 -058 -027 +062 +015 -062 -010 +042 -088 +014 +100 -033 +000 -073 -031 -026 +044 +031 +061 +001 -020 -000 +003 +002 -083 +082 -065 -046 -026 -010 -081 +018 +077 +054 +062 -071 -027 +081 +025 +051 -052 -050 -003 -017 -081 -025
-014 -075 -001 +015 +021 -043 +043 -044 +054 -021 -020 +083 -061 -011 +004 +025 -058 +057 -065 +023 +077 +037 -033 -036 -028 -017 -077 -007 -086 +010 +033 +047 -006 +041 -032 -081 +038 -065 +081 -053 -025 +026 +065 +066 +061 +041 +071 +083 +078 +017 -007 +017 +015 -023 -017 -047 -040 -065 +044 +023
+073 -087 +057 +088 +053 +072 -002 -023 -058 -082 -053 +004 +063 +064 -036 -046 -030 -082 +065 -084 -045 +018 +055 -030 +016 -071 +032 +042 -057 -005 +023 -025 -061 -053 -078 +050 +062 +024 +054 +015 -065 +020 -067 +002 -056 -068 +072 -076 +062 -056 -050 -045 +031 -021 +070 -083 -065 +040 +050 -041
-005 -042 +040 -061 +002 -084 -004 +072 -065 -022 -034 +060 +024 -041 -042 -000 -016 +071 +051 -063 -057 +057 +007 +067 -077 +053 +081 -003 -046 +027 +012 -087 +014 -014 +087 -030 -005 -071 -030 -012 -072 +067 +005 -053 -035 +018 -084 +010 +037 -000 +058 -041 -055 +086 +037 +042 -078 -035 +008 -032
+028 -001 +071 +072 -063 +050 -075 -021 +025 +062 -044 +041 +061 +073 -075 +061 -076 -084 -042 +038 -018 -026 +007 +077 +085 -005 +052 +076 -046 -034 +053 +003 -026 +013 +026 +007 -033 +036 +008 +027 -043 +075 -008 -000 -011 -084 +076 -078 +043 -022 +002 +047 +003 -037 +072 +026 -056 -005 -037 -075
-086 -001 -076 +088 +012 -010 +002 +056 -062 -054 -042 +061 +066 -045 +045 -060 +043 +077 -060 +021 -058 +031 +037 +050 +000 +065 -031 +025 +078 +051 +048 +087 -077 +075 -042 -055 -013 +074 +030 +052 +064 -075 +013 +056 +087 +014 -084 -054 -050 -004 -061 +032 +070 -088 -087 +034 -047 +034 -070 +081
+034 +002 -046 -085 -073 -010 -048 +061 +050 -033 +057 +014 -016 -031 +027 +086 +055 -038 -080 -037 -003 -034 +066 +066 -050 -080 -056 -076 -087 -032 +037 -078 -024 -038 -078 -065 -073 -031 -007 +048 +054 +080 -046 +012 +078 +072 +065 +032 +047 -053 +080 +077 +005 -085 -036 -015 +083 -014 +010 +078
+065 -004 -084 -067 -075 -068 -067 +062 +031 +022 +022 -010 +008 -056 -070 +024 -065 -068 -020 -003 -038 -006 -035 +035 -060 +083 +061 -016 +002 +068 -007 -003 +004 +088 -045 -035 +024 +086 +018 -028 -022 -051 -060 +010 -054 +100 -024 -010 -052 +053 -061 -041 +047 +073 +037 +062 +030 +088 +075 +060
+001 +088 -030 -020 +015 -020 +080 -026 -022 -032 -057 +086 -030 +036 +073 +080 +031 +026 +055 +034 +046 +088 -076 -016 -044 +074 -011 -022 +065 -033 -002 -068 +070 +043 +016 +073 -042 +037 +033 -067 +072 +002 +011 +018 -023 -035 -054 -061 +004 -001 +042 +045 +014 +003 -084 -083 -078 -017 -005 -064
-065 -035 +041 -073 +005 -051 -074 -082 -023 -013 -054 +062 +044 -060 -084 +045 -026 +002 -083 +003 -074 -064 -055 +000 -040 -012 +007 +000 -078 +022 +045 +064 -018 -052 -023 -073 +023 -013 +075 +012 +020 +015 -074 +053 +068 -015 -006 -070 +057 -066 -025 +007 +045 -023 +020 +037 -076 +005 +032 -034
+085 +088 -058 -100 -014 -000 +028 -051 -023 +002 -040 -082 +017 +080 +081 +084 -042 -065 +051 -072 -056 -022 -041 -034 +078 +014 -064 +042 -027 -064 -011 -033 -030 -072 -052 +081 +058 -100 +027 -003 -040 -057 -070 -080 +086 -001 -020 -000 +055 +058 -051 -073 +005 -058 -075 -038 -086 +062 +012 -057
+023 +035 -061 -078 +084 +015 +022 +045 -004 -053 -062 -012 -058 +006 +042 +068 +026 +027 -046 -053 -048 -084 +041 +041 -017 -051 -030 +076 -000 +067 -061 +062 -007 -046 -087 +005 -050 +052 -031 +080 +026 -084 +035 +003 +045 -037 -076 -016 -052 +002 -013 -051 +037 -065 -064 -077 -012 -031 +002 +025
+043 +028 +058 +064 -065 +017 -071 -020 +037 +016 +006 -084 +033 +072 +075 +011 +054 +014 -072 +034 +100 +068 -037 +026 +076 +016 -051 -010 -037 -070 +031 +023 +040 -045 -070 -040 -006 -057 -086 -011 -083 -064 -055 -048 +025 +085 +087 +007 -087 +073 +044 -008 -022 -012 -028 -010 -020 +011 +003 +060
+078 -066 -036 +055 +088 +057 +015 +055 -013 -007 +053 -071 -045 -020 -033 +018 -022 -022 +047 +003 -024 -084 -062 +037 +053 -037 +067 +076 -047 -043 +011 -083 +004 +043 -068 +023 -024 +006 +000 -088 +008 +044 +030 -046 +054 -043 -013 -047 +100 -074 +068 -007 -036 +054 +065 -057 +030 +048 +060 +034
-086 +065 -032 +038 +034 +037 +060 +017 -088 -083 +050 -068 +040 -065 -061 +046 +031 +010 -014 -087 +013 +075 -005 -042 -035 +022 +071 +054 +076 +023 -072 +042 -085 -011 -046 -080 +084 -081 +007 -015 +037 +034 -027 -061 +043 -053 +015 -020 -065 +010 +083 -023 -016 -046 +033 +085 -015 -080 -025 +062
+038 +037 +056 -082 -071 +074 -018 -028 +045 -027 +045 -083 +036 +051 -067 +088 +043 -086 +013 -017 +002 -025 -028 +011 +014 -027 -061 +087 -058 +037 -066 -067 -005 -001 +016 +081 -043 -048 +021 -056 -004 -037 +043 +081 +043 -068 -018 -046 +012 -012 +003 +038 +005 -046 +065 -000 +078 -036 +071 +058
+023 +086 +024 +040 +030 -085 +014 +044 +024 +068 -040 -017 -084 +035 -014 +073 -067 +054 -067 +055 +052 +048 -043 +000 +056 +041 -078 -053 -038 -046 -030 -033 -006 +054 -061 +010 -075 +010 -014 +013 +081 +072 +044 -015 +056 +006 +078 +078 +034 +011 +015 +083 -074 +055 -023 -047 +077 +056 -076 +054
+074 -051 +007 -072 -045 +047 -072 -053 -011 -006 -037 +031 +015 +045 +052 +051 +064 +004 -013 -072 -026 +026 +077 -081 +015 -072 +038 +038 +066 -038 +078 +006 +000 -027 -013 +002 +014 -074 -005 -047 +002 +020 +031 +083 -020 +060 +024 +014 +051 +047 +037 +010 +071 +033 +033 +044 +047 +028 +073 +037
-038 -064 +011 -053 -050 -047 -061 +050 +026 +020 +073 -061 +002 +072 -012 +064 +068 -026 -067 +083 +036 +088 +070 -074 +073 +040 +031 -011 -062 +015 +018 -046 +082 -004 +004 -018 -037 +074 -076 +100 +052 +046 +067 +010 +000 +062 -007 +052 -038 -017 +017 +002 -000 +026 +062 -042 -017 +042 -063 +016
-038 +025 -088 -011 -042 -016 +035 +014 -045 -027 +011 +032 +025 +051 -088 -057 -070 -060 +037 -024 +064 -020 +078 -023 -020 +068 +007 +032 -087 +008 -058 +017 -011 -025 -043 +018 +077 -005 -026 -052 +004 +051 -037 -044 -030 +042 +027 -038 +034 +036 +017 +074 -032 +088 -071 -032 +025 -016 -042 -100
-020 -024 +074 -025 +034 +034 -015 -036 -015 +071 +045 +074 +020 +075 -057 +008 -078 +043 +016 -007 +062 +022 +067 +065 +063 -028 -012 +011 -057 -085 +003 -004 -017 -051 -034 -025 +085 -057 +083 -060 -055 +078 -038 +014 +020 +027 -080 -005 -083 -086 -002 +018 -034 -026 +072 -057 +004 +046 -012 -053
-038 +053 -043 +037 +011 +055 -046 -000 -071 -063 +088 -030 -024 -025 -026 +040 +012 -045 +002 -023 -082 -071 +010 -074 -066 -068 -007 +060 -085 -077 +027 +017 -045 -001 -017 -005 +057 +072 +027 -023 +004 -007 +072 -016 +034 -048 -074 -048 -072 +007 -077 +006 -004 -063 +043 +066 -044 -024 +017 -052
-086 +025 +015 +057 +057 +015 +031 +030 +030 +006 -018 -004 -063 +025 -086 -071 -012 +078 -066 +065 +011 +063 -026 +081 -017 +028 +026 -016 -042 +060 +060 +064 +037 -073 +077 +038 +035 -027 +006 -005 -003 +008 +088 +070 +038 +003 -048 -024 +070 -088 +005 -065 +000 +007 +074 +030 +051 +073 -035 -017
+058 -074 +033 -066 -053 -041 -047 +033 -086 +024 -015 -008 +075 -052 +008 +021 -038 +045 -063 +037 -002 -074 +035 +045 +085 -021 +046 -018 -080 -046 -087 +082 +065 +046 -088 +017 +080 +073 -025 +018 +017 +055 -004 +068 +023 +050 +027 +053 +016 +055 +015 -015 +003 +066 +067 +080 +078 -061 +067 +087
-030 -051 -051 +044 -011 -017 -025 -002 -004 +084 -052 +028 +073 -048 +036 +051 +063 -064 -061 +048 +050 -060 +040 +050 -012 -015 +047 +026 -056 -023 +016 -076 +046 -023 +044 +005 +086 +071 -088 +074 -022 -032 -016 -022 +081 +086 +017 -077 -070 +018 -043 -076 +007 -058 +034 +028 -057 +055 +020 +058
-063 +010 -043 +044 +081 -014 -084 +064 -024 +022 +044 +068 -015 -033 -082 -026 +042 +004 +044 -021 -073 +032 +080 -038 -055 -035 +027 -024 -051 -046 -061 -038 -076 -021 +033 -075 +063 +058 +042 +026 +008 +070 -088 +006 +024 -085 -011 -022 -000 -005 -070 +025 +062 +025 +002 -010 -058 -074 +013 -071
-065 +047 +012 +010 +084 -074 +046 +012 +015 -003 +018 -070 -086 +076 -072 -006 -048 -062 -025 -007 -058 +053 +033 +053 -067 +051 +025 -052 -058 -041 -018 +056 +023 +057 +100 -083 +086 -040 -016 -011 -054 +018 -071 -025 -078 -060 -065 -087 -013 -070 -075 +068 +062 +073 +034 +010 -040 -082 +014 -055
-050 +053 -046 +044 -087 +055 -084 +022 +035 +037 -075 +071 +004 -025 +008 -030 +047 +065 -083 -084 -056 -045 +085 -043 -100 +054 -085 +011 -087 -070 -012 +004 +088 +013 -010 -033 -022 +000 +081 +020 -020 -033 -002 +083 +058 +055 +004 -062 -036 +004 -080 -047 -027 +007 -057 +071 +078 +057 -083 -031
-053 -035 +057 +081 -084 +085 +046 +015 +086 +083 +004 -006 +040 -072 +050 -014 +031 +083 +060 -036 -076 -004 -014 -033 -077 -035 +020 -036 -028 +083 +057 -047 -030 +046 +077 +068 +018 -067 +030 -067 -011 +016 +076 +054 -024 +026 -015 +048 -006 -068 +052 -008 +032 +083 -078 -060 +046 +082 +084 -080
+030 +003 +085 -085 -083 -048 -063 +035 +077 -065 -045 +033 -031 +055 +002 +082 +034 -037 -075 -068 +071 -053 +023 +058 -050 -078 -085 -015 +088 -022 -022 -007 +065 -024 -058 -046 -073 -007 +080 -058 -042 +004 -063 -031 -068 +084 +055 +018 -015 -088 +065 +018 +088 +075 +011 +012 -000 +048 +028 +074
-054 -022 -043 -073 -025 -036 +053 -043 +058 -047 +026 +037 +055 +066 -032 -016 +046 +086 +060 -027 +075 +042 -065 -048 -026 +000 +035 -045 +040 +036 -001 -002 +012 +028 -025 -006 +013 -024 -052 -035 +002 -040 -034 -021 +023 +062 -002 -051 -084 -083 -080 -002 -021 +067 +026 +085 -017 +071 -006 +080
-061 -073 +020 -021 -012 +028 +022 -001 -014 +038 +085 -008 -061 +016 -013 +058 +074 +071 -034 -072 -055 +004 -031 +086 +026 -057 -068 -100 -073 +078 -024 -020 -041 -018 +011 -073 -075 +044 -046 +044 -078 -066 +048 +080 -075 +030 +086 -043 +000 -057 -060 +063 +072 +062 +056 -057 -024 +047 -018 +055
+003 +067 -010 -064 -067 -058 -014 +046 +034 -037 -012 -015 -036 -037 -064 -061 -088 -042 -023 +021 -025 -005 -056 -030 +032 +006 -032 -075 +050 -053 -071 +021 -014 +011 +072 -083 +072 -064 -064 -088 -020 +021 -047 -051 -081 -073 +084 +057 -046 +006 +063 +050 -012 +010 -081 +085 +003 +048 +038 -086
+011 +013 -067 +015 +078 -042 +015 +047 +056 -074 -084 -087 +086 -001 +031 -015 +004 -007 +007 +046 +073 +027 -023 -051 -004 +088 -087 -044 +000 -050 -015 -087 -066 -016 -011 +083 +050 -080 +087 -025 +068 +047 +013 -000 +043 -061 +013 +023 +036 +006 +001 -037 -048 -031 +062 -086 +082 +036 -034 -086
+064 +047 +078 +046 +013 +004 -061 +075 +042 +087 -004 -075 +006 +031 +020 +058 +040 -001 -041 -022 +070 +041 -047 -080 +062 -076 +002 -000 -017 +075 -031 +021 -038 -088 -078 +047 +045 +003 +044 +026 -083 +055 +033 +077 -042 -075 +002 +050 -062 +000 +013 -058 +071 -085 -086 -012 +056 -015 -010 +047
-020 -088 -035 +072 -003 -058 +085 +100 +017 +035 -080 -086 +007 -046 -024 -063 +087 +082 -035 -082 -007 +054 +067 +011 +058 -062 -027 +001 -050 +011 +076 +078 +051 -071 -047 +044 -047 -073 -015 -026 -066 +004 +042 -036 -065 -044 -043 -015 -067 +024 -007 +001 -066 +032 +006 -021 -000 -030 +021 -042
+031 -067 -006 -042 -084 +030 +075 +002 -031 -080 +038 +017 +037 +026 -077 -025 +023 +028 -073 -058 -018 +081 -015 -041 -004 -082 -055 +048 +005 -047 -004 +002 -070 -075 -003 +012 +080 -061 -014 +048 -012 +018 -088 +087 +087 +003 -030 +055 +014 -080 +037 +012 +040 -032 +014 -064 -077 +037 +007 -011
-083 -080 -067 +051 +004 +073 -067 +015 +077 +086 +073 +033 -051 -043 -048 -053 -013 +008 -037 -074 +033 +025 +054 +051 -087 -008 +021 +070 +068 -047 -057 +051 -100 -021 +085 -002 +020 -045 +086 +084 -054 +007 +028 +000 -053 +057 +012 +018 +046 +074 -020 -080 -012 -026 -052 +057 -080 -084 +018 +050
+004 -050 +042 +010 -048 +001 +061 +071 -017 +056 +011 +032 -055 +023 -086 -017 +002 -026 -083 +000 +064 +006 -000 +041 +024 -034 -050 +005 -084 +016 +011 +005 -012 -100 -010 -070 +073 -027 -066 +037 -058 -000 -021 -037 +062 +018 -027 +035 -038 -044 +024 -034 -087 +060 -006 -053 +056 +067 +066 -070
-056 -030 +031 -008 +063 +063 +073 +065 -012 -052 +056 -005 -004 +004 +057 +062 -015 +026 -077 -025 +052 -046 +018 +005 +041 +077 -033 -025 -065 +058 -034 +001 -013 -056 +058 +065 -021 +015 +062 -074 +018 -076 -003 +064 +026 -002 +014 -018 -012 +018 -008 -004 -071 +088 -040 -075 -036 -034 +041 -084
-056 +054 -087 -064 +017 -064 +031 -050 -041 +047 -083 +053 -016 +077 -048 -070 +073 +012 -040 -010 -012 -078 +052 -033 +030 -004 -075 -070 +016 -038 -058 +027 +004 +058 +073 -024 -013 -062 -011 +062 -045 +057 -002 -011 +010 -026 +064 +083 +043 +031 -014 +031 -073 -077 -002 -078 +013 +072 +037 -024
+100 -055 +006 +074 -036 +055 +010 -060 +063 +062 -006 -016 +032 +016 +082 +023 +076 +054 +033 -084 -022 +083 -057 +077 -016 -056 -080 +055 +005 +060 -032 -031 +024 +046 +003 +023 -081 -023 +013 +014 +043 -076 +078 +000 -066 -036 -054 +016 -074 -065 +062 -035 -017 -064 -030 -033 -038 -050 +060 +027
+001 +074 +070 +040 -037 -046 -001 +050 -003 +088 +034 +088 -020 -084 -008 -004 +078 +024 +024 +048 -025 -031 +012 -040 +050 +045 +056 -008 -030 -056 -004 -044 +017 -025 -017 +048 -057 +001 +031 +057 -057 +077 +038 -027 +007 +018 -082 -083 -002 +077 +002 +052 +034 +072 -004 +066 -036 +001 +087 -062
+020 -040 +063 -053 -046 +074 +024 +088 +021 -024 -038 +026 +007 -015 +054 +003 -072 +040 +075 +051 -033 -013 -076 +076 +036 +067 +062 -062 -077 +066 +063 -014 +004 +024 +046 +068 -022 -067 +013 -052 +055 +055 -007 -006 +040 -058 +074 -024 -015 +076 +007 +067 -038 +036 +072 -047 +085 -024 -070 +014
-074 +002 -085 -013 -048 -074 -073 +016 -050 -023 +031 +014 +025 -077 -053 +086 -100 +074 +005 +033 -064 -024 +061 +035 -077 +023 +012 -034 -021 -012 -028 -075 +073 -051 -024 +033 -044 +013 +013 -016 -036 +056 +035 -054 +067 -017 +050 +024 -085 -052 -028 +076 +034 -072 +021 +024 +078 +013 +031 +011
-074 -015 +013 +083 -046 -085 -100 -023 -005 -084 -002 -025 -022 -028 +027 +012 +020 -011 -018 +063 -026 +054 -035 +004 -072 -006 -050 -041 -016 -024 -023 -083 -064 +024 -025 +006 +010 +011 -064 +083 -003 +080 -050 +006 +068 -086 +100 -076 +011 -037 +037 +006 -014 -048 -043 +060 -008 -022 -084 -086
