+075 -041 +021 -075 -004 -040 +048 -028 -061 -051 +067 -014 +058 +087 -043 +036 -027 +067 -061 -038 -076 -064 -008 +071 -060 -062 +083 -070 -003 -084 -008 +087 -034 -040 -001 -085 -028 +021 -052 -022 +066 -030 +001
-016 +033 +035 +056 -078 -083 -030 -081 -050 -087 +040 +011 +040 -063 -040 +024 +076 -075 -023 +033 +085 +063 +052 +065 -075 -085 -051 +066 +065 -082 +012 +088 -026 -078 -054 +022 -020 +048 +083 -075 +057 -054 +011
-053 +015 +053 -062 -002 +076 +063 +067 +021 +021 +006 +084 +037 -008 +024 -008 +010 -073 +046 +014 +015 -030 -005 +050 +066 -024 -067 -055 +045 +077 -038 -048 -028 -015 +005 +034 -037 +011 -075 -081 +011 +022 -010
+074 -031 -075 +024 +008 +041 +024 +041 +070 +062 -072 +078 +028 +084 +061 +088 -077 +012 -026 -070 +060 -055 +010 -070 +073 -086 +011 -076 +022 -075 -066 +025 +047 +044 +063 +082 -021 -057 -041 -004 -043 -016 +038
-022 +082 -063 -001 -027 -055 +087 -072 +017 -100 +018 -055 -078 -017 +023 -056 +017 +070 +020 +067 -043 +033 -006 +003 +008 -066 -038 -048 -078 +041 +054 +075 +046 -061 -018 +046 -060 -001 +015 -037 +037 +087 +010
+053 +032 -073 -030 +086 -030 -052 +014 -047 -017 -048 +037 -020 -055 +070 -078 -002 +038 -026 -085 -008 +084 +036 -068 -024 +014 +043 -041 -043 +014 -063 -011 -081 +001 +024 +026 -007 +051 -061 -005 -056 -015 +013
-014 +058 +021 -068 +006 +086 +017 +040 +073 -001 -003 -046 +033 +002 -058 -067 -073 +085 -076 +012 -034 -071 -013 +055 -021 +078 -073 -100 -017 -065 +087 -017 -028 +085 +081 -003 +038 -040 +051 -044 +055 +054 +064
+074 -061 -048 +050 +047 +030 -028 +048 +030 -007 +073 +013 +075 +001 -083 -033 -034 -053 +014 -012 +056 -023 +021 +055 +048 -081 +000 -038 +048 +016 +011 -034 -087 +027 -072 +018 -015 +030 -082 -062 -033 -023 +007
-031 -004 +042 +031 -010 -044 -044 -072 -011 +020 +026 +005 +000 +042 -006 -077 -058 -076 +071 +015 -038 -056 -006 -017 -085 -074 -045 +073 -041 -057 -013 -030 -052 -071 +002 -027 +024 -015 -080 -012 -034 +071 +055
+027 -003 -048 -003 +041 -028 -078 +034 +053 -023 -066 -037 +066 +076 -016 -074 -021 +054 +013 -072 +052 -063 -045 +010 -011 +037 -082 +016 +054 +012 -046 +043 +034 +085 -027 -023 +057 -007 +014 -083 +051 +002 -022
-062 +063 +016 -030 +021 +006 -060 +066 -011 -027 -072 +022 +084 +078 +042 -008 +028 -042 -031 +075 +034 +061 -011 +020 +022 +074 -051 +081 -022 +087 -078 -040 -004 -035 -056 -053 -087 -045 -062 -078 +045 -065 +081
-084 -015 -075 -084 -086 -022 +007 -038 +080 -018 +058 +062 +084 -028 +011 +044 -082 -087 -014 -007 +006 +021 -071 +063 -003 +038 -082 -076 -065 +008 +027 -006 -027 +046 -081 +054 +032 +073 -077 -027 -024 +034 +003
+035 +076 -003 -077 +077 -077 -048 +013 -074 +053 +063 +025 +087 +034 +035 +032 +072 +061 -062 -056 +043 +015 +033 +054 -001 +004 +016 -024 +034 -004 +001 -073 +007 -017 -070 -040 -037 -002 +037 +051 +073 -030 -051
-057 +016 +068 +021 +007 -017 +072 -001 -005 -081 -100 +054 +033 +051 +072 -000 -017 +072 +055 -088 +060 +070 +014 -021 -013 -058 +001 +088 +003 -086 +080 -061 +037 -038 +013 -040 +042 -083 +016 +086 +021 -063 -075
+052 +027 -088 +057 +013 +031 -028 -071 -051 -007 +026 +035 +034 +076 -080 -076 +073 -027 +082 +073 -058 -071 +066 +042 -082 +082 -088 +054 -068 -054 -020 -064 +075 -036 -071 +023 +018 -046 -014 +005 +075 +028 -030
-053 -076 +012 -000 +077 +035 -045 -035 +018 +068 +007 +080 +067 +061 -088 -052 -077 +014 +081 -005 -056 +050 +022 +036 +088 -017 +047 +004 -025 +088 +058 -076 -055 -006 -042 -064 -030 +042 +037 -041 -040 -072 -031
-041 -038 +057 -038 -037 -005 -066 -067 +032 +037 -050 -036 +055 +073 -032 -051 -068 +050 +088 -060 +052 +082 -062 +042 -028 -076 +066 +073 -044 -081 -035 -037 -044 -020 +048 -071 +020 +061 -040 -047 -076 +060 -018
-066 +086 +006 +084 -083 +016 -075 +066 -021 -082 -016 +007 -007 -041 -030 +017 +051 -044 +073 +005 -081 -041 +056 +014 -026 -016 +076 -056 +084 +012 -004 +038 -066 -007 -046 +080 +008 +000 +080 +013 -035 -062 +030
+023 +082 +060 +053 -054 -007 +064 +007 +062 -075 -012 +056 +022 +070 +004 +087 +003 +057 +036 +026 +062 +005 +080 +025 +042 -060 +057 +056 +072 +015 +017 +043 -056 -021 +078 +011 +006 -021 +071 -020 -048 +005 -075
+078 -058 -035 -078 -051 -028 -020 +027 +080 +044 -035 +071 -021 -032 -084 -051 -054 +047 +027 -047 -024 +033 +010 +066 -082 +022 +065 +028 +004 +041 +035 -017 -068 +070 -034 -043 +032 -037 +044 -013 -076 -065 +000
+052 -007 -012 -043 +014 -066 +033 +061 -031 -072 -046 +088 +027 +070 +018 -078 +022 +067 +031 +001 -030 -068 +056 +013 +003 +074 -072 +035 -014 -045 +060 -087 +016 +040 +020 -083 +080 -003 +056 -032 -012 +083 -088
-086 -076 -085 +002 +021 -063 +023 -050 +022 +011 -020 -072 +000 +084 +062 +042 -075 +028 -044 +023 +030 +062 +014 -015 +037 -033 -067 +008 -023 -018 +012 -041 +005 +083 -076 +005 +012 -072 +056 -057 +005 +066 -074
-047 +065 -054 -011 +065 -044 +100 +033 +082 -066 -012 -088 -066 +036 -005 +004 +066 -001 +021 -070 -002 -051 -066 +066 +003 +070 +007 -047 +054 +068 -033 +060 +034 -018 +032 +027 -037 +067 -010 +047 +007 -032 -026
+072 +021 -026 -021 -026 +030 +054 -038 -071 -017 +021 -084 +018 +072 +014 +054 +071 -006 +002 -017 -060 +082 -070 -044 -082 -088 +046 +074 -002 -018 +058 +020 +028 +001 -075 -063 -074 +088 +042 -016 -063 -036 -050
-030 -061 +043 -016 +041 -061 -000 +075 +021 +036 -005 +010 +025 -048 +014 +026 -002 -011 +002 -028 +024 -035 +062 +056 +003 -072 +007 +031 +003 +021 -006 -055 +085 -046 +002 -081 +018 +053 -013 -066 -075 +050 +015
+000 -011 +077 +010 -047 -031 -048 -053 +035 +073 +085 -050 +040 +027 +014 -006 -014 +048 +023 -057 -010 +041 +036 +100 +062 +080 +031 +035 +027 -058 +010 -062 +051 -044 +008 -041 -064 -052 -076 +054 -032 +007 -058
-007 -064 -010 +017 +026 +015 +042 -060 +044 -058 +045 -035 -005 -032 -048 -078 -031 +027 -064 -050 -076 +082 -073 +083 +033 +043 +041 -080 +007 +100 -006 +051 +035 -012 +066 -044 +017 +028 -043 +067 -067 -025 -066
+088 -088 -051 -047 -068 +012 +061 -001 +020 -071 -023 -016 -005 -040 -061 -007 -060 +064 +050 -084 +066 +082 -005 +057 -030 -071 +021 +071 -035 +070 -015 +064 -081 +067 -070 -076 +008 -045 -004 +035 +010 -036 -048
+072 +087 -052 +034 -074 -087 +040 +078 -045 -082 -045 -026 +008 +066 -051 +041 +027 -001 -063 -056 -043 -068 -060 -031 -045 +043 +078 -012 +083 +065 -073 -021 -036 -055 +061 -008 +006 -044 +020 +074 +021 +027 -080
+068 -004 -012 -063 -052 -028 +013 +000 +044 +043 -025 -056 -052 +015 -020 -072 -023 +027 +032 -018 -076 +000 -012 -008 +042 -034 -016 +082 +015 +018 +002 -010 -053 +018 -042 +100 -063 -082 -088 -018 -002 +036 +056
-041 -001 +017 -067 +027 +082 +030 -078 -070 +068 +067 +011 +033 -032 +066 -043 -022 +018 +025 -052 +067 +071 +072 -030 -044 -044 +024 -086 +044 -022 +027 +003 -003 -042 +004 +086 -064 -068 +038 +051 -084 -043 +034
-010 -057 -052 -036 -010 -020 -004 -021 -044 -028 -035 -016 -010 +041 +034 -046 +068 +028 +065 +045 -035 +007 +021 +076 -045 -074 +100 +052 -018 -086 +088 -065 +061 -078 +066 -082 -067 -063 +013 +087 +075 -003 +006
-008 -044 -001 +051 -072 +076 -068 +036 +061 -062 +086 +072 +025 -021 -028 +043 -002 -084 +086 -046 -047 -046 +074 +071 +085 +047 -013 -046 +000 +032 -068 +022 +001 +045 +075 -062 -014 -024 -016 -001 -010 +033 -011
-007 -070 +057 -074 -055 -024 +053 -006 +081 +064 -082 +054 -088 +038 -028 +000 +056 -020 +051 +062 -023 -076 +077 -016 +085 -041 +021 -028 -014 -060 -012 -070 -044 -048 -086 +001 +011 +065 -045 +060 -058 +050 +044
-074 +086 +033 -057 -071 -043 -020 -066 -002 -076 -008 -054 +073 +012 +033 -040 +085 -075 +035 -048 -003 +018 +044 +040 -021 -000 -002 +005 +047 +036 +045 -086 +068 -034 -074 -065 -042 +047 -028 -010 -065 +001 +025
+100 +083 -085 +021 -026 +080 -060 +000 +028 +080 -077 -080 +038 +081 +033 -071 -037 +061 +034 +022 +003 +086 -030 -078 -058 +012 -005 -012 +011 -000 +024 +030 -016 -050 -065 +057 +076 -008 -030 -005 -021 +015 +057
+041 -012 +048 -018 -061 -027 -044 -070 +002 +008 -013 -042 -042 +025 +047 +073 -028 -001 +048 -040 +058 +087 -084 +056 -066 +024 -046 -068 -000 -017 -020 +045 -018 +003 -044 -028 +082 +077 -037 +036 +005 +058 -058
-017 +087 -024 -064 -011 -052 +050 -058 +074 -044 +017 +088 +030 +030 -028 +085 -087 +003 -042 -021 +034 -026 -082 +067 +035 -003 -074 -018 -064 +076 -006 +046 -085 -086 -044 -005 -025 -080 -038 +027 -068 -033 +087
+076 +070 -086 +082 -051 -020 +044 -011 -036 +001 -078 -007 +003 -042 -058 +074 -052 -023 -070 +077 -065 -011 +086 +037 -066 -048 -082 +045 -051 -004 +046 -076 -074 +022 +080 +034 -016 +028 -057 -063 -074 -041 +013
+064 +045 +077 +071 +034 +062 -028 +003 -086 -003 -045 -000 -002 +024 -082 -018 -017 +088 -011 -020 -020 -032 -060 -067 -035 -020 -071 -027 -014 +042 -060 -073 +038 +075 -074 -050 +065 +070 +074 -053 +038 +058 -021
+035 -011 +086 +044 -001 +041 -067 -088 -082 -027 -061 +072 -057 -070 -012 -070 +066 +086 +085 -076 +023 +057 +065 -022 -036 +070 -066 +022 +022 +015 +007 +051 -086 -064 +041 -034 +033 -064 -076 +041 -043 -008 -042
-055 -028 +088 +064 -042 +066 +044 -017 +066 -016 -047 -061 -011 +035 -025 +063 -043 -053 +087 +015 +022 +013 +074 -085 +061 -080 -067 -018 +042 +006 +075 +066 -021 -051 -082 -037 +005 +077 +025 -028 +084 -052 -064
-017 -051 -043 +066 -046 +011 -026 +026 -014 -004 +022 -008 -034 +045 +084 -001 -081 +088 +051 -055 +030 +045 -013 -021 +048 -071 -011 +086 -062 +008 +038 +005 +072 -023 -013 +080 -023 +032 -066 +024 -027 -015 +050
+044 +086 -032 +068 -046 -066 -006 +075 +070 +054 +006 +046 +068 +041 +044 +061 -002 -003 +087 +024 +086 -031 +037 -080 -057 +033 -051 -085 +035 +026 -034 +061 +100 +057 -005 +053 -036 -071 -008 -032 +052 +008 -050
+028 +015 -060 -086 -063 -070 +058 -048 -086 +027 +010 +077 +082 +057 -022 -075 +086 +050 -024 -057 +072 -032 -046 -072 -024 +075 -050 -028 +018 -005 +022 -007 +070 +085 -032 +015 +072 +046 +057 +014 -036 -020 +015
-012 -067 -041 -028 -051 +036 -005 -078 +040 +001 -083 -061 +061 -020 -020 -061 -081 -027 -071 -023 -048 +056 +068 -081 +085 -051 -032 +055 -077 +082 +073 +014 -080 -032 -014 -036 -080 +035 +058 +076 +034 +066 +065
-087 -007 -081 -012 +046 -087 -054 +020 -058 -036 -050 +074 -042 -043 +031 +003 +036 +024 -045 +062 +061 +041 +025 -070 +058 -055 -020 -038 +070 +060 -076 -014 -074 +003 -010 +075 +084 +003 -017 +053 -073 -087 +011
+027 -078 +037 +045 +030 -048 -044 +086 -038 +088 -013 +005 -051 +021 -066 -023 -073 +075 +086 -086 -024 -074 +013 -041 +021 +027 -082 +047 -084 +085 +068 -060 -058 -068 +003 -014 +038 -081 +024 -000 -025 -056 -003
+078 -050 +083 -060 -046 -074 -051 +005 +047 -087 +058 -073 +080 +016 -046 -034 -015 +021 -047 -080 -045 -055 +000 -031 +064 -088 +051 +042 -000 -055 +045 -075 -074 -045 -067 -010 +050 -031 -038 -071 -065 +081 -083
+038 +088 +082 +022 +030 +050 +074 -044 +068 -015 +080 +078 +082 -022 -087 +013 -027 -033 -040 -023 +010 +033 -010 -020 +014 -064 -000 -053 -057 -030 +062 +058 -024 -060 +044 -037 +038 -074 +074 +003 -083 +075 +070
-038 -014 +088 -066 -025 -001 -065 +002 -063 +005 -078 -012 -062 +024 +006 +000 -075 -045 -030 -015 +045 +054 -085 +006 -055 -041 +027 +001 +082 -024 +088 -008 -064 -088 +038 +063 -035 +003 -006 +007 +085 +065 +030
-020 -043 -062 +006 +057 -063 +001 +041 +025 -025 -068 -054 +062 +044 -013 +035 -026 +084 -014 +087 -013 -013 -052 +026 -024 +020 +021 -008 +038 +085 +054 -047 -066 -056 +017 +081 -052 -054 -071 +002 -034 -068 +005
-068 +002 -036 -012 +088 +072 -014 +041 +068 -024 +076 +068 -025 +050 +066 +041 -078 +048 +062 -081 -061 +022 +018 -023 +028 -036 -010 +000 -035 +015 -082 +058 -088 +042 -035 +023 -036 +042 -031 -040 -002 -085 -002
+053 -020 +084 -031 +018 -058 +025 -031 +020 +052 -043 -057 +084 +034 -083 +043 -046 +081 -063 +021 -088 -050 -064 -038 -038 -053 -062 -076 +074 -081 -043 -058 +076 +013 +057 +033 +068 -086 -033 +066 +044 -055 -052
+058 -021 -021 -036 -100 +037 +048 -047 -018 +067 -012 +022 -073 +058 -017 +066 -025 +018 +000 +062 -084 +002 +040 +071 +020 -031 -083 +065 -064 +085 +052 +071 -047 +005 -048 +048 -080 -077 +061 +084 -021 +082 +043
+020 +088 -076 +054 -034 +033 +072 +002 +080 -017 +068 +072 +008 +044 -050 +053 +034 -003 +026 -070 -038 +085 +042 +017 -023 +042 -064 +075 -008 -066 +060 -057 -087 +032 -007 +085 +046 +080 -005 +045 +062 +047 -072
-006 +004 +046 +083 +001 -077 -050 +043 -054 -063 -001 +006 -080 +064 +052 +007 +066 -053 +085 +056 -072 +084 +043 -064 -003 -065 +025 +075 +006 +017 -085 +025 -030 +080 -018 -047 -042 -006 +077 +030 +076 +036 -055
-010 +066 -055 -083 -010 -030 +025 -087 -031 +037 +008 -076 +048 +045 +015 +071 +008 +043 -002 -067 -088 -022 -013 -008 -070 -080 +058 +051 -073 +060 -037 -042 +031 +041 +010 +087 -016 +037 +074 -001 -002 +022 +001
-078 +048 -047 -052 +036 -013 -061 -047 +020 +047 +006 +035 -016 -042 -040 +056 -068 +040 +014 -022 -043 +048 -008 -034 -030 +018 +070 -077 +012 +065 +085 -082 -041 -023 -078 -005 -060 -084 +028 +080 -073 +070 -023
-080 +055 -062 +037 -082 +036 -058 -045 +033 -026 +027 -075 +054 -068 -073 +001 -023 +064 +018 -068 +002 +076 -063 +046 +056 -012 -100 -002 +042 +083 +016 -054 -024 +082 -007 +037 +037 +070 -008 -014 -004 +026 -072
-030 -054 -003 +080 -058 +043 -026 -040 +027 -045 +064 -014 -055 +070 +030 -057 +035 +076 +062 -068 -000 +018 -034 -036 +056 +011 +017 +027 +083 +030 -014 -034 -048 -045 -075 -041 -003 -043 +065 +000 +034 -035 -070
-070 +087 +071 -022 -032 -014 +025 +088 +034 -040 -032 +015 +034 -024 +053 +055 -006 -084 +012 -020 -015 +012 +087 +042 -005 -068 -076 +081 +031 +083 -027 +014 -040 -058 +054 +083 +023 +071 -057 +066 +071 +011 -035
+072 +020 -030 +008 -086 -034 +083 +000 +047 +024 +026 +052 +053 -056 -032 -023 -004 -032 -065 -041 -050 -038 -036 -073 -055 -056 +002 -005 +043 -035 +074 -065 +010 -076 -028 -000 -032 +066 +034 +027 +051 -063 -067
+087 +022 +006 +044 -054 +061 -004 +076 +056 -077 +037 +006 +075 -024 -022 +051 -051 -083 +021 +010 -076 -061 +047 +047 -050 -033 +003 -042 -043 -040 +056 +020 +046 +075 +028 +014 -053 -027 +017 +054 +027 -017 +053
+026 -025 -024 -021 +007 -032 -034 -088 -088 -038 +013 +013 -048 +017 +004 +010 -047 +078 -027 -051 -010 +042 +044 +073 +021 -057 -025 -007 +010 +065 -071 -013 +023 +087 -061 +034 +012 -087 +076 -048 +035 +002 +034
-005 +070 +016 +016 -033 -076 +046 +078 +005 -047 +013 +042 -047 +043 +008 -067 -066 -051 +086 -071 +040 +046 +082 -053 -062 +043 -011 -046 -016 -083 +047 +068 +063 -088 -061 +011 +013 -017 +064 +013 +065 -053 -020
-002 +018 +003 +026 +011 +085 -003 -013 +070 -060 -046 +055 +006 +088 +050 -075 -033 +060 +082 +084 -036 -060 -012 +076 -041 -041 +012 -057 -076 -044 +083 -015 -015 +073 +088 -054 -074 -040 +021 +013 -060 -033 +061
-043 +022 -034 +073 -037 -070 -012 -077 +072 -037 -024 +007 -011 +048 -035 -031 -008 +013 -023 +010 +070 -023 -045 -065 -036 +024 +023 -003 -048 -026 -065 -023 -065 -080 +028 +070 -082 -082 -015 -074 -004 +026 -062
+044 +021 -071 -046 +050 -045 +067 +083 +043 -026 -037 +015 -026 -027 -036 -052 +070 +007 -022 -043 -085 +058 -058 -008 +057 -034 +013 -065 -075 -021 +038 -064 -041 -058 +046 -050 +082 +031 +086 -054 -020 +086 -081
-084 +077 +081 +055 -018 +003 +006 +008 -088 -014 +037 +036 -014 -040 +044 -022 -058 -086 -070 +031 -035 -047 +046 +034 +088 +045 +020 -023 -053 -017 -033 -034 -030 +027 +072 +020 -017 +010 -014 -085 +050 +067 +073
-050 +044 -005 -041 +061 +080 -074 +065 +002 -024 -052 -060 +001 -067 -015 -027 -053 +035 -046 -008 +058 -050 +006 -060 -042 +025 +057 +084 +052 +028 -072 -074 +002 +052 -028 +081 -022 +074 -015 -078 -035 +036 +073
-004 -043 -073 +068 +052 -016 +052 -081 -088 +043 +072 -054 -021 -011 -035 -042 -013 -085 -024 +017 -081 +061 +007 -100 +031 -078 +034 -081 -015 +081 +043 -045 +007 +037 -044 -001 +041 +043 -078 -042 +004 +063 +020
-042 -026 +056 -023 +014 +042 -000 +010 -043 -056 -021 +004 +041 -037 +012 -040 -068 -040 +036 -043 -017 +053 +026 -086 -054 +057 -036 +086 +028 -027 -084 -086 +002 -073 +042 +081 -061 +038 +001 +026 -020 -011 +013
-017 -035 +055 +013 +063 +066 -065 +065 +045 -076 +022 -042 -038 +027 -087 -006 +082 +084 -010 -053 -028 -082 +057 +073 +014 +000 -032 +046 -014 +067 +070 -003 -078 +068 +037 +045 -053 +080 -024 -060 -002 -015 +013
+055 -018 +040 -074 -052 +003 -048 -075 +051 +064 -062 +044 -037 -031 +078 +045 +020 +030 -010 -043 +056 +070 -005 +064 -078 -018 +000 +054 -020 -057 +053 +030 -030 +024 +052 +062 +057 -028 +057 -077 -081 +038 +017
+065 +070 +037 +076 -045 -074 -018 +030 -047 -050 +056 -001 -063 -064 +077 -041 +086 -072 +011 -050 +062 -051 -082 +041 +011 +038 -005 -065 +052 -048 +031 -007 +048 -017 +032 -081 -062 -058 +007 -040 -036 +063 -061
+024 -056 +080 -008 +014 -072 -052 +063 +028 -008 -078 -087 -040 +030 +048 +081 -088 -028 -020 +012 +065 -067 +021 -018 -080 +051 +047 -015 +025 -018 -022 -033 -031 +068 +028 +044 -054 +084 -041 -047 +065 -053 +088
-053 -088 -045 +058 +048 +051 +018 -040 +048 +011 -023 +005 +025 -017 +072 -083 -033 +014 -033 +083 +078 +078 +043 -073 +058 -074 -028 +048 +072 +065 +042 -000 +063 -002 +030 -016 -017 +026 +027 -010 +075 +006 -021
-021 +073 +000 -072 +076 -006 +087 +028 -084 +066 +026 -030 -002 -050 -034 +024 -070 -084 +021 -035 -021 +075 -042 -005 +075 +016 -001 -051 -037 +072 +011 +000 +075 -058 +075 -044 -057 -034 -043 -073 -065 +032 -042
+038 -070 +028 +034 -018 -015 -072 -012 -024 +017 +071 -038 -052 -066 +064 -075 +077 -056 +002 +052 +082 -065 -051 +041 +082 +022 +081 -043 +071 +034 +006 +084 +085 +051 -075 -000 +007 -073 -088 -027 +048 -040 -053
-005 -001 -017 -060 +087 +013 -076 -033 +064 +034 +024 -007 -048 -064 -054 +076 +065 -040 -056 +005 -085 -035 -056 +023 +026 +046 -020 +022 +018 -043 -070 -007 -042 -050 -007 +021 -012 -053 +022 -032 -016 +044 -003
+040 -073 -004 -000 -031 -084 -051 +013 +023 -020 -040 -074 -071 +004 +035 +062 +056 -075 +022 +080 -044 +064 +010 -045 +010 +036 -085 +065 +088 +085 -040 -020 -023 -083 -048 +100 +081 -061 -057 -030 -011 +060 -004
-083 +006 -074 +021 -085 +050 -012 -088 -026 +042 -052 -075 -034 +038 -002 +026 -034 +007 -035 +028 -056 -037 -031 -066 +080 -078 -020 -022 -067 +068 +001 +036 -072 +015 -023 +064 +021 -066 +076 +048 +032 -004 -072
+002 -080 +035 -018 -065 -060 +036 -068 -057 -053 +036 +084 -015 -007 -032 +071 -023 +045 +025 -080 -047 +014 -045 -052 +017 +033 +063 -003 -032 -004 -014 +036 +075 -028 -017 -070 +058 -016 +022 -054 +071 +080 +028
+080 +052 +086 -018 +084 +026 -058 -088 -075 -011 -070 +036 -030 +073 -003 -076 +073 +078 +005 +071 -052 +053 -023 +087 +056 +083 +036 +072 +041 -017 -083 +025 +100 +005 -026 +068 +028 +004 +058 -044 -004 +007 -062
+053 +075 -065 +062 -068 +085 -026 -026 +026 +010 -085 -015 -048 +071 -017 -001 +003 -078 +026 -043 +006 +087 -057 +064 -006 +027 -032 +067 +077 -044 +017 +007 +057 +005 -011 +078 +013 -053 +037 +011 +076 +045 +023
+048 +076 +041 +017 -022 +040 +066 +066 -071 -033 +007 +058 -045 -036 -017 -025 +051 -058 -016 +054 -067 -007 +070 +070 +071 -001 -028 -035 -030 +034 -081 -026 +037 -043 +036 +066 -027 -025 -081 +021 -065 +068 -020
-018 -083 +051 -024 +075 -024 -038 +035 -004 +010 -084 +058 -024 +042 +038 +006 +017 -020 -038 -060 -016 -036 +057 -013 +040 +035 +076 -032 +024 +065 -082 +067 -021 +003 -038 -016 +063 +023 +071 +004 +030 +083 -082
+080 -045 +006 -087 -086 +002 -028 -042 -013 -015 +068 +075 +037 -044 +077 -042 +075 -006 +036 -022 +066 -012 +078 +050 +072 +035 -034 -014 +018 -030 -048 -007 -065 +017 +032 -024 -013 +065 -028 +040 +031 +042 +005
+082 +087 -023 +064 -022 +004 +012 -031 +052 -072 +067 +043 +076 -087 +067 -030 +006 +085 +075 -052 -081 -015 -047 -057 +053 +044 -032 -086 -027 -031 -047 -037 +016 +073 -058 +022 +074 +031 -065 -000 +018 +036 +027
+025 -070 +052 -002 +027 -002 +063 +048 -086 -034 +016 +011 +024 +040 -071 -030 -000 +063 +017 -013 +013 -035 +008 -032 -073 +064 -057 +026 -061 -068 -015 +035 +060 +023 -005 -050 -081 -066 -028 -053 -080 +070 -006
-053 -044 -062 +048 +078 -085 +006 +037 -078 -062 -013 -005 -078 -084 +026 -026 +070 -003 +061 +085 -054 +002 -010 -023 +048 +004 -044 +041 -060 -016 -052 +085 -024 +022 +074 -010 -035 -044 +060 +006 +032 +065 +062
-035 +076 -002 -056 -035 -064 +083 -013 -074 -055 +035 +080 +020 -058 +004 -021 +080 +034 +076 -077 -061 -033 -061 -080 -075 +058 +022 +077 -033 -084 +014 +080 -035 +066 -086 +064 -020 +018 +022 -028 +073 +042 +021
-058 +055 +046 -086 -001 -027 -075 -051 +022 +017 +065 +035 -003 -063 +015 -037 -055 -034 +070 -058 -025 -058 -056 -006 +003 +003 -005 -003 +060 -052 -088 +036 +043 +054 +075 -085 +055 +012 +017 -034 -028 +077 -033
+012 +007 -071 +046 +076 -007 +025 +025 -041 +005 -026 +074 +023 -051 +087 +051 -061 +014 +041 -062 +077 +011 +020 +017 +065 +037 -017 +067 +084 +020 +044 +085 +086 -062 -015 +067 +043 +066 -008 -040 +084 +023 +051
-052 +070 -073 -016 -045 +013 +042 +070 +043 -012 -016 +000 -024 +074 +000 -045 +016 +060 -077 -047 -037 +028 +002 -053 +046 -001 +005 +015 -015 +053 +013 -016 -035 +001 -087 +081 -017 -034 +015 -010 -073 +065 +035
+060 +017 -064 +035 -083 -076 +054 -088 +073 -036 -030 +064 +025 +000 -045 -074 +063 +087 +000 -016 -023 -002 -004 +067 -081 -006 +030 +072 -030 +021 +080 -025 -068 +046 -045 -032 +044 +014 -051 +047 -018 -055 -071
-058 +001 +002 +055 -050 -065 +003 +065 -030 +074 -005 +085 -013 +038 +083 +033 -037 +068 -056 -004 +072 -052 +082 +022 +026 +000 -055 +023 +027 -085 +057 -036 -034 -051 +021 +082 +008 -018 -035 -085 -000 -086 -002
+066 +016 +002 +082 -038 -002 +048 -022 +036 +012 +022 +071 -051 +023 -037 -005 +001 -052 -100 +074 +045 +015 -071 -015 +011 -043 -046 +030 -087 +057 -053 +066 -045 -088 -071 +078 +074 +081 +075 +034 -065 -043 -031
-088 -064 +063 -014 -043 -011 -023 +026 +011 +015 -007 +008 -002 +021 +055 -035 +002 -081 -076 +055 +063 -068 +060 +048 -052 -012 -076 -001 -084 +053 -022 -064 +041 -003 +046 -072 +056 +071 -008 +006 -004 +017 -053
+053 -032 -000 -070 +085 +018 +010 +026 -066 +051 +043 +070 +087 -008 -041 +074 +005 -083 +011 +076 +076 +037 -067 +032 -011 +030 -084 -046 -002 +034 -037 -024 +063 +051 +022 -064 -084 -060 -067 -028 +030 +038 -043
-078 -056 +040 +088 +021 -083 -080 -071 +015 -074 -080 -037 +015 +047 -073 +075 +006 -087 +005 +013 -060 -000 +045 -042 +014 +017 -068 -035 +020 +072 -062 -061 +058 -054 -012 +024 -044 +032 -007 +016 +006 +055 -054
-027 +044 -066 -076 +028 -040 -027 +077 +018 -014 -035 +022 -064 -018 +064 +072 +077 +006 +022 -064 -021 -004 -036 +080 +027 -081 -001 -044 +055 -013 -085 -058 -086 +045 +045 +016 +074 +020 +040 +077 +006 -085 +043
-005 -005 +050 -057 -003 +088 -038 +077 +085 -056 -058 -021 -071 +004 -053 -063 -085 -074 +033 -075 -005 +080 +024 +080 +067 -022 -023 +060 +016 -071 +078 -086 -025 -072 -060 -073 -078 -014 -048 -072 +001 +015 -017
+048 +083 +040 +068 +074 +078 +010 -012 -033 -062 +011 -085 -036 +052 -076 -016 +014 -077 +047 -043 -038 -018 +028 -004 +008 +087 -062 +072 +051 +044 -066 -004 -080 -016 -058 -032 +036 +035 +001 -067 +065 -015 -007
-061 +007 -083 -026 -068 +023 -024 +012 +066 +026 -068 +026 +078 +087 -002 +051 -011 +051 +082 +008 -055 -065 -044 +021 -054 -038 +052 -075 +052 -000 -012 +022 -006 +023 +018 +010 +074 +085 +050 -038 -053 +045 +036
-004 -025 -051 -068 +041 -087 +053 +028 -060 -056 +021 -038 -055 +082 +032 -056 +070 -033 -043 -067 -001 +056 +088 +084 -074 -028 -086 -013 -040 -077 -026 -072 +025 +084 +100 +075 +007 +014 -035 -023 +100 -087 +045
+041 +035 +032 +031 +058 +028 +081 +051 +030 -006 -072 -081 +082 -078 -004 -005 +003 +068 +014 -040 +003 -067 -016 -028 -073 -024 +013 -005 +020 -028 -022 +044 -012 -043 +086 -057 -035 +073 +087 +001 -011 -063 +074
+041 +005 -086 +035 +061 -035 +047 -040 +038 -001 -046 +007 +100 +006 +030 -023 -042 -086 -055 +084 -006 -070 +018 -061 +001 -036 -077 -006 -057 -043 +035 +048 -042 +057 -063 +086 +034 -017 +032 +057 -010 -074 -044
