-051 -027 +081 -085 -056 -044 -061 -067 -052 -065 +033 +002 +074 -002 -036 +051 -030 -000 -001 +008 -056 +073 -048 -087 +002 +067 +085 -037 -036 -081 +021 +088
-016 +015 +027 +085 -053 +032 +015 -087 -020 +071 -000 +086 +002 -023 +021 +001 -082 +006 -040 -081 -048 -037 -035 +074 -017 -072 +040 +023 -014 -064 -040 -003
-021 +017 -075 -087 -077 -034 -028 +012 +041 +034 +052 -022 -051 -006 -050 -024 -047 -026 +045 +046 -030 -011 +004 -033 +016 +061 +008 +034 +026 +064 +074 +040
+056 -011 +031 +077 +060 +081 +024 -007 +023 -033 -075 +083 -064 +023 -033 +011 -083 +011 +018 -057 +073 +048 +075 -078 -076 -068 -005 -044 +013 -066 -082 -076
+035 -007 +008 +012 -083 +033 +052 +003 -063 +004 -007 +032 +033 +085 +035 -023 -036 +071 -056 -070 +088 +067 -041 -034 -004 -015 -087 -044 +041 +070 +070 +068
+046 +025 +010 -053 -048 +020 -061 +002 +014 +042 -063 -021 +014 +002 -004 +027 -041 +058 +063 -038 -045 -074 +075 +087 -083 +035 -060 -081 +013 -086 +066 -063
+046 +077 -055 -004 +010 +037 -038 +011 +046 +023 -037 +074 +066 +087 -051 -076 -031 -055 +076 -063 +031 +080 -044 +060 -077 +001 -017 -025 +083 -018 -025 +077
-083 -050 -005 -020 +052 +086 -048 +100 -031 -086 -052 -055 +087 +027 -082 +006 -042 -001 +004 -083 +005 +022 -072 -015 -025 +070 +087 +045 +084 -062 -034 +084
-021 -040 +041 -000 +078 +025 +073 +064 +016 -074 -022 -082 -087 +018 +086 +073 +086 -016 -081 -017 -100 +074 +071 -027 +010 -073 +025 -034 -047 +060 -052 +047
+055 -053 +015 -073 +000 -045 +087 -081 +032 +068 +055 +052 +073 +020 -002 -016 -074 -044 -070 -053 +061 +078 -005 +050 -023 +066 -022 -087 -045 +061 -015 +064
+058 +062 +028 -001 -022 -067 +045 +078 +054 +063 +008 +067 +077 -082 +083 +086 -052 +023 -071 -065 +012 -010 +030 -080 -044 +066 -014 -057 -054 -026 +083 -027
-054 +010 +030 +036 +066 +036 +080 +018 -024 -011 -002 -001 -047 -007 -027 +071 +000 +061 -066 -005 +084 -066 -087 +084 +088 +025 +086 -058 +002 +004 -028 +061
+046 -026 -011 -014 +068 -046 +006 -076 -043 +056 +077 +058 +072 +010 +058 +014 +005 -066 +084 +072 -053 -017 +076 +078 -087 +065 -053 +051 +051 -056 +011 +068
-045 -018 +034 +088 +044 -057 +056 +002 +054 +084 -002 -026 +100 +020 -032 -087 -022 +061 -076 -056 +055 -047 +028 +068 +030 -027 +080 -012 +004 -083 -071 -074
-088 +001 -088 -050 +084 -037 -041 -031 +080 -068 -025 +017 -077 -050 -041 -016 -080 +043 +064 +016 -006 -083 +022 -053 -002 +083 -056 -084 -048 +032 +073 -021
-031 -022 -075 +046 -046 +085 -077 -078 -031 +074 -003 -022 -054 +052 -002 +047 -085 +014 -088 -081 -052 -001 -067 -088 -045 -073 -066 +063 +022 -070 +064 -055
-080 -014 -015 -057 +077 -045 +088 +074 -024 -043 -063 -060 +082 +012 +067 -032 -075 +040 -088 -013 +011 +000 +034 +024 -048 -008 -027 +013 -081 -047 -035 -076
+072 -017 -013 +081 -006 -042 -076 +075 -063 +006 -060 -003 -070 -031 +051 -031 +080 +078 -064 +066 -063 -040 -048 +005 +006 +047 +081 +024 -067 +011 +035 -021
+012 -055 +012 +012 +037 +004 +100 +056 -043 -052 -008 +074 +065 +004 -037 -056 +021 +085 -038 +021 +078 -055 +006 -064 +018 +001 +003 +080 +057 +048 -085 +053
+035 +024 +010 -077 +001 -085 -076 -052 +058 -046 -083 -056 +014 +088 -016 +076 +061 -070 -064 +000 -018 -060 -075 +063 -042 -040 +001 -077 -048 +042 -032 +058
+007 -044 -062 -062 -082 -073 -068 -062 +056 +081 +076 +072 +026 -037 -010 +065 +012 -057 -071 -083 +068 -080 +047 +088 -037 -048 +080 +015 +008 +046 -058 -085
+072 +053 +012 +063 -016 +013 -026 +031 +072 +021 -003 -067 -005 +001 -060 +080 -076 -060 -074 +022 +050 +033 -030 +022 +017 +057 +051 +045 -037 -006 +053 +015
+082 -064 +021 -034 -054 -053 +061 +046 -063 -041 +034 +014 -074 +013 -065 -038 -030 +047 -027 -031 +061 -045 +018 +022 +033 +017 +051 +008 +045 -050 +064 -036
+067 +077 +063 +027 -025 -065 -071 -052 -030 +048 +022 +032 +013 +045 +060 -030 -054 +000 +070 +020 -014 -100 -033 -052 +086 -022 +020 +013 -010 -060 -031 +080
-017 +063 -048 -033 +062 +024 -066 -016 +062 +033 -085 -060 -042 +036 +020 -043 -041 -015 -078 +023 +006 +001 -040 +000 -044 +083 -015 +053 -043 -002 +085 -026
-054 -012 +042 -080 +011 -088 +005 -060 +020 -062 +031 +001 -048 -022 -052 -010 -031 -040 +036 +071 +042 +067 +070 +036 +046 +046 +015 -008 -084 -014 +058 +088
-061 -018 +022 -082 +078 +026 +087 +066 +043 +055 +037 +013 -078 -080 +076 +074 -023 +075 +078 -018 -037 +013 -018 +058 -065 +012 +016 -053 +048 +065 +047 -028
-010 -060 -056 -031 -035 -008 -073 -067 +067 +082 -044 +037 -064 +056 -081 +035 -020 -031 +037 +006 -064 -022 -082 -040 -066 -077 +012 -018 +018 +001 -006 +034
-048 +070 +058 -067 -045 +023 +042 -018 -013 -018 +027 +068 +018 +004 +063 -075 -058 -045 -076 -042 +065 -086 -075 -035 -057 -018 +018 +033 -050 -034 +001 +021
-036 -064 -037 -054 +042 -077 +027 +033 +006 +076 +008 -015 -025 +080 -058 -038 -013 -047 -042 -066 +078 -074 +013 +022 -004 +072 -060 -053 +073 -033 +012 -044
