-0010908 +0033126 +0002096 -0006109 +0018097 -0008272 +0015446 +0020863 -0010739 +0023861 -0002764 -0004101 -0019382 -0027709 -0048668 -0026093 +0025572 -0010782 +0016221 +0015679 -0000724 -0017665 -0053010 +0005039 -0010252 -0000757 -0011219 +0014468 +0037670 -0039818 -0019524 +0000524 +0011496
+0016120 +0040165 +0033497 -0012110 +0049756 -0006198 -0017905 +0007413 +0007817 +0000513 -0036507 -0005890 +0008863 -0038870 -0008471 -0034423 +0013408 +0020180 -0012425 -0003857 +0001619 -0073006 -0012581 +0003645 -0002205 +0051983 -0026039 -0000863 -0004134 -0020764 -0013754 -0026753 -0022413
-0004626 +0042220 +0015290 +0034383 -0001056 +0018103 -0000188 -0018169 +0048362 +0006563 +0014885 -0034875 +0047910 -0012368 -0015125 -0016040 +0007718 +0015665 +0049971 +0053957 +0053281 -0047596 -0013581 +0000305 -0037230 -0064648 -0073131 -0014510 -0041624 -0040354 +0003191 +0021690 -0036694
-0016965 +0012585 -0002682 -0021736 -0018198 -0046874 -0033158 -0027430 +0000851 -0018672 -0039337 -0058279 +0014024 -0047672 -0024342 -0037204 +0020399 -0001267 -0030610 -0020979 -0003229 -0032503 +0025898 +0004437 -0013766 +0007232 +0008628 -0044733 -0036812 +0015106 +0058928 -0012884 +0017896
+0034852 -0026292 -0003701 -0004488 -0049283 +0056274 -0014310 -0018284 +0008316 -0010043 +0008791 -0032466 +0039555 -0025881 +0016345 +0010717 -0007038 -0023002 -0017848 -0016150 +0037194 -0039988 -0000442 -0033506 -0034679 -0008854 +0003675 +0018480 -0047265 +0068241 -0002464 -0011302 -0019143
+0046389 -0042278 -0009449 -0006564 +0022291 -0026957 -0025203 -0046161 +0016226 -0019303 +0010407 -0018189 -0030031 +0038339 -0015789 +0022373 -0034737 -0067711 +0047522 -0000584 -0001365 +0024674 +0038732 -0002511 -0023029 -0062268 -0009754 -0020152 +0018563 +0031420 +0001005 +0044550 -0021350
-0045268 -0015757 +0030890 -0014799 +0018243 -0008825 -0029048 +0020229 +0062872 +0009375 -0014895 -0010984 +0040905 +0012302 +0004594 +0030474 -0039730 +0008160 +0000728 -0033022 +0004078 +0056795 -0000436 -0016254 +0001439 -0019231 -0000106 -0011914 +0006640 +0056663 +0022138 +0002744 -0031387
-0023679 -0037165 +0002150 -0006396 +0028690 -0023837 -0031266 +0004757 -0009703 +0009047 +0006584 -0014857 -0007233 -0010982 -0025345 -0027624 -0010971 -0002525 -0016433 -0008179 -0017314 -0056180 +0029430 +0036005 +0007509 -0038604 -0004053 +0042525 -0034605 -0011260 +0050438 -0004476 +0026145
-0017438 +0016831 +0023595 +0020519 +0043943 -0025777 +0008136 +0005629 -0025896 +0012435 -0069577 -0026136 -0003579 -0033553 +0003207 -0025012 +0015432 +0026372 +0013880 +0035296 +0043977 +0009601 +0023555 +0034433 +0004346 +0038707 -0035881 +0032771 +0021115 +0030516 +0008448 -0003527 -0013338
+0003992 -0015322 -0008648 +0002121 +0002406 +0027723 +0039166 +0016476 -0003228 -0009604 +0035071 +0003907 -0029181 -0020824 -0031960 -0022739 +0039766 +0018818 +0004955 -0023935 +0013474 +0023533 -0028883 +0007989 +0022935 -0007730 -0025729 +0023529 +0039686 -0003057 -0007999 +0035186 +0033676
-0000778 -0030301 +0011521 -0001405 +0059756 +0024476 -0028724 +0015086 +0010840 -0024401 +0021088 +0062571 -0065243 +0037156 +0002498 -0032147 -0010989 -0032960 -0032784 -0029265 +0007742 -0027012 +0030801 +0000893 +0036838 +0026873 -0012250 +0006327 +0031931 +0011496 -0017514 -0035249 +0034497
+0010653 +0007583 -0006122 -0008680 +0002844 -0020966 +0007049 +0020084 +0006644 +0015872 -0027813 +0005747 +0048343 +0009047 +0004726 -0043134 -0036082 -0008233 +0010461 -0028825 +0008789 +0037382 -0013408 -0019284 +0074439 -0002054 -0024229 +0017215 +0035409 +0015625 -0017163 -0031992 +0001328
-0026599 -0001140 +0009697 +0013693 -0004071 +0032643 +0035840 +0039364 -0043299 +0014711 -0005209 -0000673 +0043901 +0024304 -0011652 +0020430 +0051846 +0013665 +0002878 -0018318 -0003651 +0015491 -0024114 -0025379 -0007365 -0007480 +0026843 -0012210 +0000581 -0009583 -0001318 +0001794 +0031354
+0061380 +0016175 -0016762 -0007855 -0021924 -0002026 +0023372 +0010597 -0006981 -0021333 +0015832 +0011002 +0004957 +0038693 -0029036 -0003937 -0007678 +0010082 +0032419 +0009364 -0037817 +0029142 +0026355 -0022203 +0029899 -0004709 +0050009 -0026564 +0011362 -0023456 +0001037 -0035874 +0026497
+0012605 +0030789 -0010997 -0004360 +0025704 -0039479 -0039666 -0004565 +0059742 +0004559 +0029928 +0006143 -0026888 +0001684 -0011898 -0009974 -0035787 +0081286 +0001151 +0008156 -0007399 -0012955 +0008843 +0019657 -0036205 -0028159 +0022078 +0011300 -0023695 -0053586 +0000852 -0001962 -0006848
-0019471 -0017994 -0005964 +0020975 +0053844 +0004058 -0003844 +0047657 +0016905 -0000275 -0035451 -0027727 -0022676 -0022182 -0010712 +0015021 +0041374 -0020823 -0042252 -0012942 +0042757 -0005377 +0021771 +0036546 +0005933 -0005110 -0036622 +0010150 -0000647 +0019012 -0002721 +0023640 -0009734
+0025086 -0012578 -0016221 +0024175 -0000066 +0049525 -0024231 -0003481 +0055177 +0036499 +0030933 +0018114 +0019989 -0013449 -0050316 -0015122 -0022198 -0013973 +0038308 +0025466 +0038275 -0013078 -0010246 -0013887 +0043163 -0004424 +0037110 +0003226 +0017174 -0001120 -0019645 -0010439 -0007314
-0001617 -0005639 -0001631 -0007460 +0056077 -0009865 +0002584 +0016202 +0039572 +0028541 +0019255 +0006544 -0027093 +0021117 -0012832 +0013140 -0023477 +0041256 +0029227 -0002677 -0013749 +0014372 +0013135 -0038744 -0021064 +0037661 +0034672 +0019127 +0014378 -0028482 -0007321 -0011804 +0018082
+0002373 +0019360 +0024222 +0043861 +0033341 -0002085 +0002971 +0014953 +0013654 -0044535 -0006697 +0018091 +0002127 -0001262 +0005180 -0016401 +0015021 -0021826 -0019024 +0026984 +0036314 -0009250 +0031955 -0035657 -0014192 +0000580 +0011926 -0026698 +0020238 -0038348 -0008417 +0018679 -0010584
-0008787 -0007561 -0000264 +0001912 +0021118 -0020170 +0020351 +0009882 -0025862 -0001237 -0006630 -0001614 +0020338 -0005681 -0023472 +0029934 -0026221 -0012362 +0001625 -0003747 -0005537 -0009481 -0026411 +0008394 -0022271 -0015674 +0016543 -0038781 -0057997 -0008465 +0028286 +0000046 +0020007
-0000488 -0011044 -0023184 -0030388 -0067384 -0030120 -0018016 +0024261 -0014490 -0011168 +0038302 -0048397 -0028927 -0014635 -0011571 -0001613 +0021995 +0048262 -0043238 -0034087 -0013763 +0010440 +0024765 -0008444 +0033641 +0006668 +0009953 -0019287 -0000785 +0022057 +0015762 -0031538 +0007999
-0000600 -0045153 +0007690 +0037351 -0016119 +0044368 -0009887 +0005216 -0037246 -0003145 +0011977 +0022891 -0045431 -0009060 +0007499 -0021059 +0002532 -0041989 -0002648 +0037039 +0027319 -0025806 -0032053 -0001337 +0061677 +0036357 -0004716 -0012536 +0012156 +0030691 -0034929 +0028278 +0018384
+0006942 -0030759 -0011992 +0020285 -0027414 +0043514 +0045211 +0003252 +0004984 +0028771 -0006724 +0019647 -0002130 +0004483 -0001913 +0018107 -0009612 +0005224 +0044190 +0084253 -0016256 +0031561 -0027277 -0060961 +0022829 +0021453 +0044937 -0016739 +0005529 +0036717 +0019722 +0005003 +0011520
+0001188 +0000893 +0033193 -0017407 -0045369 -0025819 -0018941 +0017986 -0008334 +0011888 +0023338 +0058989 -0027953 +0019752 -0018637 -0036927 -0017388 +0056034 +0000397 +0002798 -0051251 +0009789 +0058742 -0003838 -0012109 -0000207 -0005025 -0058416 -0017152 +0001510 +0012956 +0003745 -0026238
-0059749 -0039924 -0034909 -0008066 +0026065 +0006083 +0004618 +0036645 +0011198 +0048636 -0050273 -0000291 +0031760 -0026789 +0041196 -0011242 -0048353 +0013324 +0001655 -0002928 +0012720 +0001262 +0022489 -0001594 -0000994 +0003528 -0044611 -0009777 -0018186 +0040315 -0007847 -0027020 +0001907
-0024143 -0009624 +0008134 +0029566 -0006503 +0012374 +0004808 +0040350 -0002944 +0004232 -0049552 -0029565 +0017500 +0003603 -0024761 -0033628 +0009777 +0034339 +0047983 -0039088 -0025940 -0021666 -0024724 +0027866 +0058242 +0011635 +0000185 -0008273 -0059207 -0059357 +0044433 -0011415 +0056752
-0050238 -0008416 +0000634 +0056123 +0018237 -0001588 -0010780 +0037790 -0034820 -0001382 -0046892 -0027207 -0007136 -0004009 -0020913 -0032496 +0003042 +0034634 +0010325 +0019104 +0005072 -0038367 -0018353 +0044220 +0040734 -0009518 +0000678 +0027813 -0024247 +0015026 +0038269 +0022876 +0013643
+0027976 +0010788 -0009975 +0047526 +0044142 -0011502 +0004467 -0076710 -0013582 -0008260 -0044532 -0030448 -0004090 -0016704 -0034400 -0047242 +0012219 +0007219 +0069192 +0031906 +0010302 -0024890 +0006879 +0032970 -0021396 +0006028 -0000665 +0016684 -0018709 +0020711 +0066656 -0010720 +0010589
+0019172 +0001815 -0003682 +0004819 -0005540 +0020856 -0019771 -0015728 +0004669 -0013661 +0020095 -0003446 -0004856 -0014823 +0013214 -0003854 -0008020 -0002722 +0005099 -0025394 +0000097 -0041629 +0004885 -0063892 -0032546 -0010176 -0002788 +0018231 -0022057 +0020527 +0004144 -0008021 -0035223
+0028785 -0022286 +0023855 +0030437 -0022470 -0051134 +0001933 +0009032 -0033753 +0011568 -0010165 -0029928 -0029359 +0037377 +0024851 +0016135 -0000845 -0019569 +0026223 +0048134 -0009907 +0001821 +0008234 +0003881 -0019484 +0030112 -0001549 -0011603 -0016409 -0049901 +0011246 +0040489 -0038753
-0033504 +0031240 -0024168 -0025330 +0005906 +0005841 -0009550 +0066535 +0004030 -0033549 +0017669 -0026011 -0019137 -0008784 -0024206 -0034456 -0003548 +0037940 -0031316 -0012811 +0015009 -0025708 +0015600 +0014394 -0028573 +0006084 +0029959 -0009924 +0000451 -0007197 +0014107 +0000764 +0005849
-0024757 +0001040 -0022587 -0018118 +0005865 +0063321 +0000865 +0007041 +0012103 +0006346 +0001641 +0006706 -0043161 +0033641 +0020035 -0062052 -0023617 +0019589 -0013359 -0030075 +0002406 -0050892 +0032722 +0002808 +0018168 +0031859 -0016717 -0022104 -0031511 +0047236 +0043245 -0028936 +0034639
