-0052666 -0025877 +0058278 -0022770 +0024557 +0006000 -0013507 +0010207 -0003464 +0043642 +0009871 +0032767 -0014234 -0028434 -0003299 +0025670 +0020734 -0022720 -0003869 -0021574 -0052382 -0004600 -0012382 +0021720 +0039194 +0005887 -0000088 -0014200 +0039516 +0011122 -0004914 +0009804 +0026653 -0021188 -0017055 +0028933 -0016735 +0003882 -0003494 +0035196 +0047616 +0011758 -0012477 +0043462 -0038183 -0017052 -0033038 -0027507 +0054298 -0061447
+0009615 -0013838 -0027924 +0018027 -0016265 +0009331 -0029983 +0000728 -0001942 -0041239 -0005598 -0024560 +0026589 +0025966 -0022526 -0010534 +0017229 +0017495 -0016419 +0002399 -0028376 +0047691 -0000803 +0023925 +0008115 +0001975 -0037942 +0039311 +0002512 +0022722 -0010298 -0033290 +0025158 +0025932 -0012858 +0000129 +0045096 -0024848 -0022711 +0006391 +0055965 -0023536 -0038976 -0006537 +0004257 -0049034 -0031018 +0029358 -0002090 -0027182
-0004054 +0037074 +0016576 -0049052 +0003218 +0017839 -0020514 -0005842 -0015323 +0025252 -0002968 +0017836 +0025106 +0065750 +0030905 +0005434 +0001731 -0048301 -0012414 -0006486 +0034441 -0014193 -0011965 +0018668 +0001206 -0007406 +0002129 +0015597 +0013038 -0023611 +0035323 +0020690 -0008578 +0024547 -0006174 +0043383 +0028424 +0021210 +0003571 +0033105 -0046815 +0031175 -0010512 -0008034 -0006228 +0025016 +0012649 +0003315 -0017222 -0003295
-0014656 +0008096 -0014180 +0028176 +0023960 +0037380 -0001332 +0077312 +0041929 -0050170 +0021884 +0011585 +0004369 +0017110 +0044957 +0051645 +0003047 -0004343 +0003173 -0009236 +0000530 +0010053 -0007160 -0004308 -0002381 -0062313 -0028332 -0007900 +0012728 -0035505 +0029139 +0009248 -0018213 -0001985 +0009943 +0030286 +0058333 -0011909 -0000882 -0010349 +0050972 +0015326 -0007160 -0001834 +0032498 +0000816 -0015939 -0022935 -0015661 +0047965
-0014516 +0061737 +0033873 +0047069 +0000791 +0030855 -0020888 +0030272 -0001555 -0003123 -0031298 +0016191 -0025677 +0019893 +0012481 -0011660 -0025448 +0037869 -0007842 -0032165 +0007617 +0030159 +0001020 -0014025 +0013295 -0023801 -0014677 -0027955 +0018613 -0026058 +0017261 -0040376 +0000312 -0021942 +0056798 +0009397 +0014595 +0020921 -0025361 +0006263 +0013723 +0007306 -0021735 +0029220 -0000554 +0022774 -0028469 +0011879 +0013831 +0009101
+0042066 -0023507 -0008769 +0011709 -0007746 -0051144 -0022319 +0010730 -0002350 +0003081 -0032442 +0023606 +0017614 -0000907 -0001976 -0017050 -0008530 -0028676 -0024509 -0015633 -0007873 +0007663 +0054566 -0027047 -0034945 -0033295 +0010768 +0018553 -0010813 +0030822 -0051449 +0046290 -0012369 -0006304 +0033718 +0008098 +0021043 +0019285 -0045439 +0064335 +0059857 +0012998 +0011884 +0041570 +0000181 -0014793 -0023405 +0013110 -0020363 -0009180
-0010903 +0003682 -0009273 -0050951 -0017593 +0009158 +0021272 +0012037 +0014812 +0033134 +0010723 -0037996 +0025660 -0045001 -0043467 -0035175 +0019516 -0003038 -0004587 -0005606 +0005545 +0009927 +0005929 -0012046 -0021411 +0032989 -0036818 +0029287 +0022850 -0022607 +0006328 -0049098 -0016293 +0059605 +0039521 +0039686 -0008424 -0024538 +0018728 -0003561 +0013525 -0010367 -0015477 +0029133 +0031291 +0026868 +0001655 +0033708 -0014657 +0009532
-0035467 +0042658 +0011735 -0010072 -0022913 -0075131 +0011957 +0000188 -0038160 -0023388 +0087275 -0023780 +0021801 +0036525 -0013680 +0033292 -0024725 -0003356 +0009512 +0010085 +0073724 +0027455 -0016164 -0011400 -0000215 -0008998 +0029152 -0035925 +0018120 +0015618 -0001084 -0057934 -0013651 +0037276 +0029520 +0016451 +0019625 -0004112 -0028139 -0011574 -0038568 -0037851 -0047906 -0009193 -0016213 -0031165 +0007164 +0007429 -0042908 -0005201
-0022715 -0012569 -0040658 +0020070 -0050367 +0063002 -0019801 +0036178 -0021190 -0021937 -0018415 +0037519 -0013905 -0009431 +0000019 -0038289 +0049224 +0024055 +0014032 +0031253 -0006974 +0020616 -0011096 +0053530 +0003331 -0020302 -0012339 -0000738 -0042532 -0022858 +0013451 +0003777 +0021811 -0018917 -0008613 -0063955 +0007738 -0020403 +0007332 -0011083 +0001227 +0020661 +0061557 -0042302 +0015085 +0005223 +0014161 -0055956 +0040225 +0038603
-0007390 +0021111 +0043099 -0021093 -0000212 +0006296 +0003620 -0012147 -0010175 +0022388 -0012889 -0031975 +0025118 +0054574 +0003494 -0009285 +0008673 -0052663 +0053027 +0002272 +0016646 -0022744 -0023223 +0035909 +0050545 -0002801 +0043550 -0009339 -0037350 -0015307 +0015240 +0011170 -0014191 -0026915 -0007288 -0017273 -0026900 -0038298 -0021059 -0047459 -0042808 -0008757 +0045844 +0002423 -0055870 +0007758 -0019737 +0007894 -0021242 -0013658
+0055652 +0006424 -0003414 +0036675 +0034563 +0010645 +0031287 +0013978 -0012079 -0004236 -0044601 +0018291 +0007781 +0045712 +0034576 -0012778 -0012334 -0012426 -0005688 -0017881 +0005930 +0007446 +0024000 -0013356 -0057378 -0034119 -0043722 +0015380 +0022774 -0056522 +0007041 +0014474 -0003139 -0014270 -0013642 -0004149 -0028017 +0007508 +0014636 -0032123 -0053039 +0016600 +0017844 +0003846 -0042516 +0025102 +0006328 +0021795 +0029983 +0053901
-0033259 -0008099 +0013688 -0019859 +0048994 -0020382 -0022804 +0013718 -0002483 +0016520 +0012715 +0015659 +0008250 -0003472 +0004544 +0040597 -0060421 +0014410 +0039552 +0036786 -0022034 -0029442 +0021942 -0006862 +0064492 -0004093 -0028299 +0000487 -0005456 -0027923 +0009050 +0002899 +0008423 +0022018 +0055910 +0021062 -0031712 +0001267 +0008846 -0026500 +0006110 +0013555 +0015277 +0014314 -0014542 +0029997 +0032659 -0031115 +0034039 -0029488
+0002108 +0059709 +0006612 -0020853 +0042418 -0007051 -0005097 -0065186 -0045617 +0032988 -0049315 +0029790 -0053936 -0017557 +0026641 +0025982 +0027665 -0010763 +0009805 -0005995 +0040391 +0019531 -0034460 -0035955 -0005456 +0046212 -0011621 +0045839 +0002150 -0047616 +0009175 +0000370 +0040509 +0022790 +0030946 -0012574 -0029101 -0039758 +0031300 -0013713 -0011361 +0029250 +0015483 -0003843 +0029577 -0000642 +0019991 +0022612 +0022755 +0000831
+0011856 +0041097 -0003084 -0000523 +0017475 -0011660 -0028406 +0023667 -0002329 +0006981 +0008579 +0058533 -0001842 +0023053 +0043776 +0000945 -0011552 -0026714 -0048182 -0006120 +0021438 -0022186 +0022900 -0030913 -0021578 -0041821 +0027041 -0026863 +0045713 +0006112 +0016482 +0030489 -0000141 +0005244 -0008458 +0016663 +0038421 -0007011 -0027584 +0027541 +0053311 +0024340 +0024451 +0025315 -0041196 -0018236 -0003748 -0010320 +0010301 -0015684
+0026563 -0003778 -0032666 +0007986 +0016695 +0003562 -0009830 -0029690 +0043418 +0041305 -0002093 +0001198 -0000802 +0006633 -0021032 +0003555 +0023661 +0012707 -0008767 +0007626 -0016549 -0045963 +0017362 -0014087 +0011601 +0014511 +0007190 -0002775 +0041147 -0028074 -0004681 +0035985 -0002253 +0010006 -0019885 -0061006 -0042404 -0068202 +0030868 -0017120 -0039984 +0057166 +0026504 -0063409 -0013368 +0019125 -0005606 -0021712 +0016997 +0055919
+0000346 -0001854 -0030603 +0012693 +0004291 -0007737 +0003667 -0007969 +0008315 +0021421 +0002793 +0002696 -0001183 +0032703 +0026103 +0031810 -0043348 +0035968 -0010001 -0007590 +0002400 -0027618 +0073649 +0023788 +0017121 -0001824 +0005379 +0012470 -0024715 -0035833 -0003833 +0015717 -0068467 -0013614 +0002825 +0018551 +0001874 -0016944 +0007253 +0017400 -0029840 -0005648 -0030536 -0029556 -0022921 +0001118 -0020330 -0002757 -0031020 +0029454
+0018399 +0029053 +0003279 -0045621 +0022763 -0015194 -0063081 -0038935 -0010014 +0025231 +0008471 -0033224 +0022672 +0006732 +0018573 +0013227 +0049907 +0006628 +0028699 -0010959 +0014179 +0018420 -0001857 -0011594 -0048867 +0019165 +0001970 +0007920 +0009195 -0018339 +0006591 +0037766 +0007394 +0056594 +0036962 +0003645 +0031402 -0038075 +0023150 +0022497 -0003653 +0004955 +0013973 +0001185 +0003931 -0024785 +0007317 -0035461 -0012395 -0005274
-0016768 -0021655 -0024069 -0006663 +0020509 -0008087 +0003652 -0012920 -0003069 +0044193 -0003083 +0004800 -0009951 -0002176 -0017777 -0040712 +0029319 -0016762 -0011782 -0012586 +0014889 +0007236 +0045267 +0019201 +0003678 +0018211 +0011921 +0024690 +0019298 +0014278 -0018687 -0010196 -0036044 +0009205 -0028909 +0027916 +0021615 -0019612 -0001603 +0043471 +0022614 -0014314 +0046242 +0063805 -0037359 +0004832 -0032776 -0038670 -0029009 -0004306
+0051952 -0015557 +0002579 -0029013 -0006136 -0064875 -0002898 -0033269 -0039090 +0011205 +0022606 -0040935 +0034177 +0030380 +0003717 -0022118 +0002608 +0002492 -0004445 +0010494 +0007350 -0023054 -0004356 -0028974 -0006435 +0040660 -0019646 -0016951 -0023000 +0013054 -0030096 +0014331 +0016134 -0024221 -0017724 +0000017 +0029075 -0026370 -0013436 +0047162 -0006689 -0012231 +0021116 +0013174 -0033111 -0012851 -0058042 -0053010 -0027096 +0023584
-0025566 +0021068 -0019067 -0015313 -0013512 -0016833 +0005144 -0020076 +0019141 -0028515 -0025058 +0020711 +0039260 +0054439 +0055662 -0014621 -0050167 -0017505 -0023597 +0069023 +0016555 -0049820 +0038082 +0035670 +0012863 +0055047 -0027628 +0020383 -0021212 -0029064 +0000314 +0067447 -0019985 +0015264 -0037654 +0001881 -0007411 -0000289 -0013365 +0023959 +0029111 -0006038 -0012859 -0036321 -0020662 -0003508 +0036364 +0000389 -0015746 +0053718
+0009642 -0032955 -0024562 -0002276 -0004117 +0050943 +0012181 +0020317 +0011838 -0007309 -0006623 +0015385 +0036251 -0020366 +0040248 -0008343 -0021157 +0030316 -0014962 +0012323 +0021679 +0031976 +0014879 +0033744 +0028139 -0005163 -0034271 +0042034 +0025814 -0032705 +0003328 -0032473 -0036045 +0008216 -0011349 -0037300 +0034937 +0012794 +0012553 -0011357 -0043308 -0001653 -0010845 -0003739 +0007153 -0015858 -0006458 -0027450 +0023069 +0031236
+0014398 +0055996 -0007127 +0009644 -0031815 -0004142 +0009187 +0024257 +0019772 -0032598 -0072036 -0016113 +0002451 -0009886 +0014391 +0003165 +0033939 +0038352 -0017672 -0025415 +0019396 -0010560 +0011127 +0047452 +0015415 -0013046 +0019691 -0014938 +0001257 -0004659 +0008889 -0012790 -0003714 +0021171 -0028498 +0021779 +0010750 -0021063 -0000038 +0008033 +0048644 -0019640 -0026366 +0083648 +0007000 -0037644 +0018230 +0031325 +0023154 -0010073
-0009880 -0044444 -0007258 +0015040 -0038617 +0032891 -0019494 +0043321 -0001788 +0024561 -0015840 +0007679 +0015057 -0007166 -0035713 +0017625 +0047439 -0017672 -0005546 +0010957 -0028783 +0005578 +0002135 +0026557 +0006049 -0036684 -0022695 -0007739 -0006409 +0036856 +0007902 -0007012 +0018051 -0029424 +0019699 +0007000 +0004595 +0049221 +0014279 +0016646 +0001702 -0000504 +0019426 -0046465 +0034153 +0006427 -0016668 -0013553 -0024023 -0024107
+0021999 -0000080 +0019416 +0003692 +0008923 -0039229 +0006718 -0006281 +0011577 -0029906 -0015960 -0044804 -0013968 +0020368 +0004211 -0002361 +0036035 -0000505 +0005317 +0020988 -0032023 -0002654 -0030483 -0015645 +0002665 -0037179 -0042781 +0016454 -0005122 +0005701 +0008121 +0003611 +0023189 +0007718 +0000722 +0021602 -0018578 +0006768 +0026867 -0000161 +0069880 -0017684 +0018670 +0058365 +0016652 +0011509 +0005565 +0045658 -0035377 +0011222
+0009204 -0000160 -0026218 +0041886 -0015035 -0032506 -0011163 +0024079 -0039167 -0071818 -0011528 -0024411 -0019969 +0024994 +0001350 +0004807 -0033675 -0000955 -0050138 +0053340 -0005086 -0010053 +0005552 +0000425 -0024474 -0052154 +0028897 -0023487 -0007887 +0015781 +0017177 -0037225 +0002311 +0000634 +0003777 +0058957 -0020795 +0023269 -0047135 -0018111 +0006400 +0008060 +0021482 +0041716 -0029044 +0009087 +0023398 -0004404 -0018422 -0022176
+0039031 -0026130 -0028679 -0002364 -0026837 +0041227 -0000331 +0072612 +0038063 -0014022 -0009563 +0007708 -0067472 +0004905 +0000096 -0007158 +0054078 +0000852 -0033894 -0022943 +0016531 -0004812 -0017313 +0012064 -0009237 -0048993 +0018311 -0015037 -0025583 -0018569 +0016854 -0012613 +0034485 -0044009 +0025444 -0015089 +0006995 +0025978 -0006586 +0005714 -0034864 +0027078 +0037858 -0031317 +0022666 -0014602 -0040559 -0001950 -0015482 -0006799
-0028665 -0043425 +0021493 -0038153 -0024946 -0053644 -0004231 -0018172 -0021908 +0018032 +0013741 -0017756 +0045243 +0016716 +0016482 -0015067 -0004894 +0002651 +0008377 -0039858 -0014640 -0064206 +0013069 +0032334 +0013652 +0058486 +0000941 -0003103 -0006521 -0010674 -0025215 -0001147 +0018447 +0029539 +0023324 +0000519 +0037097 +0005553 -0000787 +0004223 -0038656 +0000480 +0038455 +0007540 -0009814 +0001610 -0012520 +0012829 -0030403 -0022317
+0041977 -0008727 +0009553 +0023901 +0006713 +0001665 +0000839 +0003664 -0001390 -0023896 -0006498 +0008250 +0019932 -0028831 +0019829 -0025988 -0011594 +0022233 -0025701 -0028857 +0016348 +0001599 -0024348 +0005058 -0014579 +0005071 -0042963 +0004619 -0021768 -0036422 -0003300 +0041469 +0036419 +0002869 +0021729 -0001692 +0005719 -0015803 +0010039 -0006690 -0014751 +0023694 -0029154 +0002564 +0002465 -0068040 +0025977 +0010417 +0023326 +0049475
+0022911 +0011446 +0024436 +0009431 +0035219 +0010512 -0034621 +0021283 +0024280 +0035706 +0005303 -0051646 +0041655 -0043594 +0004024 +0012049 -0024468 +0039286 -0025875 -0026861 +0002723 +0013176 -0017842 +0046495 -0002470 -0019577 +0034767 +0002880 -0004102 -0010738 +0005194 -0022280 +0013505 -0067498 +0025983 -0019458 -0021092 +0018710 +0012595 -0012878 -0018390 -0019072 -0017223 +0024023 +0008937 +0015626 -0031673 -0007087 +0015804 -0018748
+0019623 +0064664 -0045222 -0034026 +0000210 +0033797 +0045276 +0005576 -0045186 +0016708 +0027753 -0038531 +0023527 +0044916 -0063615 -0000114 -0005575 -0028746 -0018914 +0011985 +0054296 +0014117 +0010096 -0038097 +0025818 -0019049 +0003962 +0017983 -0015184 -0013184 -0029313 -0002178 -0040052 +0004473 -0003064 +0030757 -0026049 +0007676 -0008873 -0025286 +0016118 -0001180 -0006293 -0014427 +0034299 +0007491 -0013771 -0011904 -0026756 -0036131
-0035468 +0030562 +0049562 -0001602 -0005656 -0004612 +0012222 -0006110 +0018148 +0017546 -0020148 +0025018 +0024333 +0005363 -0017533 -0045415 -0010025 +0029113 -0038283 +0012689 +0002826 -0010968 +0035348 -0021606 +0028183 -0023161 +0050347 +0037631 +0050009 -0016920 +0029979 +0050084 -0025792 -0019665 +0008612 -0011730 -0041641 +0004333 +0050198 -0007877 -0030971 +0010940 +0018040 +0055130 -0022665 -0008504 +0004987 +0031743 +0029889 -0061512
+0035659 -0014078 -0039487 +0001185 -0010077 +0015663 -0032927 +0014875 +0008360 -0012997 +0020795 +0002772 +0001029 -0005888 -0003502 +0022738 -0026008 +0010529 +0020058 -0002962 -0002729 +0010938 -0005859 -0023192 -0024664 +0036381 -0012339 -0001822 -0018881 -0018432 +0010392 -0024572 +0024647 -0026172 +0000627 +0001296 +0002395 +0004613 -0004583 +0034564 -0020618 -0050031 +0007683 +0010586 -0022580 +0015810 -0003014 -0028426 +0018764 +0000238
+0022713 -0015476 -0003603 +0006333 -0030796 -0025515 +0004802 -0013035 -0019336 +0013060 +0019300 -0001517 -0022726 +0002639 -0011889 -0050883 +0029938 +0006102 -0033527 -0021010 -0007287 +0015087 -0041472 -0044209 -0012359 +0013953 -0042668 -0039626 +0046142 -0002762 -0021987 -0013581 +0025184 +0019147 -0007320 -0006764 +0017317 -0017283 +0031732 +0015464 -0012734 +0036415 +0005825 -0005777 -0015892 -0009561 -0008306 +0012041 +0003607 +0049237
+0015385 -0031007 -0016182 +0018096 +0014435 -0001519 -0023809 +0069143 +0054105 +0011661 -0013451 -0050871 -0013725 -0029159 -0007536 +0023720 -0069508 +0053162 +0027405 -0042618 -0021946 -0003284 -0025531 +0024445 +0029895 +0011006 +0019539 +0042096 -0004519 -0012337 -0001060 +0028359 -0006633 -0016433 +0061050 +0012951 -0031792 +0016838 -0002852 -0008658 +0002303 -0013603 -0002940 +0018640 -0000091 +0027052 +0023773 -0005152 +0009759 +0017999
+0014417 +0006444 -0006701 -0011034 -0003005 +0027622 +0029158 +0023509 -0029506 +0012184 -0060739 -0005573 +0016600 -0019210 -0023265 +0003976 +0043162 -0021523 -0029772 -0004687 +0021063 -0014906 -0036524 +0028751 +0020395 +0004545 -0019362 +0028299 -0019574 -0053011 -0021126 +0023863 -0043655 +0006839 +0005489 +0046130 +0016950 +0011633 +0044784 -0022010 -0024255 +0021642 +0027875 -0039204 +0020180 -0017533 +0013562 +0021046 -0019605 +0034988
-0004722 -0017843 -0028295 +0006295 -0025053 +0024833 -0002862 +0025588 -0027183 -0009838 -0003309 -0014587 +0056426 +0006621 -0017597 -0020019 +0036165 -0017677 -0022455 -0013940 +0001018 +0042907 -0006250 -0024608 +0023161 -0012207 -0010507 -0017810 +0010419 +0003259 -0018461 -0016341 -0016709 +0042861 -0050761 +0017164 -0008169 +0005128 +0057785 -0021758 -0027997 -0005535 -0008146 -0006345 -0003477 -0006420 +0027395 +0012302 +0009492 +0037742
-0034032 +0047593 +0010628 -0019268 -0020249 -0031665 +0005004 -0037371 -0029642 +0024849 -0037177 -0002595 +0042216 +0012565 +0011461 +0017772 -0007405 -0062404 -0007910 +0022561 +0028455 +0023040 -0002081 +0034246 +0022077 +0004385 +0017581 +0050593 +0011462 +0027733 -0021638 +0001593 -0019858 -0023365 +0026607 -0020288 +0005815 -0034219 -0012895 +0013059 -0017119 -0005229 +0002501 -0025115 -0024666 +0026931 +0007929 +0039253 +0015092 +0025848
-0015537 -0005364 -0004276 -0010779 -0014816 +0001712 +0009902 +0000993 -0052766 -0009080 +0009674 -0030624 +0010968 -0009927 -0019089 -0033176 +0050028 -0022183 -0072502 -0001010 -0000270 +0031546 +0004936 -0027320 -0003837 +0008066 -0015644 -0031990 -0012526 -0018250 -0039487 -0046074 +0044431 +0016587 +0005321 -0014125 -0007853 +0011168 -0018943 +0002740 +0038953 -0041509 +0024571 +0000459 +0015183 -0019614 -0015331 -0026947 +0027884 +0005635
-0027417 -0038737 -0016285 +0064473 +0017843 +0001082 +0009825 -0015079 +0015970 -0001546 +0008332 -0034135 -0018830 -0003238 +0001854 +0006985 -0028986 +0065481 +0034069 -0030370 +0041534 -0012775 +0031042 +0035016 +0030410 +0002208 -0006846 -0043844 -0027154 +0023162 +0006729 +0000060 -0007955 -0040069 -0035161 -0010113 +0004301 +0026030 +0019636 -0068770 +0035982 -0010434 +0013018 +0024684 +0044608 +0020117 +0009508 -0031210 -0003016 +0014419
-0043289 -0031930 +0041836 -0025899 +0007079 -0001239 -0004978 -0048837 +0034596 +0003903 -0022508 +0036824 +0034114 -0038678 -0019163 -0038668 -0012772 -0004762 +0023169 +0013427 -0019904 +0044417 +0024416 +0036081 +0009209 -0014359 +0004579 +0004960 -0051569 -0028629 +0020740 -0028732 +0016517 -0059348 -0003626 -0033821 -0042037 -0015420 -0024182 -0012021 +0039056 +0006157 -0012594 -0038306 +0043691 -0013631 +0013626 +0034853 +0008506 +0003913
-0003112 +0028968 -0007715 -0043737 -0041811 -0033951 +0006907 -0020960 -0055505 +0027260 +0067670 -0000709 +0030164 +0032711 +0028933 +0019017 -0024401 -0003278 -0013227 +0014505 +0046535 +0008322 +0016751 -0014897 -0013776 -0028123 +0060107 -0018029 +0032339 +0000512 +0034877 -0001916 -0052570 +0003115 +0017321 -0003684 +0001436 +0024629 -0008726 -0009298 -0043267 +0013172 +0014182 +0019632 -0032833 +0029951 +0005461 -0020934 -0026859 -0042782
-0003951 -0017901 +0016016 -0019228 -0031479 +0042233 -0002940 +0014619 +0022186 -0011504 +0021292 +0025726 +0052376 +0003499 +0016871 -0022687 +0012433 -0039571 +0043918 -0013758 +0026656 +0052118 -0000547 +0023374 +0018789 +0044773 -0019918 +0002115 +0027189 +0011614 +0008258 +0015079 +0008154 +0009510 -0024912 -0016098 +0029069 +0024533 +0004351 +0004602 +0029699 +0023809 -0032110 +0049695 +0029043 -0008462 -0018282 -0001867 +0039641 +0009729
+0006964 -0000791 -0016191 -0026918 -0004664 -0001406 +0003534 +0052202 +0008611 -0018388 -0058850 -0082615 -0054901 -0019434 -0002343 -0028454 +0009645 +0098573 -0009174 -0026308 +0055866 +0002716 -0002451 +0055579 +0000971 +0035720 +0046669 -0015548 -0003148 -0043297 +0003955 -0065270 +0003184 +0085433 +0015875 -0033031 +0029651 -0031201 -0006329 -0021305 -0023532 +0004901 -0021560 +0014308 -0000898 -0055591 +0004299 -0028910 -0013226 +0040404
-0040714 -0019937 +0051687 -0004535 +0023313 -0032983 -0001483 +0003490 -0032838 +0031804 -0024541 +0021415 -0045102 -0020406 +0003174 -0035528 +0016703 -0005998 +0044856 +0025561 +0018572 -0055992 +0002378 -0051971 -0012317 +0009787 -0006757 -0028049 +0007129 +0010790 -0011208 +0005665 -0015722 +0011190 +0009696 +0011118 +0003729 -0005333 +0003966 +0007083 -0018297 +0058742 +0014962 +0018573 +0005218 +0028020 -0031812 +0040067 -0019603 -0021668
+0015689 +0031854 -0028505 +0033463 -0005836 -0010034 +0012268 +0005337 -0035819 -0015436 +0049005 +0010098 +0012639 -0030953 +0057688 +0016389 -0069271 -0037382 -0050965 +0019973 +0014609 -0008010 +0009924 +0011088 -0025010 -0013144 -0013155 +0042633 -0002865 +0026507 +0001023 +0059917 -0012079 -0070897 +0004286 +0042519 +0003116 +0030120 -0023091 +0019273 +0013448 +0026392 -0026024 +0026225 -0030436 +0004742 -0030353 +0004984 +0024072 -0026805
-0019091 +0031257 -0019789 -0037068 -0009709 -0013605 -0001051 +0014838 +0023142 -0025972 -0006015 -0037633 +0015122 +0011853 -0019560 -0064776 -0008057 +0017871 -0065901 -0040844 +0021651 -0060619 +0052613 -0007632 -0004324 +0001806 +0023063 -0010820 -0025894 -0023528 -0002382 +0012192 -0024442 +0035975 +0001576 -0033046 -0007190 -0036120 +0021497 -0034593 +0003148 +0011223 +0040145 +0028722 -0019353 +0019919 -0024251 +0066459 -0020574 +0004278
-0005046 -0010963 +0009120 +0029819 -0046123 -0028189 +0013387 +0013743 -0010773 -0017234 +0007512 -0042630 -0044647 +0057477 +0036225 +0011563 -0045020 +0075349 +0033283 -0040508 +0022375 -0034948 -0001099 +0018292 -0044577 +0034851 +0010686 -0018847 -0030377 +0004435 +0001023 -0010029 +0008374 -0011620 +0032402 -0004147 -0025707 +0014908 +0019442 -0006520 -0032497 -0002867 +0041703 -0024965 +0018625 +0042870 -0034093 +0020486 -0028584 -0013126
-0011709 -0017993 +0018305 -0031940 +0004315 +0076358 +0034178 +0016578 +0012363 -0032063 -0020114 +0038989 +0055467 -0015065 +0021277 -0011976 +0025756 -0036769 +0009588 +0071040 -0002527 +0002152 -0020547 +0009996 -0012062 +0008062 +0015086 -0038593 +0015553 +0006072 -0020992 +0016942 +0030304 +0008216 -0032869 +0016055 -0020705 +0021093 -0024627 -0004794 -0062467 +0024608 -0041424 -0047274 -0005691 -0012038 +0050923 -0005547 +0042553 +0024745
+0008344 +0000291 +0029216 -0019098 +0034261 +0045271 -0011048 -0000640 +0031093 +0043432 -0023409 +0035261 +0007848 -0029766 -0022177 -0015826 +0016290 -0000777 +0044580 +0001820 -0007240 +0007476 -0047981 -0017109 +0008941 -0022288 -0022263 +0027691 +0046013 +0033742 +0023381 +0010837 +0029190 -0012101 -0007788 -0030592 -0006088 +0042775 -0002202 -0021409 -0006230 -0006543 -0005535 -0017383 +0007148 +0031119 +0005434 +0012680 +0023750 -0036813
