+063 +066 -044 +071 -046 +015 +055 -017 -017 -076 +042 +033 -025 -082 +085 +048 +044 -012 +044 -065 +067 +055 +012 -076 -022 +052 -001 -054 -012 -034 +045 -010 -083 +084 +008 +016 -012 +074 -070 -068 -053 -052 +045 -025 +013 -068 +034 -087 -072 -021 -055 -057 +027 -016 -024 +031
+031 -013 +026 -086 +018 -013 -061 +010 -032 -064 +007 +048 +015 +073 -034 -015 -024 -046 +004 +014 +073 -045 -035 +084 +078 -012 +048 -025 +000 -012 -064 -055 -074 +048 +058 +037 -044 -073 -024 -057 -023 -056 +020 -075 +010 +067 +078 +033 -033 -077 -087 -054 -037 -020 +057 -038
-055 +033 +020 -028 -015 +011 +006 -011 -036 +066 -017 +052 -066 +047 +024 +013 -074 +062 -005 +033 -040 +050 +037 +082 -046 -048 -042 -058 +068 +080 +082 -037 -005 -082 -002 -006 -076 +016 +070 -021 -052 +072 -067 -076 -053 +007 -017 -071 -023 -010 -017 -026 +018 -061 -025 +078
-080 -100 +044 +027 -072 +032 +070 +022 +023 +017 +005 +082 -046 -055 +004 -013 +021 -074 +077 -026 +005 -054 -036 -015 +041 +032 +028 +044 +043 +037 -037 +022 +087 +000 +022 -065 +031 -065 -037 -075 +034 +082 -030 -021 +043 -018 +022 +100 -030 +036 -067 +012 +008 -010 +066 +004
+083 -022 +068 +085 -030 +044 -041 -074 -006 -012 +057 -074 +061 -040 +086 -086 -016 +003 +035 +071 +002 +022 -011 -050 -025 -071 +061 -054 +013 -074 -070 +063 +067 -004 -056 +038 -033 -010 -088 -084 +024 -072 -061 -008 +082 -021 -032 -073 -080 +054 +023 -012 +050 +027 -086 -024
+058 +002 +010 +012 +054 -008 +060 +007 +073 +055 -057 +074 +023 -040 +008 -087 +064 +013 +086 +046 -044 -088 -046 -081 -084 -020 -081 +021 +007 +048 +088 +035 +012 -073 -075 +040 -003 +054 +042 +027 -011 +046 -060 -040 -014 -014 -043 +084 +087 +061 +062 -011 -040 +003 -052 -084
+015 +076 -043 +074 +032 +062 +000 -008 -082 -044 +026 -020 -075 -083 -066 +017 -047 +028 -022 +054 -072 -014 +046 -023 +066 -046 +027 -018 -028 +013 +003 +022 -036 -035 -063 +086 +031 +005 +068 +026 -013 +022 -016 -081 +082 -007 -054 +056 -076 -050 +014 -000 -008 -070 -052 +071
-015 +076 -010 -001 +047 +020 -037 +000 -041 -021 +053 -023 +016 +054 -007 -087 -041 -034 +028 +100 -085 +073 -038 +038 -001 +041 +040 +025 +048 +043 -018 -015 -068 -061 -028 +023 +027 -004 +068 +047 -081 +005 +010 -004 -030 +051 -062 -011 +077 +085 -061 -074 +022 -035 -060 +055
-004 -047 +088 -034 +023 -086 +075 +051 -066 -048 +083 +020 +075 -027 +027 -017 -058 +050 -012 +024 +011 +021 +062 -008 -065 -030 +085 -050 +014 -031 +021 -042 -021 -006 +067 -010 -040 +075 +088 +034 +076 +085 -086 -057 -027 -058 -022 -005 -067 +026 -038 -066 -006 -065 +068 -026
-058 -067 +017 +055 +065 -071 +052 +057 +061 -023 +001 +043 +031 +030 -016 -037 -077 -020 -071 +032 +026 -013 +052 +037 -041 +075 -005 +051 -086 +060 -012 -064 +001 +078 -035 -058 +042 +018 -023 +026 -080 +045 +017 +026 -034 -083 +078 -057 +032 +075 +088 -048 -078 +025 -088 +064
-020 +037 -010 +006 +005 -003 +088 -013 -013 +015 +022 -060 +037 -053 +052 -016 +042 -023 -083 -035 -047 -087 +055 -024 -064 -016 -020 +024 +064 -005 -043 +016 +075 +080 +051 +085 +055 +005 +034 +022 +061 -015 -074 -026 -077 +007 +041 -005 -076 +076 -015 -084 -004 -060 +081 -056
+023 +038 -083 +015 -031 -060 +005 -043 +044 -015 +078 +018 +012 -057 -053 -047 -086 +081 -054 -034 -003 -085 +025 -017 -000 -046 -070 -081 -078 -056 -027 +061 -004 -032 -001 -028 +057 -081 +058 -032 -062 +077 +075 -000 +006 -026 -015 -004 +016 -056 +003 +060 -044 -024 +061 -007
+012 -064 -066 -062 +012 +062 +042 +072 +068 +021 +026 -046 +064 +022 +066 -004 -026 -042 +074 -080 -055 +007 -006 +021 +042 -058 -073 -036 +080 -056 +083 -028 +086 +045 +083 +082 -067 +050 +054 -035 -012 -005 -068 -025 +066 +062 +030 +036 -014 +018 -065 -046 -031 +070 +088 +010
+082 -027 -086 +014 +074 +013 -068 +007 +086 +088 +058 +074 -023 -012 +036 +053 +052 -055 -060 +022 +003 -041 -005 +004 -075 -011 +065 -040 -054 +017 +088 +068 -014 -030 -001 -072 -041 +075 -006 +086 -047 -087 -016 +018 +085 +067 +046 -081 -043 -053 -074 -057 +055 -032 -055 -012
-055 -058 -083 -012 -044 +017 -084 +080 +022 -017 -027 +003 -064 +017 -088 -055 +085 -071 +087 -077 -054 -065 +046 +030 -030 +050 +063 +044 +048 -072 +002 +041 -077 +073 -025 +055 +020 +050 -023 -026 -020 +058 -077 -051 -046 +057 -037 +025 +054 +021 -040 +077 +072 +051 -076 +027
+065 +056 -047 -032 +068 +060 +052 -075 -023 -006 +085 +062 +061 +061 -080 +004 -040 -025 -082 +003 +036 +058 +072 +037 +027 +012 -010 -051 -030 +016 -018 +042 +016 +082 +030 -080 +070 +006 +000 -055 -027 +068 -000 -026 +027 -051 +036 +030 -063 -033 +061 -006 +083 +044 -047 +077
-052 -006 +086 -040 -013 -065 +028 +007 +063 -016 +080 +073 +006 -034 +016 -021 +066 +065 -045 +000 -087 +013 +013 +013 +008 -036 +005 +057 +063 -007 -001 +022 +010 +082 -016 +084 -015 +048 -075 -027 +031 -072 +076 -054 -034 -047 +021 -082 -073 -014 +076 -021 +045 +006 +071 +015
-057 +085 +037 -055 +017 -038 +040 +036 -056 +033 +056 -082 +047 -015 +055 +026 +028 -100 -038 +044 +000 -025 +025 -011 -005 +010 +082 -023 -062 -078 +021 -073 +076 +006 +048 -016 +018 +008 +053 -042 -070 -055 -030 +035 -072 -008 -013 -045 -040 +007 -024 -074 +054 -075 -038 +026
-054 +013 -032 +018 -017 +018 -083 +031 -076 +010 -014 -002 -051 +015 +010 -055 +022 -083 +067 -074 -014 -062 -057 -088 +018 +087 -003 -058 -016 +057 +048 +051 +045 -052 +043 +017 -073 +033 -057 +028 -066 -060 -038 +055 -054 -078 +013 -051 +020 -068 +047 +017 -066 +084 +087 -012
+053 -080 +003 -081 +025 +008 -068 -046 -027 +062 -037 +022 -044 +025 -017 -053 +018 -018 +063 -038 -087 -050 +064 +023 +054 +034 -020 +075 -066 +070 +023 -075 -051 +026 -072 +033 +008 +056 -008 -017 -046 +084 -004 +003 -081 +075 -025 +071 -072 -044 -054 +013 +020 -077 +037 +031
-028 -004 -083 +060 -008 +038 -007 +081 -068 -064 -033 +010 -071 -061 +077 -034 +010 +066 -027 +071 +045 +041 -020 +045 -034 +060 -086 +076 +012 +034 +055 -078 -072 -012 +018 +056 +075 +081 +033 -031 +051 +064 +025 -006 -075 +027 +045 +047 -067 -033 +100 -010 +051 -020 -051 -088
-006 -022 +020 +021 -005 +010 +054 -013 +031 -086 +008 -052 -084 +050 +018 +073 -012 -007 +010 +034 +002 -043 -033 +002 +008 +070 +058 +058 +013 +015 -044 -004 -050 +001 +035 -087 +030 +002 -024 +052 +008 -027 +064 -085 -070 -007 -100 -036 +072 -036 +045 -084 -083 +080 -018 -072
+075 +078 -061 +014 -037 +062 -085 -076 -073 -065 -043 -013 -024 -048 -002 -078 +003 +056 -038 +012 +063 +042 -005 -085 -067 +052 -016 -040 +031 -016 +051 +084 +045 +068 +055 +040 +058 -074 -003 -016 -026 -016 -015 +045 +077 +035 +071 -086 +078 +066 +065 +028 -027 +054 -011 -047
-070 +002 -004 +031 -084 +082 -050 +017 -048 +032 +044 -045 -031 +053 -078 -008 +082 -013 -023 +085 -073 -051 +043 +022 -032 +032 -056 -022 -067 -020 -014 -034 -084 -022 -055 +045 +071 -000 -040 -027 +001 +010 +085 -013 -070 -036 +057 +015 -071 -086 -037 -075 +036 -064 +040 +033
-071 -056 +018 -040 +005 +016 -063 -000 +100 +026 +025 -035 +025 -047 +030 -080 +056 -027 -004 -071 +087 +051 +056 -082 -004 +060 -025 -017 +058 +050 -018 -038 +072 +033 -003 -038 +010 +065 +067 -028 -041 +078 +047 -026 -074 +064 +042 -007 -014 +028 -024 +014 -078 -055 -040 +042
-035 -083 -051 -004 -067 +022 +016 +085 -001 -087 -073 -037 -050 +077 -047 +042 -002 +070 +063 -007 +100 +045 +035 -064 -000 -027 -031 +060 +011 -074 +041 +021 +082 +048 -067 -002 +030 -058 -077 -051 -084 -063 +083 -086 -030 -026 -007 +044 +041 -041 -051 +022 +013 -083 -086 +051
-000 -085 +002 +050 -056 -082 -056 +008 +051 -033 -013 -026 +055 -032 -057 -044 +028 -063 -007 +032 -076 -002 -023 +077 +087 -074 +058 +068 -065 -016 +054 +083 -087 -076 -063 +083 -064 +038 +050 +074 -034 -041 +081 -057 -003 -002 +065 +052 +006 -034 +000 -056 +084 -017 -007 +083
-008 -042 +043 +068 +035 -044 +054 +004 +030 +015 -003 +024 -085 -053 -058 +013 +064 -017 -042 +047 +061 +052 +052 +066 -083 -047 +070 +080 -043 +071 -071 +014 +017 -026 +070 -066 -082 +004 -067 +037 -004 -042 +030 +028 +081 -028 -078 -021 +082 +051 +026 +004 +047 +056 -043 +086
-088 -004 -042 -012 +073 -013 +036 +052 -055 -053 +047 +003 +007 +061 -027 -046 -057 +068 +061 +027 -010 -077 +010 +033 -037 +050 +072 +070 +078 +025 +031 +034 +016 +024 +020 +071 +045 -085 +020 -005 -058 -075 -037 +062 -040 -012 -001 +027 +007 -005 +003 +046 +078 -018 +058 +067
+036 -041 +042 -068 -034 +054 +082 +005 -081 -064 -078 +054 +066 +061 -075 +007 -038 -010 -068 +040 -050 +042 -060 +064 +020 +001 +065 +010 -046 -046 -068 +041 -024 +011 -036 +014 -014 -053 +052 +017 -004 -088 +002 +042 -083 +004 +003 -072 -087 -075 -087 -064 -083 +066 +086 +024
-018 +038 +023 -088 -005 +024 -008 +010 +050 -020 +062 +035 -022 +082 +067 +015 +046 -066 -004 -082 +078 +064 -051 +046 -048 -011 +078 +005 -035 +077 +004 +032 +067 -015 -056 +055 +078 -013 -048 +048 -078 +048 +070 +023 -037 +072 +082 +061 +064 +061 +012 -073 -082 -024 +041 +018
-016 -005 -001 +068 +063 +078 -011 +071 -048 -004 -050 -070 +075 +043 +004 -037 -027 -030 +018 +008 +087 +041 +054 +058 +066 -080 -000 -027 -038 -067 +030 -047 +052 -055 -063 +008 +043 +012 +082 +074 +041 +077 -005 +007 -054 +026 -010 +028 -014 +020 +060 +044 +010 -051 -026 -022
-052 -100 -055 -074 -045 +027 +083 -043 -002 -060 +082 +004 -004 -062 +025 +077 -085 +053 -053 -045 -012 +027 +054 +061 -074 +002 +076 -073 +018 -031 +056 -050 -023 +012 -017 +088 +080 +000 +025 -025 -002 +000 -008 -088 +086 -020 -002 +070 +065 +054 +075 -085 -057 -057 -075 +025
+026 +055 +051 +002 -005 -045 +072 -081 -001 -073 +061 +075 +047 -026 -001 +078 +006 -017 -067 -100 +071 -076 -045 -014 -070 -065 -014 -042 +042 -003 +022 +023 +017 -005 +061 +041 +000 +060 +066 +007 +078 -028 +016 -064 +044 +080 -013 -068 -054 -006 +078 +062 -060 -045 -083 -043
+058 -053 +061 -014 +087 -043 +081 -022 +065 -030 -071 +018 +050 +070 -014 -031 +020 +086 +014 -021 +057 -061 +086 +082 +012 +067 -066 +018 -064 +063 +075 +007 -040 +028 -008 -048 -028 -028 -050 -053 -017 -043 -063 -058 +066 +066 -050 +038 -084 -004 +084 +072 -075 -004 -075 -088
+038 +012 -000 -008 +037 +083 -076 +046 -035 -064 +027 +042 -067 -005 +027 +016 +084 -006 -032 +036 -087 -028 -084 -040 +061 +004 -041 +065 +033 +085 +037 -035 +087 -006 +042 -038 +034 +002 +011 +075 -046 -012 -033 -067 +067 -046 +066 -074 -050 +025 -026 -036 -020 -026 +066 +052
-001 +002 +020 -005 +042 +084 +005 -073 +045 -003 +032 -003 +062 -066 -035 +050 -067 -086 -000 -037 -048 +000 +071 -013 +077 +004 -080 +000 -015 -008 -017 -032 +080 -070 +034 -024 -084 -076 -088 +022 -010 +037 +034 +005 +038 +021 -088 +041 -074 +071 -001 +060 +050 +055 +054 -007
-036 -061 +066 +073 -083 +024 +085 -056 +038 -020 +018 +056 -032 -074 +046 +071 -038 +045 -053 +031 +045 -082 +081 +086 -052 +010 -014 -083 +003 -006 -058 +053 +061 +005 +010 -070 +026 -020 -075 -011 -055 -014 -022 +010 -031 -065 +034 -002 +083 +080 -031 +014 +014 -087 -010 +038
-060 +005 +073 -068 -005 -017 -073 -008 -036 +021 -050 -020 +020 -074 -014 -028 +033 -086 -042 -054 +028 -081 -060 +056 +050 -072 -062 -033 +035 +002 -076 +003 +033 +011 -027 -005 -004 +020 -020 -070 -051 -034 +065 +065 -007 -051 +088 -017 +054 +018 +100 +021 -007 -087 +018 -067
+014 +007 +023 +042 -084 +015 -072 +073 -067 -076 +048 -058 +082 +027 +000 -016 -017 +000 -024 -056 +042 +056 -065 +015 -032 -043 -017 +086 +003 +065 -051 -026 -043 +010 -052 -032 -031 -087 +005 -030 -047 +075 -011 +073 +008 -076 +065 -067 +078 +023 +011 -006 +017 +036 -047 +062
-082 +001 -018 +088 -080 +020 +055 +022 +061 +055 -054 -075 -055 -076 +033 -025 +057 -011 +066 -043 -038 +051 -038 +033 -028 -011 -077 -083 -032 +018 +002 +043 -074 +008 -067 +055 +046 +003 -037 -035 +061 -046 +011 -016 -054 +063 +057 +046 -051 -010 -081 +017 +044 +041 -020 -014
+056 -066 -055 -026 +086 +011 -041 +046 -067 +004 +036 -033 +070 -080 +013 -003 -087 -020 +063 -087 +077 -034 +042 -084 +058 -086 -085 -068 -032 -004 +014 +001 +035 +072 -024 -058 +036 -084 +011 -078 -041 +020 +054 +021 +054 +025 -011 +066 -058 -056 -008 -001 +035 +053 -004 -034
-037 -046 -042 +084 +040 +008 +050 +007 +052 -037 -058 +024 -087 -088 +013 +052 +028 -023 -027 -045 -061 -054 -037 +066 -086 +050 -035 -085 -004 +084 +041 +078 -024 +025 -053 +043 +082 -066 +021 +030 +044 +067 +023 -026 -042 +081 -012 -083 -001 -064 +058 -028 +024 -032 +062 +025
-050 -010 -017 +072 -081 -020 +030 +075 +003 +001 +078 -046 -031 -003 +011 +006 +070 -035 -088 +100 +031 +002 -071 -031 +052 +005 +051 -018 -012 -031 +041 +015 +024 -041 +007 +058 +054 +058 -017 -030 -074 -062 +044 -017 -084 -015 +023 -023 -080 -053 +037 -052 -035 -024 -032 -024
-030 -016 -002 -055 -046 -044 +035 +034 -064 -035 -013 -034 +085 +003 +082 -080 +003 +002 +008 +041 +083 -048 +061 +003 -038 -001 +060 -021 +041 -078 -013 -010 +062 +046 -008 +012 +066 +073 -056 +034 +030 -056 -034 +025 -067 -012 -084 -001 -052 -030 +047 -037 +087 -077 +024 +050
-020 +026 -086 -063 -075 -055 +025 -027 +053 -075 +037 -070 -033 +048 +016 -052 -078 +013 -072 +023 +055 +077 +046 +007 +035 -072 -055 -047 -087 +034 -077 -036 -055 +001 +053 -000 +006 -011 -020 +053 -058 +063 -002 -008 +087 +061 +006 -076 +033 +070 -085 -087 +045 -001 -087 -017
+084 -074 +005 -028 +056 -063 +063 +068 -033 -038 +003 +082 +044 +038 -087 +016 +044 +035 -013 +007 -023 +033 -043 +063 -021 +035 -074 +075 +057 -087 -011 -027 +085 -022 -020 -041 +018 -078 +006 -032 -000 -052 +007 +083 -018 -026 +002 -043 +004 -025 -030 +081 -027 +032 -013 -023
+032 +013 -012 +030 -064 +031 +052 -055 -068 +055 +025 -013 +008 +034 +046 -040 -068 -020 +014 +022 -070 -038 -087 +013 -077 +060 -027 +022 +018 +032 +052 -037 +081 +056 -007 +073 -078 -070 -074 -071 +047 +007 -061 +042 +071 +046 -062 +004 -022 +073 +042 +047 -010 +065 +023 -033
-100 -062 -058 -020 -048 +008 -035 -067 +031 +021 +027 +015 +033 +001 +071 +015 -025 -052 +005 +040 -027 +040 +053 -026 -012 +074 +005 -022 -072 -011 -016 +023 +043 +022 +010 -053 +062 -057 -066 -038 -078 +067 +068 -082 +075 +013 +025 -046 -050 -063 +013 +067 +025 +032 -054 -030
-020 -018 -051 +081 +038 -025 +087 -080 +001 -022 +036 +010 +063 -067 -033 -012 -072 -020 +033 +075 -013 -026 -013 +082 +004 -000 -052 +052 -075 -047 -065 -013 -068 -054 -040 -061 +072 -040 -058 -025 +066 +012 -025 -038 -051 -008 +073 -047 -041 -065 -036 -036 -047 +012 +018 -076
+052 +011 +002 +041 +000 +081 +037 +011 -045 -033 +031 -087 -060 -035 +084 +017 +025 +084 -082 -006 +086 +010 -037 -044 +064 -005 -020 -050 +022 +042 +025 -056 +022 +022 +044 -038 +034 -045 +076 +033 +075 +070 -000 +041 -047 +017 +068 -010 -008 -035 +053 +000 -052 +046 -051 +046
-014 +084 +064 +084 +024 -087 +074 +010 -020 -040 -048 +011 -054 -100 -071 +057 +067 -082 +001 +074 -012 +041 +052 +051 +032 +050 +013 -016 +070 +052 -081 +032 +036 -086 +017 +060 +024 -057 -074 +070 -018 -080 +087 +083 -072 -073 -044 +010 +030 -000 +058 +100 +077 +023 +026 +014
+077 -068 -032 -053 -081 +051 +035 -012 +018 -087 -062 -010 +020 -027 +083 +067 -087 +068 +022 +083 -021 +042 +011 -047 -012 -015 +013 +087 +068 +058 -064 +008 -048 +085 +077 -064 -001 -063 +083 +036 -037 +060 +083 -045 -014 +077 +014 -035 -014 -086 +087 -054 -024 -060 -028 +055
-057 -002 +007 +064 -000 -015 +051 -051 +058 -034 +012 +068 +027 +071 -071 -011 -074 +008 +088 -054 +075 -063 -042 -023 +060 +036 +010 -014 +056 +080 +071 +071 +055 +048 -033 -034 +058 -014 -078 -026 -007 +052 +018 -024 -068 +077 -056 +045 -035 -088 +100 -014 -083 -050 +031 +044
+088 -067 -011 +082 -067 +042 -015 -065 +046 -070 -060 +016 +087 +021 +042 -018 -034 -032 -058 -025 -052 +035 +037 -015 -034 -036 +056 -017 -064 +041 -018 -020 -005 +021 -067 -055 -002 -055 +034 -023 -020 -005 +076 +063 -054 +061 -028 +082 -078 -017 -076 -014 +086 -064 +026 -011
+028 -051 -063 +005 +047 +051 +047 +046 +086 +024 -038 +012 -046 +037 +067 -042 -031 -005 -041 -024 -016 -054 -062 -052 +058 -073 +010 -074 +067 +002 +015 -056 -061 -004 -010 +027 +048 +052 +066 -032 +080 +018 -022 -014 -003 -005 -056 +058 -014 +052 -057 -026 +012 -061 -052 -031
-062 +012 +037 -026 +071 -062 +020 +073 +054 +004 -042 +044 -040 -040 -056 -003 -015 -068 -020 +004 +042 -078 -081 +048 +013 +035 +086 +056 -080 +084 +077 +050 +100 +017 -034 -032 -071 -017 -055 +070 -052 +074 +018 +074 +015 -001 -023 +060 -002 +026 +053 -033 -024 +043 +085 +006
-021 -064 -070 +028 -014 +055 -043 -073 +040 -088 -014 +003 +081 -002 -073 -063 +048 -041 +064 +087 -007 -050 +061 -041 +018 -033 -010 +011 -031 +088 -005 -002 +008 +021 -053 +084 -052 -032 +011 +018 +081 +081 +062 -055 +028 +053 -064 +077 -066 -076 +055 +028 -004 -043 -078 +073
+075 -036 -027 -012 +001 +043 +010 +088 +065 -027 -042 +005 -028 -026 +003 +087 -013 +011 +045 +063 +066 -066 -055 -074 -056 +026 -015 +057 +030 -027 -067 -062 -050 -016 +032 +007 -031 +075 -032 +088 -064 +077 -001 -020 +045 -001 -033 +002 +027 -067 +054 +057 -010 +048 -076 -088
+078 -002 +064 +012 +040 +017 -026 +022 -010 +011 -017 +080 -071 -016 +012 -013 -000 -018 +072 +014 +018 +021 +081 -067 +025 +084 -004 -061 -037 -064 +055 +001 -053 +062 +037 +040 +055 +022 -085 -088 -013 +047 +027 +100 +011 -028 +086 -075 +067 -047 -041 -048 -075 +038 +012 +036
-087 -053 +038 -075 -073 +038 -082 +080 -017 -047 +085 -064 +032 +074 -016 +080 +021 +064 -016 -018 -002 -057 +006 -068 +058 +052 -087 +067 -056 +071 +007 -006 +015 +034 +043 -061 -052 +001 +050 -085 +007 -022 -024 -028 +065 -046 -060 +053 +065 +007 -002 +070 +064 +038 -060 +002
-026 -071 +047 -063 -001 -023 -066 +026 -043 -042 +027 -067 -007 +020 -020 -004 +022 -026 +074 -045 -054 +035 +063 -056 +037 +025 -057 +067 -050 +046 -081 -002 +011 +031 -026 +026 -065 -000 +046 -083 +047 -035 -063 -046 +020 -021 +045 +071 -030 -054 -060 -070 -088 +062 +050 -071
-040 -070 +044 -021 -002 -067 -022 +060 +041 -042 +018 +023 -031 +011 +013 -035 +017 +003 +031 +073 +008 -050 +085 +023 +053 +015 +072 -005 -077 -012 +011 -003 -045 +023 -070 -045 -010 -071 -037 +081 -004 -052 -071 -030 -052 +062 +030 +081 -088 -082 -064 +007 +023 +038 -057 +012
-088 +006 -056 -033 -053 -038 -038 -082 +078 -027 +028 -085 -054 -038 -064 -025 +050 -068 -078 -005 -055 -050 +040 +054 -008 -026 -057 +075 -024 +037 -035 +068 +016 -051 -068 +034 -084 +000 +063 +053 -005 +034 -060 +020 +030 +073 -084 +074 +018 +022 +016 +004 +081 -086 +067 -035
+042 +055 +055 -044 +043 -032 -038 +016 -053 -058 -071 -022 +065 +010 +054 +034 +078 -001 +027 -042 -081 -007 +055 +040 -032 -033 -053 -027 -078 -035 -048 +078 -071 +018 +075 -080 -076 +071 -022 +070 +073 -016 +008 +078 +053 +073 +037 -021 +037 +005 +028 -017 -034 -010 -013 +071
-021 -001 +032 +024 -003 +038 -044 +080 +050 -025 -005 -000 +027 +035 +065 -046 -020 +024 -000 +047 -046 -100 -027 +078 -012 +015 +051 -004 -054 +055 -007 -027 +053 -064 -000 +000 +036 -068 -036 +073 +081 -085 +088 +040 +088 -023 -003 -007 +026 -021 +058 +077 -014 +021 -040 -082
-041 -074 -051 +033 +052 -046 -028 -041 +086 -026 +057 +018 -017 -065 -078 +020 -081 +048 +087 +051 -004 +036 +070 -067 +013 +073 +004 -063 +066 +018 -026 -086 -050 -061 +044 -018 -085 -087 +068 -075 -033 -020 -074 -086 -025 -058 +022 -047 +055 +015 +036 +021 +014 -026 +003 +002
-023 -083 +010 +011 +010 +041 +074 +035 +066 +023 +001 +058 +004 +024 +017 +005 +066 +058 +025 +066 -036 -033 +032 -063 -061 -072 +001 +064 -087 -070 +031 +067 -073 -055 +033 +038 -050 -043 +100 -064 -004 -064 -070 -046 +060 +004 +023 -016 +040 -050 -064 +032 -077 +076 +017 -003
-052 +042 -021 +023 -048 +010 -013 +041 +011 +035 +065 +076 +032 -024 -002 +052 -086 -052 -002 -077 +088 +051 -083 +084 -007 -016 +011 -047 +023 +057 +072 +026 -011 +012 -050 -020 -004 +075 +015 +054 +034 -012 -054 -027 +073 +065 +047 +057 +028 +042 -020 +035 +038 -020 +044 +020
+015 +005 -021 +044 -007 -003 +024 -013 -060 -045 +055 +000 -087 -036 +063 -046 +050 -008 +086 +016 -007 -023 -006 +045 -007 +067 -083 -041 +042 +054 -026 +076 -005 +004 +008 -032 +036 +000 +082 +076 +035 +071 -046 -005 +024 -082 -035 -068 +077 +035 +035 -024 -100 -058 -058 -056
+037 +073 -048 +055 -022 +056 +011 +014 -042 -042 -078 -031 +053 -041 +083 -037 -077 +062 -032 +076 +051 +037 +080 -002 +007 -046 +065 +023 +017 +085 -038 +003 -041 +016 +026 +054 -037 -073 -072 +085 -100 -071 -048 +062 -065 +077 +067 -048 +068 +062 -040 -030 -017 -006 +004 +074
+022 +007 +085 -042 +023 +030 -063 +023 -063 +067 +025 +014 +043 -025 -057 -015 -068 +073 +078 +068 -068 +018 +074 -036 -000 +015 -028 -066 -023 -014 -016 -004 +030 -025 +072 +082 -000 +081 +031 +023 -076 -057 -001 -068 +016 +060 -080 -078 +083 +043 -054 -012 +052 +012 -030 -078
-047 -018 -076 -020 -045 -045 -057 +041 +026 +023 -017 +071 -022 +054 -018 -053 +065 +036 +003 +005 -022 +036 +033 -016 +087 +011 -058 -015 -053 -086 -062 +087 -056 +014 +026 -023 +027 -078 -065 +043 +037 -034 -054 +017 -071 +063 +043 -018 +002 -033 +068 -055 -001 -036 -057 -074
+057 -066 +001 -056 -055 +066 -010 -030 -028 +026 +000 +033 +026 -066 -008 +023 -064 +086 +016 -012 +033 -051 +075 +040 +078 -024 +011 -042 +008 -085 +056 +067 -024 -022 -041 -028 +002 +067 +012 +067 -077 +031 +027 -005 -077 +062 +067 -031 -001 -072 +030 +053 +021 -026 -038 +086
+030 +058 -008 -085 +031 -055 -068 +053 +036 -070 -007 +058 -058 -031 -040 +021 -043 +082 +048 +080 +043 -037 +027 +012 +035 -042 +088 +035 -007 +083 +072 -028 -033 -067 +025 +063 -064 +066 -073 -048 -037 -041 +025 +026 -058 -081 -007 -082 +082 +014 +083 -061 +002 +058 -085 +047
-063 -045 -083 -085 -048 -030 -002 -042 -040 -026 -001 -018 +004 +014 +071 +001 -062 +056 -046 +035 +003 -001 -085 -086 -084 -024 -056 +018 +028 +070 +086 -057 +054 -008 -075 +028 +082 -085 -015 +024 -068 +084 +006 -042 -071 -036 +073 +000 +007 -078 +017 -013 +068 -030 -001 -078
-055 +041 -003 +028 +046 +068 -064 +012 -014 +035 -061 -016 +076 -062 -074 -046 -033 +067 +061 +038 -021 -070 -033 +027 -034 +017 +046 -078 -051 -061 -050 +018 -012 +070 +051 -084 +052 +012 +086 +007 -031 +020 -078 -044 +061 +055 +062 +046 -046 +054 -021 -084 +003 -055 -002 -064
+008 -084 -068 -025 +012 -024 +062 -034 -014 +077 -034 +053 +015 -003 -037 +046 +033 -061 +070 -001 +068 -066 -060 -020 +075 +014 -038 +001 +016 -075 +073 +037 +018 +072 +068 -047 +004 +006 +035 -034 +004 +087 -025 -014 +061 +026 +025 +056 +055 -054 -005 +021 -078 -067 -068 +082
-032 -047 +025 +052 -081 +065 +061 +053 +088 -024 -035 +066 +003 +017 +035 -008 +040 -027 -046 -038 +023 +044 -077 -008 -035 +034 -047 -017 +011 -055 +004 -040 -018 +024 -007 +100 -015 +024 +031 +054 +076 +036 -072 -062 -007 +082 +032 -056 +052 -028 +020 +088 +050 -044 +065 -021
-037 -043 -026 +060 -043 -066 -073 +038 +065 -008 -022 -068 +041 -031 -080 +010 +085 -006 -082 +055 -040 +056 -004 -061 +053 +015 +057 +048 +037 +018 +021 +066 +052 -066 +080 +062 +060 +088 +088 +035 +068 -063 +066 +003 -084 +065 +064 -058 -012 +037 +028 +050 +042 -040 +012 -064
+045 +016 +041 -010 +003 +005 -061 +063 +002 -041 -058 -044 +074 +027 +038 -001 -001 -055 +008 -062 -043 +036 -066 +025 +003 -063 -054 -070 -042 +077 -052 +028 +070 +012 +044 -032 +058 +021 -017 +013 +016 -061 +041 -047 +040 -036 -024 +031 -012 +068 -061 +028 -074 -021 -014 +034
-053 -042 +052 -075 +065 +048 +055 -067 +012 -066 +021 +030 +060 +008 -063 -041 +013 +088 -088 -082 +035 -001 -064 +051 -086 +035 -022 -031 +035 +042 -031 +036 -023 -023 +024 +005 +042 -027 -023 -083 -058 -045 +046 -012 -024 +072 -060 -063 -010 -005 +002 +070 +087 +016 -026 -040
+045 +004 -078 +043 -013 -082 -031 -087 +100 -058 +021 +058 -085 -087 +076 -006 -000 -065 -056 +080 +076 +084 -084 -006 -070 +072 -051 +035 -068 -085 -035 +013 +087 +084 +022 +084 +005 +050 -048 -086 +035 +020 -033 +050 -015 +064 +001 +048 +035 +085 +062 +002 -048 -071 -015 -085
+052 -063 -041 +004 +064 -023 +053 -082 +043 -088 -043 -083 -066 -068 -000 -048 -018 +078 -040 -031 +071 -012 -051 +020 -051 +061 -008 +011 +008 +001 +004 +072 -001 +054 -043 -086 -068 +024 -072 +073 +087 -002 -042 +013 -025 +084 +055 +023 -088 -036 -088 -057 -017 -081 +025 +043
-073 +000 -038 +010 +010 -010 -052 +070 -100 +040 +033 +018 -004 +068 -037 +046 +005 -014 -043 -035 +011 +007 +052 -060 -074 -026 -067 -047 +085 -067 +072 +003 -047 -034 +000 -002 -020 -046 -021 -012 +063 -100 -088 -025 +007 -045 -074 +027 -030 -002 -080 +088 +008 -014 +080 -071
-008 -007 +087 -016 -068 +036 +042 +080 -026 -060 -004 -058 -083 -081 +001 -068 -056 -000 +067 +062 -053 +012 +070 +084 -002 -087 +043 -078 -051 +074 -045 +011 +038 -022 +005 +027 +055 -051 +010 -010 +014 +004 +030 +024 +047 -087 -047 -085 -057 +055 -016 -013 -063 +083 +011 +007
-005 -073 +086 +001 -005 +086 -031 -024 -011 +008 -060 -056 +035 +041 -028 +012 -082 -027 +018 +056 +047 -080 -038 -062 +024 +034 -024 +037 -088 -065 -081 +075 -077 -050 +085 +001 -066 +053 +074 +015 -026 +046 -002 -080 +035 +006 -067 -017 -034 +076 -047 -081 +042 +054 -040 -046
+085 +066 -088 +077 -082 -022 +055 +007 -068 +063 -055 +062 +055 +015 +014 +008 +004 +084 +012 -087 -032 +062 +005 -087 -027 +008 -078 +005 -041 -052 +023 +012 -022 +072 -023 -020 -007 -073 +038 +084 +042 -030 -073 -041 -055 -032 -016 +027 +064 +018 +067 -080 +033 +066 -075 -020
+087 +031 -001 -068 -067 -032 -041 -037 -000 +064 +086 -063 +061 -080 -004 +011 -072 +072 +024 +026 -028 +000 +040 +026 +057 +031 +053 +088 -050 -085 +082 -088 -084 +080 +004 -066 +061 -066 +053 -014 +007 +068 +006 +084 +015 +078 +002 -008 +000 -086 +028 -008 -041 -053 +024 -012
+081 +088 -038 +021 -054 -071 +000 -021 +028 -070 +058 -075 -013 +047 +004 +080 +010 -056 -058 -063 +086 +043 -052 +082 -047 +087 +032 +037 -062 -031 -056 -054 -087 -027 +013 -044 +052 +056 -041 +017 +001 +010 +012 -044 -047 -040 -020 +003 -037 +054 -007 -043 +076 +001 -002 +027
+063 -073 +067 +011 +056 +055 +065 -006 +035 +061 -003 +071 +003 -015 +005 -027 +075 -034 -073 +054 +033 +022 -030 -003 -018 +024 +050 +072 +068 +067 +008 +058 -016 -043 +058 +051 +031 -028 +070 -063 +007 +034 -086 -035 -076 -050 +073 +014 -071 -048 -032 -084 +056 -038 -001 +068
+062 -058 +076 -066 +030 -026 +040 +031 -007 +083 -015 +018 -024 +072 +013 -084 -060 -016 +033 -052 -045 -062 +017 -080 -075 +008 +012 -076 +032 -061 -087 +077 +025 +003 +061 -084 +032 -011 -060 +064 +008 +070 -022 +021 +066 +027 -026 -006 -007 +076 +020 -033 -067 -016 +011 -012
-048 -080 -052 -086 -043 +083 +060 +015 +013 -071 -063 +074 +010 +007 +066 -055 -077 -065 -043 +062 -015 -081 +073 -072 -023 +028 +066 +083 +070 -024 +018 -070 +038 -025 +028 +011 +086 -080 +030 -060 -087 -008 +052 +044 -032 +020 -063 +043 -031 -013 -026 +087 +042 +066 -061 -022
+015 +072 -071 +074 +002 +004 -007 -080 +000 -025 -047 -050 -075 -035 +013 -067 +004 +020 +084 +073 +005 -014 +071 -044 -063 -050 -002 +057 +086 -020 +010 -003 +074 +081 -088 -015 +050 +015 -040 -052 -074 +034 -061 +027 +016 -052 +028 +048 +051 +036 +010 -042 +023 -066 -016 -075
-001 +041 +046 -027 -042 +088 -010 +100 -058 +021 +071 +024 +081 +005 +034 +007 +025 -064 +052 +057 +004 +077 +048 +044 -045 -018 +026 +035 +042 +080 -073 +050 +057 +065 -086 -030 +087 -055 -073 -071 +042 +008 -088 +052 -062 -082 +034 +068 +078 +057 -074 -073 -002 -088 +020 +017
