-032 -023 -067 +064 -067 +035 +020 +021 -013 +003 +027 -070 -023 -073 +007 +012 +083 -057 +038 +068 +027 +087 -056 -007 -088 +064 +030 +008 +060 -074 -023 -082 +005 -026 +014
-088 -016 -058 +065 -084 +088 +020 +061 +016 -002 -073 +033 -082 -036 +073 +023 -063 +084 -046 -088 -075 +088 -037 -025 -078 -026 +037 +050 -021 +002 +023 +035 -011 -034 +085
+073 -038 +033 -016 -034 -084 +053 +083 +017 -024 -056 +036 +074 -085 -014 +058 +074 +000 -035 -086 +065 +025 -012 +024 +040 +002 +071 +026 -028 -083 +007 +071 -052 +023 +030
+043 -087 +076 +066 -044 -071 -047 +055 -078 +015 +076 +014 +065 -072 -032 -056 +032 -032 +028 +003 +014 -078 +078 +082 +082 +050 +037 -001 +071 +046 -030 +082 -005 +075 -031
-053 +083 -071 +001 +056 +083 -056 -028 -057 +002 -077 -065 -080 -057 +022 -022 -067 -026 +067 +082 +048 -041 +026 -054 +002 -082 -014 +048 +058 +010 -003 -053 -015 -038 -054
+070 -003 -001 +077 -043 +055 -076 +012 -030 -081 -018 -027 +076 +073 +085 -041 -100 -060 +046 +086 -068 +006 -048 -081 +065 -032 +005 -068 -013 -078 -041 +051 +021 -043 +072
+034 -032 +008 +083 -052 +068 +058 -013 -074 +058 -074 +036 +078 -062 -010 -043 +000 +035 +081 +062 -032 +060 -058 -087 -028 +053 -083 +023 -025 -018 +024 -071 -070 -031 +053
-027 -064 -065 +028 +000 +075 -072 +081 -071 -022 -028 -082 +088 +017 -017 +060 +052 +067 +026 +038 +082 +078 +066 -002 +073 +074 -048 -005 +006 +015 +045 +022 +010 -077 +080
-006 -078 +078 +040 -044 -074 -043 +001 +081 -087 +065 -028 -004 +005 +082 -060 +004 +067 -031 +023 +002 -000 +040 -022 -033 +087 +082 +041 -032 +023 -077 +030 -064 +043 -004
-052 -048 +027 -007 -083 +023 -017 +078 -003 +002 +040 -074 -056 -038 +042 -072 +035 +073 +062 +054 -031 +014 +066 +053 +046 -032 +000 -065 +080 +070 -100 -062 +043 -043 -017
-073 +082 +031 -058 +020 +025 -047 +053 -071 +055 -026 -075 -011 +083 +052 -008 -037 -036 +044 +012 -002 +006 -043 +044 -048 +038 +087 +017 -051 -045 +086 -012 +046 +037 +010
+013 +067 -030 +080 -080 +043 -027 +014 +081 -033 -066 -055 +064 +001 +020 +053 +022 +075 +064 -000 -027 +000 +062 -023 -064 -044 +008 +061 -017 -078 -015 +013 -067 -088 -088
-084 -087 -056 -016 -071 +022 -018 +030 -082 +015 -026 -011 -078 -037 -024 +045 -002 +081 -038 +014 -046 +057 +007 +002 +021 -028 +015 -003 +084 -024 -030 +033 -083 -070 -028
-032 -043 +086 +022 +046 +054 -081 -001 +002 -032 +062 -018 -086 +054 +082 +027 -000 -023 -008 +100 -060 +025 +085 +011 -088 -048 -006 +006 -026 +042 -003 -022 -061 -038 -031
-003 +002 -044 -045 +036 -027 +035 +017 +061 -036 -038 +047 +077 -081 +043 -045 +058 -070 -001 -024 -057 -055 +020 -035 +010 +018 +010 +021 -066 -062 -048 -075 +048 -054 +034
-065 +073 +082 -041 +002 +032 -006 +023 +048 -070 -037 -067 -064 +017 -061 -068 +051 +043 +047 +018 -077 -080 +015 +077 -033 -076 -011 +022 +081 +100 +017 -014 -068 -022 -025
-000 -058 -044 -086 -011 +007 -040 -006 +058 -061 -042 -003 -028 -042 +088 +046 -050 +071 +052 +053 -077 -022 -018 +035 -056 -044 -067 +041 +080 +000 +051 -006 +100 -050 +011
-038 -010 -042 -021 +007 +042 -001 +080 -042 -003 -044 -024 +082 -041 -024 +048 +056 -015 +063 -036 +060 +058 -075 +060 +030 +033 -001 -083 -063 -030 +001 -014 -004 +033 -024
-041 -018 -022 -080 -080 +066 +001 -022 -066 +027 -044 -081 -047 -021 -062 -018 -017 -003 +002 -040 -038 +026 +006 +071 +038 -021 +041 -028 -035 -003 +008 -068 +057 -026 +004
+080 -081 +066 +006 -056 -022 -062 -086 -047 -071 +014 +041 -080 +088 +085 +045 -066 -012 -050 +037 -050 +044 -051 -057 -081 +031 -080 +052 +002 -062 -010 -085 -028 +026 +061
+032 +003 +065 -086 -027 -003 -023 -008 +073 +058 -072 -074 -038 +004 -070 +027 +061 -032 -031 +080 +011 -040 -042 +027 -018 +024 -015 -028 -062 -001 +072 +050 -086 -058 -084
+072 +022 +040 -031 +067 +023 -045 +014 -026 +062 +071 +010 +087 +078 +071 +046 -004 +066 -012 +060 +023 -077 -055 -058 -065 -071 -016 +067 +086 +100 -002 -070 -020 +003 -002
-045 +033 +016 +051 +031 -084 +028 +000 -014 -073 +048 -080 +073 +036 -045 -074 -017 +008 -014 +010 -086 -072 -042 +071 +018 +040 -045 -073 +004 -048 +086 +014 +001 +014 -083
-056 -033 +055 -003 +021 +080 -037 +032 +046 -038 -086 +018 +041 +081 +062 -030 +078 +058 +003 +081 -013 +067 +073 -011 +086 +023 +032 +080 -027 +046 +030 -022 +042 +046 +045
+083 -008 +003 -024 -043 -066 +048 +058 +052 +004 +060 +018 +003 +006 -084 -004 -003 +077 +084 +040 +052 -026 +028 +012 +080 -014 -000 +012 +076 +057 +067 +036 -011 +031 -001
-021 -001 -085 -025 +016 -050 +026 -042 +066 -036 +002 -002 -011 +024 +072 -042 +071 +081 +058 +025 -081 +008 +087 +071 -016 +017 +016 -001 -037 -084 +005 +066 -027 -021 +011
+050 +070 -054 +053 +012 +042 +084 -011 -027 +068 -020 -066 +026 -046 +074 +057 +085 -065 -018 -017 -043 +026 +057 +061 +075 +084 +037 +062 +018 -001 +086 -003 +028 -028 +003
+014 +082 -046 +041 +064 +018 +043 -064 -047 +011 -033 +055 +042 -013 -014 +045 +066 +037 -046 -040 +076 -087 -017 -045 +051 -056 +030 +017 -016 +068 +007 -004 -063 +080 -040
-075 +027 +058 -055 +015 -015 -008 +022 -038 +086 -005 -034 +004 +021 -010 -013 -044 -033 -072 -048 -014 +071 -078 -018 -043 -007 -067 +071 +016 +068 +014 +042 -048 -074 -064
-004 -048 -058 -086 +083 +033 +072 -072 -058 -017 -054 +052 -015 +024 +067 -085 -072 -088 +064 -030 -074 -047 +048 +081 -086 +087 -025 -075 -013 -083 +051 -062 -085 +028 +002
-077 +086 -027 +038 -047 -064 +067 -014 -006 -028 +024 -034 +026 -066 +031 +002 -060 +038 -064 -067 +016 -036 +005 -060 -043 +077 +042 +040 -043 -066 +026 -018 -083 -024 -057
-050 +021 -006 -032 -063 +083 -071 +071 -031 +073 -055 -040 +041 -053 +041 -072 -088 +025 -006 +024 +036 +016 -043 -060 +086 -030 -083 +042 +085 -007 -034 -067 -054 +026 +051
-020 +078 +007 -051 -053 +028 +064 -062 +008 +067 -054 +061 -040 -055 +050 -080 -026 +056 +038 +087 +062 -063 -082 +025 +082 -052 +006 -070 +043 -031 -000 +051 -024 +025 +033
+048 +088 +050 +003 -014 +012 -073 +038 +088 +065 -050 -054 -085 -057 -022 +046 +052 +052 +012 +055 +022 +078 +081 -041 -027 -058 +085 -023 +042 -062 +043 +006 -041 +000 -076
-007 +012 +057 -020 -000 +084 +056 +073 +087 +007 -065 -086 -068 +083 +002 -037 -073 +035 +077 -014 +005 +076 +075 +001 -076 -051 +061 +058 -014 -086 -056 +084 +036 +066 +053
+020 +001 +037 +036 +032 +064 +041 -048 -034 +021 +013 -052 +018 -025 +037 -085 -070 +020 +051 +010 +082 +031 -064 +003 +067 -058 +000 +011 +060 +050 +050 -004 +076 -034 -063
-087 -055 +018 -015 -028 -058 -028 -038 -070 -021 +064 +045 -055 +061 -046 -047 +070 -010 -065 -058 -010 -055 -000 +032 +041 -024 +028 +016 -020 -045 -084 +020 -005 +033 +043
-063 -086 +073 -054 +007 -050 +056 +010 -005 -008 +075 -053 +013 -014 -056 +074 -025 -020 +061 +070 +046 +075 +003 -026 -062 +077 +072 +023 +086 +016 -068 +038 +047 +060 +022
+074 -006 -018 -057 +038 +005 +044 -086 +084 +016 -032 +077 -020 +020 +036 -001 +026 +083 -030 +052 +035 +043 -077 -035 -085 -025 +086 -033 -024 -024 +088 -080 +005 +070 -036
-056 +066 +038 -080 -065 +024 +020 -085 +033 +037 -004 +046 -031 -025 +054 -063 -087 +031 +031 -005 -083 +068 +022 +028 -040 -066 +017 +038 +000 -004 -033 -063 +012 -037 -084
+070 +025 +082 +022 +058 -034 +086 -047 -072 +020 -021 +064 -072 -072 -036 -085 -024 +024 -073 -072 -005 -035 +076 +077 -057 -087 +074 +035 -053 +048 +072 +055 -028 +008 +005
+063 +012 -075 -005 +013 -071 +015 +081 -075 +080 -016 -038 -044 -080 +048 +023 -000 +067 +027 -065 +081 +075 +040 -046 -023 +076 -018 +038 -040 -073 -023 -036 +003 +055 -084
-080 +054 -051 +017 -044 -022 +005 -048 +022 -045 -040 -085 -024 +042 +084 -073 +028 +077 -011 +010 +031 -068 +015 -070 -001 +025 -021 +003 -072 -074 +060 +074 -055 +035 -015
+060 -004 -088 -025 +081 -052 -048 +053 +062 +006 +070 +021 +008 -005 +072 +032 -080 -007 +065 -067 +004 +010 -027 -015 +078 +075 -032 -020 +072 -007 +031 +015 +077 -035 -014
-073 +083 -016 +034 -025 +080 +060 +015 +066 -013 -030 +076 +087 +046 +048 -085 -064 -005 +001 -065 -064 -078 +062 -063 +043 -043 +004 -065 -011 -066 -011 -057 -011 +026 +080
-083 +021 +010 +042 +040 +065 +086 +057 +043 +067 +017 -075 -022 -078 -046 +017 -074 +002 +078 -085 -011 -066 +038 +005 +055 -053 +081 +047 +035 -070 -040 -064 -012 +084 -047
-056 +048 -060 -081 -045 +055 +084 -071 -023 +026 +076 +065 -072 +063 -035 +011 +013 -071 +053 -073 +063 +032 -014 -050 +044 -010 +007 -026 +066 -071 +066 +072 +082 +081 -076
+057 +052 +071 +074 -046 +071 +044 -000 -013 +024 +037 +080 -011 -086 -071 +008 -058 -037 -074 +056 +045 +081 +017 +078 +023 +013 +046 -030 -057 -062 +015 -006 +042 -063 +001
+002 +073 +044 -066 -006 -054 +022 +002 -030 +042 -000 -054 +056 +001 -052 +064 +040 +006 -087 +072 -073 +027 -026 +038 -055 +013 -000 +005 -047 -074 -000 +043 +020 -063 -014
+062 +078 -034 +043 +068 +006 -014 +002 -037 -030 +036 +087 +053 +065 -067 +067 +007 -073 -008 +016 +054 +072 +064 +031 +023 -087 -076 -056 -041 -082 +026 +085 -028 +008 -077
+023 -074 -036 -044 +034 +023 +072 -054 +005 +045 -016 -006 +022 +085 +045 -027 -052 -030 -025 -051 -017 -058 +088 +058 +071 +050 +100 -073 +028 -024 -014 -075 -006 -080 +030
-088 +081 -060 -047 -062 -034 +000 +014 -067 -045 +041 -020 -026 -013 +062 -005 +036 +005 -084 -008 +012 +053 -033 -083 -023 +022 +030 +081 +040 +000 -003 +000 -020 +074 +070
-036 -075 +008 +027 +070 -010 +006 +100 +016 -026 +036 -053 -000 -047 +085 +073 -000 +053 -028 +076 +005 -012 -077 +004 +081 +024 -052 +031 -013 -040 +030 -082 -047 +014 +066
+070 -026 +014 +074 +024 -084 -080 -083 +024 -042 +055 +053 -085 -068 -003 -026 +005 +044 +010 -044 +044 -038 -001 -041 -084 +053 +064 -081 -022 +015 +018 -086 -075 +081 -013
+080 +072 -068 -015 -017 -066 +055 +046 -032 -071 +072 +088 -087 -055 -012 -065 +067 +100 -035 +030 -058 +021 -022 -050 -012 +008 +053 +000 -065 -040 +056 +012 +062 +044 +007
-007 +066 +051 +021 +013 -066 -028 +080 -068 -003 -025 +014 -083 -085 +082 -046 -078 -078 -027 -051 -034 -000 +038 +076 +074 -063 -046 +037 -044 -004 +041 -030 +021 -020 -014
+052 +077 -005 +044 -087 -041 +084 -077 +013 +086 -080 -051 +042 +086 +035 -082 -037 -020 +081 +063 -061 +053 -068 +015 -062 +078 -025 -018 -067 +020 +078 -078 +084 -026 -004
+001 +054 +015 +036 +081 -067 +038 +032 -033 +006 -062 +011 -050 -052 -056 +046 -077 -035 +021 +063 -072 -013 -034 -065 +062 -020 -074 +052 +023 -073 -028 +010 -017 +100 +065
+035 +006 -003 +075 +050 +016 -066 +083 +060 +074 -065 -022 -087 +007 -066 -043 -072 +053 -080 +028 -070 -088 +034 +087 -075 -084 -055 +057 +014 -058 +016 -088 +047 +001 +055
+072 +068 +041 -084 +017 +085 -047 -070 -065 -021 -075 +006 -088 +017 +075 -085 -083 +002 -028 +083 +045 +043 +010 +060 -064 -016 -074 +044 -006 +042 +005 +044 +021 +053 +001
+052 -055 +070 +087 +031 +035 -057 +045 +067 +040 -010 +077 +061 -037 +048 -047 -048 -076 +076 +005 +076 -078 +071 +062 -078 -023 -037 -024 -020 +020 +007 +045 -040 -086 +053
+087 +078 -067 -007 -034 +017 +010 -056 +004 +057 +032 -063 +057 -076 -008 +085 -008 -045 +027 +076 -041 +022 -050 -044 +084 +003 +032 -048 +068 -008 +063 -058 +074 +067 -057
+040 +071 -076 -084 -072 +044 -062 +011 +043 -043 +061 +034 +001 +015 -037 -002 +054 -077 -002 +063 -027 -013 +004 +030 +068 -032 +033 +000 +050 +056 +064 -030 -000 +023 +013
+008 +064 -021 +017 +062 -054 +045 +085 -078 -033 -074 -058 -010 -044 +076 -056 +071 -041 -022 -046 -085 +071 +046 -050 +003 -084 -030 -017 -011 +000 +084 +023 -032 +071 +051
+066 +088 +036 +081 -021 +076 -015 +024 +048 -003 -052 -003 -041 +032 -004 -062 -032 -002 -084 +037 -025 -055 +015 +045 -025 -071 +056 +046 -087 +024 +061 +081 +088 +046 +057
