+045 -046 -011 +044 -032 -013 -018 +002 +002 -022 +011 +065 -037 +022 -071 -057 +003 -063 -047 +041 -045 +046 -011 +085 +027 +037 +007 +063 -018 +023 -081 +058 -007 -063 +055 +040 -025 -024 +008 -055 +035 +051 -068 +011 +003 -080 -018 -056 +000 +003 -084 -077 -067 -034 -004 -086 -056 -083 -015 +068 -072 -041 +025 +051 +008 +046 +063 -073 -043 -068 -038 -066 +014 +023 -058 +011 +023 +048 +035 -008 +018 +021 -035 +022 +025 -056 -046 +053 +064 -028 -026 -034 -055 -078 -021 -035 +000 -011 -063 -030 +016 -018 -071 +078 -035 +044
-038 -034 +084 -050 +051 +021 -015 -023 +063 +048 +063 -083 +052 -005 -008 +043 -060 -041 -082 -015 +065 -065 +027 -075 +073 +020 +061 +076 +014 +028 +063 -062 +022 -042 -058 -003 -051 +055 +052 -011 -003 -084 +054 +015 -054 +061 -070 -008 +070 +046 -017 -013 +016 -035 -068 -066 -045 -086 +080 +050 +064 -000 +087 +024 +007 -008 +050 +018 +038 +064 +003 +000 +021 -062 -071 -006 +054 +070 +035 +042 +014 -035 +048 +004 -036 -021 -074 +070 -028 -045 -058 -016 -034 -033 -031 -072 +021 -017 -086 +047 -065 -017 +074 +086 +041 +075
+064 +031 -070 +076 +005 +068 -062 -072 +074 -081 +084 +086 -046 -072 -062 -032 -048 +043 -012 +007 -005 -067 +032 +016 +033 +076 +088 +026 +042 +030 -075 +016 -054 +054 +042 -034 +056 -007 +087 -077 -064 -082 +041 +018 +045 -042 -051 +032 -080 +085 -032 +005 -002 +044 +000 +023 -052 +053 +017 -022 +022 -064 -044 +074 +024 -025 -013 -063 +026 +006 +072 +085 +081 +041 +053 +033 -003 +048 -072 +036 -020 -045 +027 -044 -075 +082 -044 -045 -015 +085 +040 +080 -084 -045 -056 +010 +023 +032 -087 +045 +004 -013 +076 +007 +052 -036
-060 +042 +084 -000 -005 -007 +064 +037 -028 -066 +033 +021 -062 -025 +068 -021 -012 +005 -013 -071 +003 -072 +034 -033 +073 +085 -047 +021 +012 +058 -068 +067 -005 -016 +003 -000 -051 -081 +025 -080 -008 -008 -067 -016 -066 +085 -001 +058 -054 +065 +012 -022 +026 -031 -053 -038 +056 -021 -021 -032 +064 -041 -057 -088 +065 -046 -076 +010 +088 +031 -028 -041 -021 -044 -053 +057 -012 +004 -072 -033 +023 +046 +061 +020 -012 -058 +011 +045 +046 +047 -078 +040 +023 +027 -073 -053 +041 +017 -068 +031 +036 +015 -038 +038 -065 -077
-054 +078 +061 +085 -072 -008 +036 +051 -071 -025 -066 +014 +076 +037 -046 +041 +041 -076 +062 +055 -064 +037 -075 -043 -008 +067 +052 -052 -021 -045 +082 +021 +031 -050 -021 -055 -018 -045 -021 +052 -028 -067 +066 +061 +005 +074 -070 +053 +037 +060 -002 -046 -053 +073 -085 -042 -055 -012 -051 -061 -003 -028 -048 +066 +082 +071 -021 -046 +035 -073 +030 -000 -048 -070 +037 +058 -046 +062 +000 +057 +008 +007 +024 -087 -054 -002 -027 -076 +037 +042 +034 -013 +024 -050 +056 +081 +080 +021 +064 +055 +016 -085 -003 -078 +064 +028
+026 -077 -027 +082 +020 -017 +007 +030 -045 -072 -020 +028 -074 +016 -078 +031 +047 +032 +063 +038 +028 -051 -074 +042 +070 +028 -018 +074 +017 +046 -062 -042 -032 +003 +018 -020 -063 -021 +017 +015 +053 -033 -025 +034 +038 -013 +033 +044 +051 +080 +041 +056 -036 +045 -007 -064 -073 +076 -030 +006 -063 +058 +003 -014 +026 +037 +084 +066 -001 +083 -086 +008 -031 +066 -023 +088 -028 -008 -008 +028 +005 +054 -037 -012 +003 -077 +047 -036 +023 -037 -004 -021 +040 -020 -034 +066 +006 -061 +076 +037 -026 +032 +037 +020 +032 -060
-044 -075 -087 +062 +070 +000 -011 -047 -028 +057 +082 -074 -004 -057 -027 +087 -040 -028 -051 -062 -024 -015 -043 +024 +064 -076 -004 +084 +008 -081 +044 -014 +046 +063 -015 -010 -068 -006 +063 +006 -074 -014 +082 -027 -080 -067 +041 -034 +071 -008 -080 -038 -070 +022 -026 +053 +073 +057 -052 +036 +010 -081 -038 +028 -037 +067 -002 -072 +066 +053 +018 -073 +032 -020 +063 -084 -054 +028 -023 +041 -065 -040 -078 -077 -071 -000 +063 -088 -005 -062 +085 -044 -042 +100 -081 +061 +000 -023 +054 -014 -015 +011 +067 +013 +081 -072
+071 -008 +051 +006 +076 -008 +056 +061 +014 -042 -020 -042 -012 -071 -041 +058 -016 -055 -037 +067 +047 +002 +052 +078 -048 -047 +037 +070 +032 +011 +064 -002 +024 +065 -011 +066 -058 -004 -004 +011 +081 -035 +072 +005 +045 +002 -081 +020 -058 -067 +044 +054 +038 +043 +023 -063 +020 -066 -088 -012 +082 -003 +083 +073 +038 -087 -045 -003 -088 +030 -061 +003 +001 +008 -012 +000 +030 +085 +004 -080 +086 -016 +011 -062 -078 +027 +072 -086 +025 +061 +086 +003 -027 +034 +062 -003 +040 -011 -037 +083 +051 +058 -050 -035 -055 +044
+038 +053 +028 -065 +000 -021 -007 -034 -056 -078 +077 +012 -070 +048 +064 -007 +085 +026 +000 +068 +013 -055 +012 -058 +014 -013 +008 -055 +066 +030 -054 -071 -040 -035 +053 +051 -040 -056 +038 -082 -023 +045 -070 -011 +015 +044 -015 +021 +073 -062 -002 -051 +054 +030 -014 -082 +064 +051 -065 -020 -047 -077 +030 +030 -057 -051 -021 +012 +083 +077 -002 -082 +032 -036 -063 -035 +011 +020 -051 -032 -054 +026 +068 +088 +011 -043 -087 +071 -001 -052 -020 +021 +063 +071 +085 +024 +072 -013 +001 +010 +008 -076 -046 -004 -067 -035
-071 +076 +026 +070 +052 +053 -050 +076 -043 -033 -083 +006 +003 +013 -064 +062 -001 +021 +060 -014 -011 +071 -022 +026 +050 -067 +002 -081 +028 -057 -037 -023 -047 -050 +065 -035 +043 +077 -018 +013 -086 +004 +086 -023 +004 -037 +084 -020 +058 +075 -085 +038 +083 -082 +037 +043 +040 -001 -066 +061 +023 -008 -081 +053 -001 -000 -027 -068 +078 +056 -054 +071 +058 -084 -001 -027 +058 -031 +048 -013 +004 -046 +005 -031 +086 +043 +027 +043 -034 +068 +015 -012 -078 -060 +058 -050 -057 -001 +028 -051 +061 -081 -044 +038 +077 +005
+040 +060 -001 -056 +038 -077 +054 -073 +060 +024 -041 +008 +014 +077 +053 +001 -006 +051 -057 +075 +057 +083 -034 +083 +037 -018 -066 -035 -058 -044 -005 +088 -060 -006 -037 -026 -015 +053 +075 +034 -001 +057 +000 +080 -087 -075 -035 -087 -076 +061 +056 +053 +023 -000 +083 -075 -073 +035 +067 -031 -033 +063 -053 -014 +026 -025 +046 -055 +086 -024 -087 +020 +034 +063 -038 +056 +074 -087 +068 +066 +018 -067 -060 -002 +035 +031 +040 -002 +011 -088 +015 +038 +076 +071 +012 -088 +088 +057 +044 -025 -081 -016 -040 -083 +065 -062
+068 -030 -030 +084 +083 -056 -003 +066 -042 -055 +070 -007 +100 -014 +022 +100 -011 +063 +020 +001 -067 -011 -060 -061 -047 -038 -086 +068 -071 +038 -047 -031 -076 -051 -002 -036 +040 +086 +003 -052 -071 -061 -076 -002 -052 -035 -072 +013 -088 +013 -030 +051 -060 +081 -006 +002 -056 -086 +061 +041 -022 -028 -013 +018 +004 +027 +088 +002 +012 -014 -100 -081 -052 +024 +041 -083 +071 -065 +014 -007 -035 -015 -026 +081 +005 +016 +052 -023 -023 -022 +015 -028 -033 -015 +004 +030 -033 -005 +062 +070 -061 +065 +075 -041 +017 +012
+036 +021 -068 +082 -016 +015 +042 +046 +017 +053 -040 -081 -018 +070 +022 -034 -055 -038 +038 -022 +051 +013 -023 +004 -025 -065 -080 -058 -021 +083 -088 -058 -085 +073 +034 -088 -022 +008 -088 +015 +047 -042 -087 +007 +080 +016 -060 +076 +042 +008 +048 +074 -036 -084 +033 -001 +033 +022 +065 -084 +042 +033 -056 +044 +036 +073 +054 -082 -033 +086 +043 -037 -046 -012 +034 +100 -030 -038 -084 +084 +071 -015 -064 +021 +016 +054 -014 -017 -008 -001 +064 -010 -050 +071 +076 -046 +075 -018 +055 +044 +047 +072 +044 +048 -002 -021
-100 -018 +055 +005 +027 +081 +038 -030 -088 +010 +056 +033 -043 -001 -021 -044 -013 -022 +075 +011 +056 +033 +083 +003 +031 +026 -051 +075 +061 +030 -062 -014 +073 -047 +007 -066 -003 +053 +060 -086 +044 +078 -016 -025 -002 -044 -070 +054 -020 +017 -030 -073 -005 +022 +067 -011 +051 -086 -010 +026 -012 +051 +010 +060 +052 +022 -033 +003 -038 +018 -012 +077 -033 +063 +027 -002 +083 +008 +011 +038 +014 +025 +072 +028 +008 -057 -074 +020 +021 -052 +062 +088 -026 +025 +087 +008 -020 +008 +014 -040 -015 -003 -046 -013 -064 -074
-036 +005 +008 +040 -016 -051 +042 +070 -051 +033 +033 -065 +016 +036 -065 +074 +033 -046 -035 -088 -010 -012 -047 -012 -034 -088 +061 +045 -055 -006 -044 -073 +081 +036 -050 +000 -043 -004 -022 +087 -087 +080 -062 -054 +020 -010 -001 -018 +027 +011 +046 -067 +066 -016 +048 -003 -072 +070 +052 -080 -074 +076 +000 +030 +062 -054 -001 -007 +067 +072 +086 -022 -018 +085 +000 -040 -080 -034 -040 -047 +073 +025 +032 +067 +053 +008 +023 -034 +088 -078 +061 -031 +026 +060 +016 +002 -076 +035 +010 -054 -035 +057 +034 -061 -024 +055
-036 -088 +001 +025 -033 -027 -084 +013 -075 -066 -004 +072 +028 +064 -063 -087 +036 -057 -055 +081 +088 -033 +067 +034 +076 -021 +027 -011 +087 +010 -026 +065 -042 -046 -006 -022 +051 +047 -016 -035 -027 -084 +018 +074 -071 +022 -021 +046 -024 +088 -060 +034 -001 -012 -003 +024 -082 +065 -004 -014 +011 +082 -030 -053 +022 +088 -056 -004 -061 -085 -071 +061 +016 -077 +064 -076 +064 -015 +018 -065 +076 -046 +031 -068 -011 -050 -025 +070 +013 +005 -081 -033 -012 -035 -066 -042 -005 +067 -045 -077 +067 +080 +045 -000 -011 +068
-021 +030 +017 -030 -018 -051 -037 -041 +054 +078 -078 +032 +044 +031 +007 -052 +001 +088 +084 +012 +046 -028 +033 -058 -014 +027 -001 -060 -022 +005 +043 +017 -060 -018 +048 +021 -063 -056 +010 -003 -035 -062 -068 -056 +023 -078 +070 -015 +024 -018 +005 +066 -058 -022 -040 +075 +031 +064 +014 -057 +038 -023 +064 +003 -074 +044 +003 -035 -034 -075 +073 +045 -062 +060 -074 -072 +041 -043 +070 +072 +052 -070 +076 -013 +075 -060 +022 -057 -050 +074 +013 -060 +032 -038 -053 +031 +047 -081 -027 +018 -043 -055 -008 +032 -057 -062
-028 -071 -011 +014 +048 -027 -085 +015 -033 -081 +058 -006 +005 -060 -034 +082 -020 +058 +058 -074 -055 +010 -024 -048 -046 +071 +002 +025 +037 -052 +025 -066 +052 -044 -054 +057 -056 -088 -021 +030 +030 -046 -058 +018 +045 +063 +088 -040 -005 -045 -047 -033 +027 +058 -064 -011 +011 -024 -044 +087 +051 +031 +060 -005 +078 +058 -007 +026 -025 +005 -055 +033 -030 -026 -082 +068 +006 +008 -073 +041 -085 +042 -021 +038 -051 -073 +005 -082 +078 +020 +062 -040 +007 -085 -066 +075 -004 +080 +035 -067 -004 -046 +021 +021 +080 +027
-016 +087 -046 -018 -062 +036 -022 -043 +076 +044 +050 +025 -086 -032 +053 +040 -030 -015 +004 -042 +043 -005 -025 -034 +066 +045 +055 +050 +027 -042 -074 +001 +035 +038 -028 -087 -061 -038 -022 -072 +061 +077 -067 +085 +033 -085 +081 -084 +033 +018 -067 -065 +081 +047 -012 +048 +025 -073 -023 +028 +048 +026 -062 -018 -083 -075 -040 -074 -040 +076 +064 -038 +022 -041 +068 -084 -023 +017 -068 -070 -088 +002 +026 +068 -086 +011 +078 +083 +036 -073 -087 +075 +026 +014 -068 -044 -035 +011 -031 +071 -041 -063 +001 -064 -070 -017
-013 -006 -024 +056 +006 +006 -028 +044 +063 -006 -080 -032 +004 -021 +024 +035 +050 -035 +070 -071 -046 -074 -038 +016 -056 -016 +088 -047 +038 +080 +072 -008 +005 +061 +045 +058 +087 -087 +074 -065 -086 +073 -002 +084 -045 -021 -057 -010 -040 +072 -045 +003 +002 -002 -043 +055 -100 +026 +024 +033 -061 -047 -033 +054 -000 +010 -003 +021 +036 +017 +082 +044 -004 +001 +030 +085 +040 -023 -038 +047 -064 +086 +052 +003 -072 +068 +050 +050 -051 +044 -088 -067 -003 +086 -072 -034 -006 -033 -050 +080 +088 +025 -070 -028 -003 -003
-043 -041 -081 +031 +038 -035 +071 -077 -032 +077 +075 +058 -008 +013 +066 +004 +054 -032 +008 +005 -037 -032 -077 -047 +080 +060 -016 -018 -024 +064 -042 +048 -071 -064 +025 -012 +043 -058 +021 -100 +065 -054 +024 -034 +048 -021 -053 +054 +073 +084 -078 +000 -005 -042 -048 -061 +024 +041 -010 -070 +045 +007 -002 +086 -081 -081 +021 -077 +002 +080 +020 +030 +023 +071 -051 -033 -001 -040 +025 -075 +030 -068 +012 +063 +007 -024 +052 +063 +037 -030 +012 -025 +080 -008 -034 -050 -018 +052 +034 -036 +070 +005 +073 +044 +043 -078
-022 +083 +074 -037 -030 -027 +016 +078 -051 +054 +023 -064 +037 +003 +061 -004 +003 -085 +018 +085 +000 -088 -055 +033 -021 -038 +023 -041 -054 -055 +080 +040 +066 -041 +036 -005 -086 -063 +034 +005 +056 +078 -020 -022 +022 -046 -067 -004 -065 +084 +021 -074 +077 +002 +005 +010 -067 +083 +068 +022 +031 +021 -041 +055 +080 +055 +072 -020 +013 -062 +051 -040 -061 +050 -053 +026 +024 +048 +077 +010 -066 +042 +088 -001 -073 +052 -074 +087 -085 -061 -083 -070 +075 -033 +078 +014 +087 +045 +084 +006 +045 -077 +025 -023 +031 +048
-031 -042 -036 +021 +034 +015 -044 +026 +036 +025 -033 +073 -081 -080 +003 -073 +051 -015 -072 -005 -020 +081 +088 -006 -045 +006 +027 +030 +025 -001 -016 +021 +086 -010 +023 +003 -062 +014 -020 -084 -078 -006 +070 -085 -033 -075 +070 +087 +024 +013 -067 -065 -047 +012 -036 -070 -050 +025 +088 +083 -023 +081 +022 -060 -082 +018 +000 +088 -011 +020 +014 -047 +081 -020 +040 +043 -026 +054 +065 +068 -055 -035 -100 +010 -053 +022 +087 -001 +066 +078 +041 -033 +036 -063 +034 -083 -033 -088 +012 -044 -026 +087 -053 -012 -072 +074
-088 -002 -051 -045 +070 -068 +052 -031 -030 +082 -042 +068 -064 -063 -030 -024 +074 -054 +077 -082 +035 +000 +011 -024 -057 +081 +024 +081 +082 +016 -021 -032 +038 -032 +005 -047 -073 -087 +010 -024 -055 -066 +014 -065 +055 -013 +020 -034 +066 -031 -064 +031 +060 -007 -030 -076 +033 +044 -048 +057 +052 -084 -061 -072 -040 -056 -027 -007 -023 +088 -083 -046 +040 -008 -032 -063 +086 -046 -031 +037 -085 -028 +083 -013 -040 +016 -004 -031 -052 +035 -041 -045 -070 +066 +036 -036 -078 -030 +085 -044 +040 -071 +051 +028 +071 -050
-012 +084 +023 +037 +068 +048 -040 -040 +076 -036 -013 +015 -085 -001 +085 -023 +010 -084 +070 -026 -051 +054 +084 +061 -007 +016 -008 +072 -021 -100 +011 -025 -038 +023 +027 +074 +038 -077 +008 -050 +068 +037 +023 -067 -057 -014 +082 -055 +080 +073 +057 -060 +003 -062 +016 -014 +030 -030 +076 -062 -006 -087 +000 -021 -074 +051 +071 -044 -014 -047 -024 +063 -012 +004 +018 +075 -086 -083 -000 -064 -018 -058 -056 +033 +002 +016 +051 -083 +077 +064 +032 +015 -038 +063 -081 +076 +013 +048 -055 +056 -056 -002 -000 -055 -007 +082
-064 +052 -031 +084 -086 -073 -017 -067 -064 -030 -086 +035 +021 -081 +067 +021 +026 -015 +057 +040 -046 -042 +011 +001 -053 -054 +088 -083 +083 +003 +088 -006 -053 -018 -040 -031 +041 +014 +080 -048 -087 -071 -000 +082 -023 -014 +070 -000 +038 -041 +063 -085 +072 -030 -038 -023 +043 +026 -076 +055 +014 +062 -057 +006 -044 +076 -013 +057 +046 -020 -016 -051 +047 +020 -044 -060 -008 +042 -083 -002 -072 +058 +060 -081 +018 -083 -100 -078 +005 +061 -087 -056 -024 +060 +051 +012 -088 -033 +071 +011 +061 +044 +000 +048 -081 -000
-025 +081 -055 +067 +016 +013 -040 +044 -056 +034 +056 -050 +046 -086 -013 +025 +037 -006 -034 +030 -077 -035 -014 +053 +058 +056 +006 -031 -100 -052 -022 +011 +061 -008 +028 -020 -028 +065 +047 +003 +024 +071 -057 -027 +052 -082 -051 +015 -062 +052 +081 -018 +046 +031 +070 +060 -031 -027 -071 -068 -008 +024 -010 +075 +030 +006 -088 -043 -014 +071 -056 +071 +062 +007 -046 +028 -003 -066 +020 +000 +056 -053 +070 -010 -060 +081 +078 +007 -033 +018 +048 -043 -020 -008 +027 +040 -087 +037 +087 +082 +001 +020 -062 -031 -033 +085
-068 +075 +007 +043 +071 +011 +032 -060 -053 -043 +085 +023 +080 -080 +022 -016 +045 -078 +086 +061 +025 +062 -086 +028 +056 -073 -025 -046 -017 +015 -007 -060 -030 +068 +040 +008 -068 +087 -006 +034 -084 -056 +027 -012 +037 -000 +047 +027 -051 -088 -001 -071 +058 -045 -040 +086 +014 -057 -053 +001 +015 +005 +062 +043 -063 +010 -054 +015 +012 +051 -052 -050 -011 -070 -041 -055 -014 +006 -083 +033 -022 +040 -080 -063 -025 +000 -086 +060 +048 +048 -062 +011 +100 +088 -062 -034 -006 +084 +054 +058 -032 -052 +042 +007 +007 +070
+043 -070 -038 -016 -005 -027 -063 +032 -085 +004 -042 -033 +063 -028 +056 -048 +033 +011 +015 -034 -030 -043 -010 -046 -045 -035 +073 -008 +041 +040 -023 -024 +017 +052 -064 -006 +054 -077 -027 +064 +015 +056 +002 -000 -023 +027 -074 -002 -001 -065 +026 +050 +005 +072 +054 -023 +002 +006 +010 +024 -083 -074 +051 -075 -067 -076 +068 +038 -032 -058 -081 -044 -011 -016 -067 +070 +008 -013 -048 -068 -025 +084 -035 +071 -035 -063 +071 +054 +038 -070 -031 +001 -001 -054 -083 -064 +067 +042 +047 +044 -082 +034 +082 -086 -100 +061
-046 +061 -051 -030 +068 +022 -035 +077 +072 -052 +051 -070 +024 -072 +072 -055 +031 +028 -088 -016 +023 -070 -015 +074 +028 +024 -002 +000 +070 +063 -075 -003 +072 -021 +032 -021 +078 -002 +045 -084 -085 +071 -018 +044 -011 -018 -055 +005 -030 -088 +000 +084 -077 +078 -033 +023 -015 +070 +067 +073 -025 +087 -050 -037 +002 +017 -035 -078 +048 -011 -045 -017 +038 -014 +033 -021 -064 -027 +026 -042 +027 +042 -037 -063 +051 +038 -023 +004 -002 +003 +001 -074 -013 +014 +082 -058 +016 +058 -083 -046 -055 -086 -057 -042 +033 -030
-052 +030 -026 -031 -050 -040 +018 +034 -018 -072 -067 +031 -047 +030 +004 -033 +052 +021 -010 +062 +048 -047 +062 -028 -087 +018 +002 +086 -001 +044 +042 +036 -080 +047 +014 -070 -036 +068 -031 +036 +020 -006 -008 +015 +082 -063 +030 +017 +014 -022 -060 +085 -086 -063 +080 -041 -066 +017 -038 -002 -006 -014 -087 -012 -015 +082 -072 -037 -051 -046 -052 -014 +042 +003 +047 -035 +070 +052 +018 -002 +044 +062 -048 +055 +053 -012 -080 +076 +072 +034 +015 -046 +087 +047 -031 +008 +017 -014 -002 +062 +043 -088 +050 +045 +065 +066
+065 +032 +067 -023 -048 +056 -060 -031 -067 +001 +006 -083 +021 +025 +056 +056 -061 -007 -028 +021 -003 +073 -071 -011 +077 +026 +054 -036 +043 -030 +021 +100 +003 +081 +072 +062 +026 +067 -056 +056 -035 -052 +011 +067 -036 -031 +056 +061 -067 +002 -001 +006 -053 -086 +062 +001 -044 -035 +023 +010 +056 -042 -061 -014 +016 +012 +081 -021 +005 +062 +053 -066 -085 -087 -025 -004 +020 +068 -082 -003 +006 -046 +076 +047 -026 +018 -000 +057 +043 +056 +073 -081 -030 -034 +031 +046 -046 -037 +050 +062 +040 +046 -025 -044 +028 -063
+042 +051 +037 +017 -063 +058 +065 +071 -022 +005 +033 +054 +052 +058 -070 -045 -054 -063 +060 +072 -061 +070 +003 -072 -012 +037 +060 +073 -022 -007 -087 +044 +073 -022 +008 +015 +063 -087 +007 -012 +087 -051 -083 -001 -047 -044 +025 +073 +006 -073 -024 +001 -015 +085 +051 -003 -007 +055 -048 +014 -062 +023 -015 +088 -076 +053 +057 -026 -048 -034 -034 -020 -047 +087 -072 +041 -027 -035 +054 +085 -043 -012 +078 -031 -013 -033 +087 +077 +043 +075 +004 -012 -042 +028 -010 +067 +081 +007 -041 -055 -017 -001 -031 -080 -077 -008
-012 -034 +022 +030 -086 +027 -008 -067 -027 -083 -078 +001 +037 -055 -065 -013 -003 -007 -068 +034 +034 -008 -086 +081 +038 -074 -062 -087 +002 -011 +061 +055 +018 -078 -072 -036 +004 +080 +083 -054 -046 +040 -000 +023 +071 +064 -013 +026 +004 +062 -084 +078 -016 +015 -022 +014 +008 -086 -075 -086 -038 +002 +043 +065 +064 -056 +042 +072 -071 -046 -038 -070 -004 -085 +034 -078 +064 -061 +008 +067 +016 -071 +062 -013 -007 +034 +063 +013 -010 +040 -002 +088 -036 -004 +046 -083 +031 +048 -072 +085 -032 +043 -086 -017 -044 +026
-071 +006 -073 -062 -073 -088 +002 +083 +087 +100 +002 +064 -034 -081 -021 +061 -086 -072 +077 +063 +017 -000 -010 +015 -080 -036 -030 -020 +063 +005 -018 +062 +086 +031 -016 +084 -063 +074 -018 +046 +003 +004 +088 +017 -035 -041 -024 +066 +064 +084 -067 -015 -033 +026 -072 -004 +016 -080 -053 +055 -058 -025 -008 +050 +047 -051 +031 +088 -032 +013 -031 +056 -017 -100 -053 -041 +008 -005 -072 -037 -088 -018 +047 -040 +075 -087 +085 -013 -047 -044 -000 -003 -057 -084 -047 -003 +042 -030 -051 -076 +051 -052 -040 +044 +077 +008
-063 -022 +047 -010 +024 -086 -034 -031 +037 +085 -023 +043 +076 +054 +076 +088 +080 +027 -064 -082 -054 -088 -044 -051 -074 -037 -087 -085 +044 -021 +084 +064 +013 +052 -012 +000 -042 -077 +074 +013 +030 +076 -076 +035 +067 +012 -086 +088 +012 -036 -028 -023 +036 +074 +046 +023 +053 +048 -074 -020 +005 +045 -070 +070 -033 +027 -070 -038 -073 +012 +018 -030 +004 +072 +004 +053 -083 +080 -001 +053 +026 +081 -008 -026 -032 -013 -041 +017 +072 +024 +011 +053 -020 -001 -022 +013 +076 -017 +062 -041 -024 -010 -073 -086 +034 -083
-073 +062 +016 +020 -037 -030 -086 -085 +006 -026 -083 -028 +004 -043 -081 -085 -070 -087 -015 +072 +058 -067 +063 -013 -058 +074 -007 +085 +053 +041 -028 +003 -015 +027 +070 +074 +041 +006 +013 +071 -077 -080 +024 -030 +085 -038 -074 -064 +055 +042 +044 +087 -015 +100 +045 -045 +076 -078 -084 +088 -010 +054 +027 +005 +007 +057 -083 +017 +043 -067 +036 -021 +022 +075 -066 -087 +063 -003 -013 +002 +042 -082 -083 -057 +020 -003 -072 -085 -053 -033 +072 +021 -074 -067 +083 -056 -058 +068 -024 -074 +025 -047 -052 -011 +006 +066
+040 -060 +026 -004 -006 -061 +046 -071 -050 +072 +057 -056 -073 +044 -068 -002 -055 -053 -042 -088 -086 -001 +045 +024 +017 +057 -028 -040 -041 +002 +072 +017 +072 -002 -003 -022 -004 +088 +015 +012 +067 +076 +015 +051 -063 +083 +061 +045 +088 -036 +084 +072 -064 +023 -046 -016 -027 -005 -006 -026 -028 -005 -002 -068 -018 -018 -040 -026 +004 +077 +025 +008 -088 -000 +035 +083 -046 -052 +085 +088 -057 +054 -038 -070 -052 +008 +088 -057 +088 -074 +070 -035 +026 +002 -046 -017 +060 -013 +028 -043 -015 +088 -022 -033 +057 +054
+025 +034 +082 +006 +002 +013 +064 -011 +011 +082 +066 +056 +045 -023 +057 +004 -022 +018 +068 +041 -037 +064 -070 -038 -005 -060 +044 -076 -071 +004 +057 +080 -077 +042 +006 -067 -014 +031 +008 +007 +075 -080 -026 -076 -008 -003 +017 +080 +037 +062 -026 +040 +002 -030 -055 -065 +021 -078 +020 -084 +016 -005 -035 +080 +051 +043 -057 -053 +026 -080 -082 +048 +057 -077 +004 -025 +033 +070 +025 +054 -068 -013 +051 +067 -051 -012 -031 +008 +077 -038 -058 +062 -073 +037 +016 -011 -086 +003 +075 -085 -014 +082 -010 -040 +024 +073
+053 +064 +015 +030 -002 -042 -006 +025 -037 -077 +007 +003 +007 -022 -022 +034 -024 -047 -045 -022 -032 +035 +025 +003 +070 -071 -000 -072 +011 +003 -062 -015 +050 -013 -028 -051 +036 -003 +087 +030 -056 +074 -038 +028 -065 -056 +084 +010 +074 +036 -024 +084 +045 +027 -078 -066 -064 -007 -010 +041 +026 +073 +015 +015 -016 -088 +060 +038 -075 -055 -077 +007 -088 -005 +087 -072 -035 -030 +042 -052 +082 +050 -044 -022 -073 +082 +023 -027 -058 +068 -030 -083 +085 -038 +053 +015 +046 -040 -027 +030 +050 -026 -045 -004 +072 -081
+041 +037 +068 +036 -055 -053 +031 -002 +084 -100 -086 -012 +082 +027 -083 -031 -062 -007 +056 -074 +006 -050 +014 -022 +048 +032 +016 +068 -056 -072 -056 -077 -052 +000 +051 +062 +072 -025 -087 -006 -005 -000 -076 -002 +075 -037 -023 -082 +058 +085 -044 -022 -027 +084 +071 +086 +052 +084 +021 +014 +054 -045 -052 -003 -043 -003 -072 +028 +006 -072 -064 +014 +100 +053 +028 +087 +088 +028 +054 -013 -067 +082 +072 +035 +082 +020 -067 +028 +068 -006 -075 -011 -038 -013 +027 +084 +016 -081 -077 -050 -068 -015 -072 -045 -065 +044
+082 +015 -068 +100 +086 -023 -072 -000 -070 +078 +037 -006 -086 -058 +011 -058 -082 -076 -072 -037 +000 -073 -008 +083 -077 +075 -055 +086 -078 -026 +012 +080 -016 +028 -058 +004 +047 -007 +088 +016 -032 -075 +063 +056 +001 +007 +008 +001 -003 +085 +045 +011 -062 -054 +023 -032 +033 +003 -025 -081 +033 -078 +060 -000 +041 +045 -074 -074 -001 -047 +100 +076 -047 -077 -034 -000 +025 -030 +038 -042 +056 +051 +036 +023 -084 +000 +033 -045 -060 -060 +050 +047 -052 -035 -047 -016 -087 +003 +013 -013 -034 -067 +058 -056 +044 +044
-085 +080 -071 -062 +043 -040 +066 -031 +052 -032 +068 +023 -035 -045 +028 +075 +031 -006 +034 -046 +048 -006 +063 +062 -081 -010 -054 +030 -015 +018 -016 +017 -080 -030 -028 -063 -007 +061 -035 -082 -007 -003 -071 -065 -084 -055 +058 +004 +000 +048 -050 -031 -022 -085 +082 +048 +044 +016 +047 +065 -016 +017 -007 +044 -056 -004 -082 -043 +065 -085 -078 -022 +065 -077 +037 -017 +025 -031 -041 -004 +056 -032 -056 +074 +010 -065 +028 -002 -054 +086 +084 +044 -005 +054 -065 -026 +017 +077 +007 -052 -083 +073 +074 -060 -045 +033
+001 +033 +042 +012 +048 +038 -077 +061 -074 -031 -017 -062 +071 +071 -056 +050 +073 -071 -066 -073 +074 -003 +085 +084 +026 +087 -066 +042 +010 +072 +026 -031 +023 -022 +088 +051 +035 +032 +065 -018 -012 -063 -033 +057 -077 +038 +018 -073 -076 +062 -007 +044 -083 -061 +026 -010 +017 -045 -023 +075 +007 -024 +003 +021 -023 -074 -041 -012 +078 -088 +018 -003 +030 -082 -053 -044 +030 +072 -038 +043 -066 +086 +082 -013 -064 -002 -013 +056 +032 -050 -054 +084 -053 -066 -068 +082 +042 -030 -037 +000 +026 -018 +015 -050 -070 -080
+030 -072 -030 -062 +037 -018 -048 -041 +085 +034 -024 +047 -075 +028 -064 +038 -012 -022 +002 -074 +083 +050 +040 +038 -003 +032 +043 +070 -075 +053 -060 +001 +081 -073 -062 +064 +044 -020 -068 +075 -046 -010 -045 +062 -078 -080 -073 -025 +004 +008 -043 -068 +013 +087 -017 -011 +078 -025 -076 +033 -072 -055 -036 -032 -081 +028 +081 -020 +047 -080 +070 +081 -057 +017 +008 -070 +023 -038 -028 +012 -026 -052 -026 +017 +001 -031 -005 -031 -005 -026 -072 -056 -013 +052 +053 -086 +000 +032 -081 -044 +084 -075 -081 +005 -050 +018
+018 -063 +056 +082 -005 +010 +004 +068 -077 +074 -011 -087 +078 -056 +003 +056 -083 -076 +048 -071 -013 +055 +004 +005 +028 -057 -038 -012 -042 -067 +036 +001 -020 +085 -050 -026 -044 -061 +018 -061 -048 -081 +100 +072 -055 +085 +035 +081 +077 -071 +047 -082 +044 +041 +055 -083 +025 +037 -065 -025 +024 +034 +080 +038 +023 +034 +040 +034 +083 -053 -023 +003 -043 -057 +057 -007 +036 -016 +083 -000 +064 +052 -020 +082 +010 -052 -032 +062 -034 -080 -032 -000 +081 +082 -032 -041 +038 -002 +071 +057 -052 +064 +037 -007 +013 +038
-021 -036 -038 +027 +075 -056 +054 +070 -047 -007 +063 -038 -018 +006 -024 -077 +063 +086 -075 -051 -064 +046 +037 +010 +055 +014 +008 -043 +021 +067 -047 +033 +006 -081 -076 -042 -025 -006 +100 +063 +044 +084 +067 +005 +031 +074 -000 +005 -042 -012 +037 -074 +018 +078 +075 -055 +068 -068 -060 +065 -048 +070 -053 -018 +047 +018 -048 +041 +068 +075 +071 -008 -024 +003 -074 -072 -042 -061 +004 -060 +008 +018 +030 +068 -068 -011 +021 -066 -046 +036 +014 -025 -076 +040 +075 -004 +083 -082 -087 -088 +087 +002 +057 -006 +078 +074
-034 +081 -075 +017 -055 -075 +036 -088 -031 -040 +030 -004 -005 +036 +004 +036 -054 +068 +000 -020 +071 +008 +087 +030 +070 -064 -066 -050 +041 +033 +080 +043 +010 +087 +006 -054 +077 -051 +033 -075 -018 -020 -013 +026 +040 +037 +045 -083 +027 +084 -017 -033 +015 -005 -043 -032 +073 +044 -023 -035 -082 +086 -054 +006 -055 +050 +047 +035 -082 +087 -022 -070 +023 +037 +077 +088 -015 +048 +084 +054 -055 +016 -080 -005 +032 +057 +072 -051 -038 -014 -017 -062 -047 +080 +006 -045 +047 -055 -014 -005 -054 -015 -051 +060 +031 +088
+021 -010 -055 +016 +026 +048 +067 +006 +013 -082 -015 +022 -054 -010 +028 +072 -068 -004 +010 -061 -002 -038 -085 +035 +038 +081 +017 -076 +065 +070 +075 -002 -063 +100 -012 +017 +038 +037 -016 +070 -058 -018 +060 -018 -084 +072 -056 +061 +083 +018 -027 -013 -037 -038 -076 -002 -027 +100 -003 -004 -063 -055 -060 -062 +053 +082 +088 -027 -087 +065 +041 -041 -030 -022 -068 -037 -030 +040 -018 +065 +010 -081 +100 +017 -084 -043 -003 -066 +078 +058 -025 -004 +070 -072 +026 -046 +052 +068 +040 +053 +033 +042 -024 -066 -060 -071
+052 -010 +084 +011 +081 +065 +061 -044 +047 +045 +053 +044 -084 +083 -044 +046 +026 +036 +046 +016 +087 -008 -032 -017 +061 +048 -036 -032 +013 +078 -081 +077 +062 +048 -087 -072 -037 -001 -017 -076 -052 +060 +013 +086 -073 -087 -081 -036 +056 +020 +031 +063 +032 +072 +044 -085 -052 +057 +047 -038 -004 -056 -008 -080 +072 +082 +073 +041 +042 +060 +027 -050 +004 +058 +051 +077 -072 -014 +100 +013 +002 +066 +087 -022 -071 -078 +016 -041 +073 +035 -020 +005 -036 +050 +064 -058 -031 -015 +011 +048 +046 -060 +073 +061 +067 +025
-021 -024 +046 +081 +055 -002 -025 +074 -077 +027 +016 +027 +088 -046 -016 +046 +040 -016 -040 -037 +060 +042 -055 -050 -027 +052 -061 -057 +062 +051 -100 -005 -018 +044 +014 -025 +057 +058 +040 +082 -078 +042 +043 +027 +008 -055 +057 -015 +038 -058 -081 +058 +085 -012 +087 +060 -060 -041 +073 +043 -081 +070 -084 +075 +005 -063 +012 -053 +062 +013 -017 +050 +036 -041 +013 +074 -055 -034 +035 -080 +063 +048 -023 -017 -024 +033 -024 +048 -061 -082 +088 +060 -066 +030 -043 +036 -080 +015 +080 -055 -043 +057 +017 +082 -045 -003
-018 +044 -058 +022 +011 +037 -076 -055 -086 +084 -054 -045 -045 -036 +008 -015 +071 +076 -041 -036 -005 -001 -037 +064 +022 -040 -056 -068 -034 -071 -041 +048 +087 +021 -045 -078 -022 +020 -036 -058 -022 -002 -032 -002 -031 -075 +041 -017 -073 +065 -030 +013 +084 +014 +053 +064 -072 +004 -003 -051 -072 -018 -034 +060 +032 -034 +001 -074 -045 -035 -036 +017 +072 -088 -000 -017 -015 +082 -060 -005 -076 +027 -003 +042 +064 -064 +062 +044 +083 -071 +045 +056 -021 -017 +065 -010 +030 +088 +041 -077 +047 +013 -005 +028 +085 -057
+080 -014 -083 -077 +075 -041 -054 -031 +080 -047 +063 -085 -014 -033 -048 +005 -076 +050 +081 -045 -073 +080 +051 -025 -010 -054 +042 -027 -087 -087 +084 -082 +047 -000 +043 -056 -002 -068 -076 +046 -086 +006 -054 -021 -020 -070 -015 +073 +084 +018 +026 +014 +083 -084 +020 +051 -062 -065 +026 +041 +043 -051 +058 +038 -057 +030 -013 -085 +071 +013 +066 +070 +063 -047 -015 +050 +043 +065 +061 +074 +052 -027 +081 +035 +037 +017 -067 -002 +075 +017 -080 -070 +038 +024 +016 +018 +078 -078 -015 +028 +035 +086 +077 -046 -032 +032
-074 +077 +070 +004 -075 -052 -068 +080 +014 +006 +025 +070 +065 -032 +077 +074 +008 -028 +055 +031 +047 -055 +011 +038 +042 -044 -077 -008 +002 +035 +034 +044 +076 +002 -077 +075 -047 +047 -055 -077 -035 -003 +017 -028 +024 -084 +052 -043 +055 -073 -068 +067 -010 -077 +003 -034 +046 -012 +085 -025 +073 +054 -085 +020 -006 -028 +028 +082 -086 +024 -068 -068 +056 +075 -100 -012 -082 +058 +041 +008 -062 +061 +076 +076 -064 -082 +011 -060 +022 -028 -041 -080 +085 +047 +034 +051 -057 -037 +035 +081 -008 -073 -062 -072 +023 -005
+072 -035 +032 +061 -064 -042 -026 -082 +047 +058 +008 +037 -047 +057 -067 +074 -011 -064 -014 +012 -036 -016 +035 -080 -017 +075 +058 +004 -041 -043 +017 -061 +075 -053 -008 +000 -033 -087 -018 -067 +085 -023 +013 -040 -087 +015 +042 -020 +038 +003 +010 -003 +066 +057 -077 -077 -048 -042 -064 +084 +074 -063 +063 -002 -032 -075 +072 +067 +044 +010 -066 +026 +083 -004 -087 -100 -073 +064 +000 -037 -061 +053 -082 +031 -020 -080 +058 +046 -021 +027 +050 -066 +060 +065 +000 +012 -024 -025 -007 +035 +027 +066 -064 -075 +070 -077
-065 +008 -011 -058 -100 -058 -034 -015 -027 +042 -068 +033 -014 +007 -021 -073 +087 +001 +005 +053 +007 +077 -000 -035 +062 +074 -017 -077 +035 +071 +085 +022 -068 +074 -040 +043 -057 +071 -056 +007 +005 +037 -076 +022 -057 +001 -015 -030 -021 -003 -078 -030 -046 +005 +078 -081 -028 +042 -002 +081 -011 +078 -075 -044 -046 +080 +078 -066 +088 +076 +063 +081 -074 -017 +028 -076 +014 +026 +038 +083 -046 +075 -080 -024 +083 -050 +068 -043 -038 +082 +085 +032 +020 +007 -084 +083 -073 -086 -075 +021 -002 +057 -064 +035 +061 -023
-010 -012 -001 +025 +078 +062 +072 -030 +073 +008 -060 +078 +025 -087 -056 -006 +035 +003 +006 -045 +086 -035 -068 -004 +083 -046 +002 +044 +043 -036 -037 -053 -072 -082 +040 +088 +051 -048 -007 -023 +000 -030 -045 -031 +018 +065 -064 -008 +037 +004 +022 -085 -067 +003 +064 -034 -066 +006 -032 +010 +077 -077 -054 -006 -056 +014 -064 +087 -055 +043 -038 -083 +073 +067 +063 -004 -035 -016 +003 -027 -018 -025 -037 +071 -088 +018 -021 +074 +008 -031 +064 -014 +000 +021 +044 +012 -052 -046 -011 +022 -022 -045 +048 +056 -038 +007
-041 +086 +060 -072 +072 -063 +037 -053 -047 +052 -080 -066 +044 +070 +062 +040 +020 +025 -078 -004 -055 -073 -032 -068 -076 -087 -076 -028 -065 +062 +081 +013 -016 -050 -041 +067 +073 +015 -000 +068 -037 +056 -087 +065 -045 -065 -076 +072 -028 +035 -052 -033 -008 -086 -084 +056 +007 -061 -060 -051 -035 -030 -032 +038 -081 -083 +053 +031 +085 -032 -057 +040 -021 -001 +015 -063 -035 +066 +031 -007 +073 -085 -048 -051 +088 -024 -045 -025 -088 +076 +002 +066 +053 +057 -030 -026 +048 -010 -068 -041 +050 +018 +022 -062 -068 +065
+052 +047 +047 -025 -062 -031 -087 -014 -014 -035 +007 -040 +002 -054 -043 +064 -075 -071 -025 -074 -075 +064 +081 -053 -033 -008 +010 +078 +045 -001 +068 +000 +081 -056 +056 +081 -074 -077 -022 -050 -062 -072 -053 +055 -043 +060 -078 -051 +022 +030 -007 -083 +021 +068 -052 -001 -001 -022 -080 +025 -044 +018 -066 -035 +073 -057 +064 +088 -021 +003 -015 +054 +013 -066 -073 +035 -005 +057 +034 +078 +060 +083 +014 -044 +014 -064 +020 +081 +054 +062 -005 -014 -022 -078 +080 +008 +006 -014 -018 -062 -028 -000 -060 -046 -064 -077
+048 -068 +067 +035 -010 +075 +024 +067 +048 -048 +018 -074 +056 -073 +027 +027 +054 -047 -005 -055 +000 -047 -034 +033 -016 +063 +084 +083 +078 +010 -002 +011 -072 -002 -006 +088 +066 +077 -015 +052 -023 -070 -087 -088 +055 +043 +065 +062 +038 +100 +064 +088 -032 +064 +100 +004 +007 +024 +065 +076 +065 +024 -088 -058 +056 +046 +081 +027 +088 -011 -067 -042 -020 -044 +023 +014 -070 -087 -045 -028 -052 -077 -017 +060 -063 -016 +064 -066 +020 -047 +013 +008 -037 +034 +050 +000 +060 -071 -067 +047 +037 +056 +061 +027 -020 +028
+078 -011 -054 -042 +051 -075 -058 -077 -063 -027 +076 -020 -065 +005 +013 +058 +062 -058 -041 -086 +085 -000 +061 -072 -032 +076 +053 -062 -035 +033 -060 -004 -042 +082 -073 +014 -024 +075 +004 +017 +073 +064 +075 -006 +022 -040 -044 +023 -040 +081 +014 -048 +046 -058 +068 -008 +012 +017 +002 -013 -035 -006 -047 +063 -047 +085 +068 -025 +023 +043 -086 -073 +032 -052 -042 +014 -072 +030 +030 +052 +028 -077 -022 -074 +043 +075 +041 -080 +011 +016 -074 -035 -087 -076 -042 -021 +081 -041 +082 -012 +010 -058 +077 -070 -077 -052
+002 -001 -028 -037 -060 -014 +078 -041 -074 +025 +052 -067 +033 +054 +063 +012 -048 -016 +045 +051 -048 -011 -057 +016 -006 -078 +033 -027 +007 +088 +015 +020 +070 -016 -032 +016 +001 +010 -060 +056 +054 -036 -027 +034 -082 -057 -060 +083 +065 -081 +088 +080 +005 -053 +053 -033 -027 -058 +002 -058 +033 +047 -071 +038 -073 +071 -006 -055 +036 -037 +048 -005 +078 -003 +060 -012 +032 -036 -068 +055 +011 -021 -058 -014 -084 +012 -045 -008 -021 +034 +086 -070 -006 -058 -040 -044 +066 -000 -038 +021 -011 -064 -060 -058 -073 +067
-007 +001 +032 +048 -018 +046 +030 +040 +035 -064 -068 -001 -011 +043 +028 -046 +068 -011 -068 -076 -000 +043 +064 +020 +028 -034 -050 +013 -012 +083 -044 +035 +085 +032 +046 -075 +016 +067 +020 -035 -002 +051 -060 +014 -030 -058 -026 -005 +080 -072 -085 +070 +060 -021 -074 -045 -001 +088 -087 -067 +001 +053 +021 +054 +016 +027 +031 -047 -024 -047 -026 +018 -032 -023 +035 -075 +001 -044 -066 -027 -055 -015 +004 +047 -002 +064 -053 +037 +076 -086 -038 +027 -023 -038 -006 +003 +045 +003 +053 +048 +017 -024 -002 +067 -088 +028
-087 -053 +017 +043 +004 -034 +052 -007 -088 -015 -080 -083 -086 +063 -022 -022 +052 +017 +057 -043 +082 +045 -016 +023 +056 -036 -077 +071 -076 +032 +082 -018 +056 -066 -074 +015 +038 +055 +002 -061 +010 -027 -010 -042 +015 -036 +053 -080 +051 -037 +054 -077 -018 -015 -034 +073 +063 -000 -083 +054 -077 -026 +056 -082 +034 -031 +061 +061 -002 -033 -057 -002 -021 -054 -073 -042 -065 -027 -025 -012 +011 -087 +066 +001 +044 -076 -050 -034 -065 +075 +012 +088 -003 -076 -062 +071 -100 -083 +100 -042 -053 +056 -074 +014 -038 -083
-050 +010 -017 +027 -080 +001 +003 -060 +033 +075 -020 -024 +041 -004 -067 -032 -036 -038 -024 +074 +032 +081 +014 +074 +001 -004 +000 +016 -072 +027 -024 -060 +056 -043 +075 +026 -021 +052 +057 -080 +042 +058 +021 -003 -030 -050 +028 +048 -086 +015 -072 -057 -007 +073 -010 +036 +033 -033 +011 -004 -020 -071 +076 +041 -088 +012 -002 +027 +033 +008 +067 +061 +086 +017 +048 -015 -012 -001 +004 -025 -088 +037 +068 +055 -006 -057 -033 +053 -042 +027 -067 +052 +035 +036 +087 -052 -010 -082 +055 +062 -067 -010 -007 +003 +040 -081
-052 +050 -060 -046 -022 -011 -055 +034 -036 -087 -044 -026 -012 +022 -037 -034 -045 +002 -024 -042 -025 -062 -048 -058 -088 +008 +082 -061 -028 -058 -080 -032 -001 +051 +072 -004 +002 -073 -056 -076 -088 +043 +010 -011 -051 +043 -030 +018 -071 -080 -000 +081 +002 +054 +038 -065 +044 +073 -045 +011 -071 +014 -002 -016 +025 +001 -022 +063 +025 -003 -077 -076 -021 -010 +073 -014 -041 -032 +058 +064 +066 +077 -075 -028 +015 +084 +012 +046 +081 -077 -006 -050 +026 +068 -086 +033 +072 -064 -004 +045 -087 -013 +027 +015 +036 +067
+034 +015 +017 +010 +043 -023 +023 -076 +088 -001 -081 -071 -060 +076 +080 +017 +060 -036 -052 +033 +067 -044 -043 +045 -041 -025 +065 +020 -048 +008 +024 -045 +066 -026 +038 -006 +004 -060 +007 +022 +068 +050 -080 +046 -065 -014 +048 +016 -048 -048 +033 -046 -002 -078 -003 -048 -080 -023 +045 +016 +068 -074 +055 +068 +024 +084 -041 +033 +020 +071 +031 -008 -022 +008 +034 -077 +000 -067 -027 -060 -077 -077 -001 -055 +005 +054 -057 +063 +022 +080 +048 -000 -020 -017 -026 -076 +017 -060 -012 +081 +088 +070 +087 +014 -022 -010
+062 +065 +054 +061 -024 -073 +037 +004 -016 -025 -025 +018 +063 +064 +007 -060 +085 +081 +051 -045 -061 -001 +050 -080 +077 +086 +043 +010 +075 +008 -043 +054 +043 +014 +076 -006 -068 +006 +035 -050 -071 -070 -013 +001 +077 -028 -083 -004 +076 -013 -052 -065 -004 +052 +054 -034 +038 +025 -047 +061 +006 -003 +055 +016 +005 -040 +030 -037 -071 +067 +073 +047 -015 -045 -007 +021 +047 -002 +055 -030 -024 -077 +017 +052 -011 +028 -015 -083 +030 +051 -086 -023 -041 -034 -084 +066 +067 -010 +061 -008 -052 +018 -047 +001 -084 -011
+015 -040 +000 +008 +012 +048 +062 +065 -015 +045 +042 -034 +025 +074 +042 +088 -000 -002 +044 -088 +081 +044 +026 -071 -037 +032 -067 +016 +040 -026 +032 -002 +072 -088 -004 -061 -038 +045 +036 -012 +006 -058 +005 -035 -006 +025 -025 -033 +083 +023 -032 -026 +053 -065 +058 +056 +013 -003 +081 -081 +072 +032 -028 -078 -038 -003 -048 -063 -062 +070 -021 -070 +021 -040 -006 -056 +040 -033 +015 -078 -020 -035 +021 +046 -037 +046 -035 -001 -050 +036 +075 +010 -014 +006 -063 +056 -081 -072 -043 +024 +063 -057 -022 -035 -032 -071
+050 +037 +061 -041 -074 -010 +074 -063 -080 -063 -003 -022 -038 +084 -046 +011 +060 -073 +077 -041 -087 -036 +046 +025 -008 +047 +043 +068 -024 -033 +005 +000 -040 -028 +026 +008 -080 +030 -043 +044 +066 +018 +051 -025 -028 +043 +070 -060 +073 -046 -040 +064 -016 +025 -000 -066 -045 -036 +076 +064 +045 +026 -062 +081 +011 -083 +034 -047 +048 +084 +063 +053 +006 -066 -007 -014 +085 +017 -075 +061 -014 +025 +100 -038 +015 -000 -080 +017 +036 +042 +006 +003 -078 -026 -081 +020 -005 +062 -017 +078 -034 +036 -082 -048 -032 -058
-036 -070 +062 -010 +037 -006 -064 +030 +085 -037 -037 +022 -006 -017 +075 -082 -078 -081 -020 +084 +026 +061 +084 -056 +013 +000 -010 -077 +027 +028 -040 -000 +001 -037 +062 -044 +007 +052 -060 -064 +064 +027 +088 +021 +062 +082 +075 +003 -056 +027 -038 +045 -071 +007 -017 +042 +000 -020 +034 +046 -033 -003 -001 +004 -087 -012 -063 -080 -030 -003 +058 -055 -063 +076 -022 -050 +030 -012 +024 -075 -074 -005 +081 -100 +038 +044 +023 +050 -043 -014 +017 -040 -015 -024 +073 -022 -047 +083 +000 +022 +021 +024 +021 -065 -031 +003
+071 +000 -062 -058 -016 -077 +002 -040 -082 -036 +020 -056 -044 -043 +074 -010 -078 -011 +031 +018 +024 -076 -033 -062 +052 -046 -037 +033 +044 +000 +013 +085 +044 +048 -007 +001 +002 -020 +001 -046 +048 +046 +044 -082 -017 +073 +085 -043 -026 -037 -065 -033 -064 +014 -047 -056 -027 -025 -016 -062 +031 -082 -043 -050 -017 +062 -046 +081 +040 -084 +014 +006 -002 -034 +077 +084 +024 +002 +021 +040 -024 -025 +030 -052 +057 -063 -076 -072 -000 -072 -008 -003 +063 +073 -063 +004 -001 +065 -046 +072 +044 +081 +084 -066 +034 -000
+052 -023 +004 -088 +055 -080 -060 -044 +087 -028 +012 -047 -070 -006 +056 -007 -066 -016 +070 -052 +013 -001 -064 -004 -077 -048 +063 -030 +012 -018 -027 -082 -016 -036 -050 -018 -072 +088 -071 -056 +016 -064 +080 +080 -086 +045 +031 +078 -038 +020 +011 +027 +008 -012 +062 +073 +081 +011 +041 +004 -047 -045 +028 -010 +010 +060 -021 -010 +025 +076 +020 +053 +006 +036 +053 -056 +067 +035 -023 +057 -063 +040 +020 -057 -081 -042 +046 -058 -053 +040 -077 +062 -056 -057 +008 -043 +068 -072 -003 -015 -007 +054 -055 -028 -060 -002
+088 -031 -061 -003 -033 +056 -032 +021 -071 -028 +077 +005 +081 -074 -021 +002 -026 -072 -035 +033 +050 +064 +070 -085 +058 -023 -065 +010 -085 +073 +013 -067 +000 +012 -018 -031 +030 +071 +006 +075 -085 +030 -063 -070 +031 -018 +050 -041 -043 -036 -037 +011 -012 -070 +011 -015 -065 -088 +022 -011 +052 +021 -053 -006 +025 +088 +050 +036 -007 -042 -047 -033 -003 -028 -027 +003 -047 -088 +022 +085 -038 -003 -020 +060 -008 -088 +021 -041 -037 -013 -034 -057 -075 +044 -056 +010 -074 -060 -010 +077 +023 -056 +001 +001 -028 -058
+037 -020 +075 +083 +007 -077 +070 -074 -070 +077 -075 +064 +014 +068 +022 +028 -077 -054 +001 -024 -041 +001 +023 +022 -050 -008 +027 -044 +030 -002 +011 +063 +040 +012 +053 +041 +035 -071 +066 +043 +088 -080 -045 +036 -064 +004 -087 +061 -005 -038 +085 -001 +025 +050 +062 -043 +074 +038 +031 +082 -048 +030 -061 +031 -008 +024 +055 +014 +075 -031 -041 +037 -074 +000 +005 -011 -086 +032 +026 +026 -060 +006 +087 -068 -025 +025 -052 -017 +035 -023 +062 -011 +033 +063 -010 -010 -065 -058 +073 -068 -080 +083 -008 +022 -026 -015
+066 -003 +066 +003 +020 -054 +085 +030 -081 -076 +044 +042 -084 +074 -074 +052 -004 -017 -016 -055 +074 +003 -018 +087 -068 +008 +020 +065 +084 -087 -038 -012 -047 +083 +080 -085 -066 +084 -022 -043 -060 -023 +011 -001 -076 +016 +023 +027 -056 -018 -052 +073 -086 +020 +075 +077 -013 -012 +046 -052 -053 -058 +082 +054 +066 +077 -052 -070 -064 +071 -045 -040 -041 -020 -086 +065 -022 -021 +054 +021 +074 +027 -020 -087 +002 -050 -021 +012 -026 -034 +064 +066 +014 +036 +013 -030 -045 -076 +044 -010 -010 -044 -064 +070 -003 +017
+003 -078 -047 +056 +051 -044 +054 -006 +047 +081 -043 -040 -047 +048 +060 -036 +066 +003 +014 +053 +010 -045 -081 +030 -067 +064 +028 -087 +011 -075 +084 +082 -053 +050 -028 -052 +014 +067 +006 -068 -022 -008 -051 +068 +076 +033 -014 +067 -088 -056 -078 +082 +035 +045 +085 -015 -047 +088 +086 -035 -057 +040 +004 -080 +032 +012 -007 +023 +016 -086 -017 +031 +036 +082 -086 -000 +060 +005 -042 -017 +062 +045 +082 +077 +004 -001 -002 +088 -085 -031 -000 -046 +005 -017 -028 +061 -075 -048 +072 +030 +062 -055 -027 +020 +057 -017
-026 +043 +018 -087 -042 +024 -037 +042 -024 -064 -066 -054 -067 -030 +006 -082 -028 +088 +044 +047 -011 +074 +025 +058 +007 +030 -067 +078 -018 -056 +035 +066 +064 +051 -011 +058 -056 -011 +062 -081 +083 +012 -063 -062 +062 +075 -052 +072 -034 -045 -088 -055 +010 +026 +085 -014 -072 -011 -020 +005 -020 -004 -058 +046 +030 -084 -008 +048 +057 -085 +003 -024 -046 -021 -063 -028 +055 -003 -081 -031 -025 +032 +060 -006 -034 +081 -067 +087 +068 -020 +020 +020 +035 -072 -073 +017 -017 +052 +075 -051 -028 +041 +070 -046 -074 -053
-012 +074 -047 -026 -038 +027 -080 +033 -003 -025 +004 -013 +054 +025 +000 +052 +053 -075 +017 -040 +030 +063 -054 -038 +056 -083 -027 -057 +048 -028 +007 +033 +036 +040 -054 +042 -088 +100 +048 -060 +035 +071 -034 -041 +084 +015 +086 +034 +054 -022 -073 +051 -022 +043 +051 +086 -064 -026 +057 +018 +013 -043 +047 -031 +047 +034 -076 +000 -068 +081 -061 +057 +087 -060 +082 -008 +086 -065 +011 +087 +055 +050 +004 -010 +077 -024 -012 +067 +070 +001 -060 -057 +033 +083 +027 +058 -051 -055 -040 -038 +026 +058 -058 +068 +020 +085
+062 +060 +026 +047 -001 -066 -086 +066 +033 -027 -054 +071 -047 -058 -002 +056 +016 -044 -040 -020 -054 -081 +048 +067 +028 +014 +043 -014 -066 -055 +087 -015 +021 -001 -012 +000 -057 +061 +045 -004 -040 -084 -060 +044 -057 -012 -083 +016 -003 -058 -010 -036 -008 +051 -063 +046 +084 -045 +036 -056 -045 -010 -035 +058 +033 +087 -002 +055 -017 -030 -005 -035 -024 +040 -044 -030 +042 -005 -080 -030 +063 -078 -073 -081 +001 +060 -033 +046 +010 -028 +000 +026 -020 -050 +088 +082 -037 +076 +076 +047 -017 +036 -001 +030 -075 -054
-003 -022 +023 -013 +041 -066 +045 -060 -014 -074 -020 -081 -051 +072 +070 +025 -032 +021 +042 +031 +078 +073 -073 -047 +037 +035 +035 +057 -071 +083 +084 +021 -054 +036 +056 +078 +045 -071 +026 -003 +073 +021 -036 +011 +044 -072 +068 -064 -033 -014 -032 +072 +060 +035 -037 +027 -053 +014 +004 -015 -056 +076 -068 +036 +068 +037 -043 -085 -003 -047 -058 +048 +031 +044 -048 -062 +045 -048 +061 -081 +070 +052 +050 +061 +001 +022 -078 -075 +005 -015 +015 -076 +065 +077 -056 -053 -053 -014 +033 +011 -066 -100 -011 +071 +045 +032
+032 -031 -016 -045 +044 -012 -073 -002 +083 +081 -067 +058 +040 +025 -071 +075 +055 +073 -052 -071 +042 -014 +036 -052 +020 +027 +038 -058 +077 +058 -048 +057 -045 +027 +083 -072 +075 +013 +083 -045 +070 -027 +078 -054 -051 +036 +022 +085 +066 +086 +064 -050 +061 +040 +054 +003 +026 +078 -004 -065 -061 -038 -067 +016 -024 -060 +034 -030 -027 -034 +067 -075 -068 +031 -066 -081 +088 -081 -005 +056 +072 +018 +047 -051 -062 -045 -014 -056 +051 -086 +032 +026 +056 -077 +048 -048 +030 -022 -073 +060 +040 +032 -085 +063 -020 +063
-072 -014 +015 +002 -086 -045 -005 +075 +015 +010 -033 -071 +047 -088 +006 -077 -036 +084 -032 +021 +076 +026 -012 -016 -032 -032 +036 +066 +073 -030 +032 +022 -045 -045 -036 +088 -086 +082 +002 +032 -085 +002 -002 -028 -061 +043 -064 -048 +032 +053 +015 -013 -086 -033 -010 -023 -065 -010 +030 +003 +068 -040 -053 -077 +002 -018 +003 -027 -048 -087 -004 +086 -026 -051 -075 -030 +028 -000 +037 -082 +001 -066 +034 +086 +048 +084 -072 -054 +085 +085 +012 -057 -040 -041 +052 -008 +028 -022 -081 +042 +066 +001 +006 -037 -013 +023
+068 -068 +061 +007 -077 -038 -064 +037 -047 +081 +036 +051 -071 -001 -045 +035 -077 -087 -000 +065 -084 +010 -023 -006 -008 -066 +100 -017 -024 -028 +075 -067 -000 -024 +037 +072 -000 +072 -053 +053 -025 -045 -067 -024 +072 -044 +067 -043 -025 +076 +055 -076 -076 -020 +047 -017 +043 -023 -038 -040 +052 +005 +075 -028 +066 +008 +002 -024 -005 -057 +064 +086 -035 -051 +085 +078 -015 +006 +015 -050 -056 +068 +015 -040 -063 -064 -015 +074 -051 -033 -044 +047 +048 +018 +070 +044 +078 +068 -042 -017 +004 -061 +032 -100 +041 -084
-021 +000 -077 +081 -065 +071 -042 +083 -078 +008 -055 +054 -020 +020 -075 +004 -045 -002 -083 +052 +088 +088 -005 +007 +042 +002 +006 +056 -054 +043 -084 -028 +074 +015 +031 +058 -070 -012 -087 +061 +085 +010 +012 +057 +053 +084 +027 +048 +021 +043 -073 -061 -010 -020 +024 -064 +048 +056 -012 -045 -026 +002 -072 +084 -063 -080 -070 -083 -038 -043 -032 -052 -012 +041 -052 -004 -023 +034 +057 -022 -073 +050 -051 -025 +032 +034 -046 -034 +018 -084 -082 -078 +068 +050 -030 +004 -041 -051 +005 +015 +077 +003 +031 +003 +064 -073
-055 -057 -004 -037 +014 +088 +036 -041 -031 +017 -048 -035 -063 +075 +011 -006 -052 +064 +050 +067 +051 -043 +013 +010 -056 -001 -043 +081 +003 -004 -030 -074 -074 +007 +014 -018 +028 -043 +047 +082 +074 -067 +026 -084 -020 +037 +015 +017 +030 +038 +004 +047 -036 -044 -065 +078 +018 -012 -000 +024 +053 +060 -012 -018 +020 -042 +034 -063 -000 +015 -083 -040 -006 +074 -000 -004 +051 -065 +015 +025 -000 -007 -021 +012 +085 +076 +076 -057 +045 +074 +007 +010 +037 +050 -073 -061 +068 -054 -004 -038 -075 -013 +078 +032 +080 -035
-071 +000 +007 -011 -087 -072 +057 +046 -010 -038 +064 -046 -061 -022 +055 -070 -066 +051 +012 +064 -023 +034 -047 +070 -084 +024 -043 +081 -021 +023 +064 -042 -041 -066 -081 -065 -016 -072 +032 -018 +056 -012 -037 -037 -013 -056 -010 +072 +011 +062 -037 +015 +051 +021 -021 +057 -006 +035 -057 +015 -006 -040 +064 -052 -034 -066 -050 +016 -081 +041 +061 +070 +088 -005 +015 +062 -015 +026 +036 -028 -008 +000 +058 +062 -008 -042 +027 -032 +044 -083 +032 +070 -057 +070 +087 -022 +006 +068 -060 -025 +057 -021 +011 -033 -063 +013
+026 -032 +086 -022 -013 +034 -047 -026 +082 -000 -030 +085 -050 -036 +085 +048 +021 +071 +048 -003 -043 -085 -077 +032 -024 -047 +016 -018 -025 +068 -013 +042 +004 +022 -051 +056 +055 +081 -047 +026 -022 +072 -071 -071 -071 +015 -083 -068 -008 +035 -088 -024 -077 -076 -054 -060 -054 -006 -007 +012 -006 +035 +067 -033 +006 +027 +040 -085 +006 +022 -088 -081 +016 +003 -014 +031 +013 -061 -006 -076 +017 -020 +044 -087 +078 -005 +017 +017 +021 -045 +048 +022 +011 +078 +047 +065 -080 +003 +024 -002 -051 +021 +056 -083 +048 +034
-033 +073 +033 -076 -054 +100 +018 +072 +034 +068 -087 +032 +034 -018 -043 +042 -057 +001 +086 +060 -077 -038 -047 +068 +070 +017 -067 +081 -054 +037 +047 -058 +023 +032 +070 -004 -013 -024 -054 +051 -075 -071 +015 +031 +084 -078 -081 -042 -082 -066 +037 +066 +013 -006 +088 -073 -076 +024 -015 +057 +027 -040 -043 -041 -052 -087 -030 +080 -061 -068 -062 -088 +054 +004 -021 +048 +018 +045 -048 +061 +082 +058 +075 +000 -081 -003 +012 -025 +041 +087 -024 +072 +014 -081 -037 +066 +008 +068 +056 -023 -043 -004 +023 +036 -043 +008
+045 -024 +056 +043 -046 +035 -087 -076 +020 +062 -022 -046 -006 -100 +081 -043 -054 -061 +084 -080 -087 -000 +068 -018 -054 +082 -065 -034 +023 +043 -000 +048 -037 -022 -040 -075 +077 -041 +034 +015 -045 +036 -065 +022 -000 -004 -081 +040 -008 -041 +058 +045 -084 +028 +021 +026 -052 +030 -047 +066 +006 +082 -078 -070 +013 +035 +035 -031 +053 +014 -086 +015 +030 -044 -026 -083 +072 -047 -001 +088 +013 -083 -058 -042 +061 +028 -020 +001 -068 +055 -028 -037 +017 -061 -036 -041 -022 -065 -050 -067 -055 -040 +075 -051 +006 -005
+004 -084 -002 -024 -048 -028 -021 +011 +041 +061 +017 -042 +086 -042 -034 +054 -040 -042 +053 -067 -056 -047 +007 -065 +051 -020 +075 -034 +026 -006 -037 +000 -046 +014 +036 +014 +081 +017 +045 -075 -051 +024 -075 +016 +048 -065 -012 -067 -020 +054 -041 -053 -030 -017 -040 -011 -014 -064 -088 -002 -053 +054 +040 +003 -021 -046 -041 +064 +061 +042 +086 +088 +071 +042 -056 -082 +056 +060 -003 +038 -082 +022 +017 +071 +073 +002 +020 +015 +067 +018 +083 -037 +001 +041 -016 -060 -014 +043 -073 +041 +072 +001 +058 -023 +083 -081
+056 +010 -027 +030 +020 +034 +081 +078 +014 +002 +080 -020 +054 -010 +088 -007 -081 +067 -063 +066 +083 +041 +013 -021 -020 +006 +074 +035 -051 +077 -088 +008 -080 -016 -100 +042 +081 -048 -024 -031 +042 -028 -054 -018 +031 +006 +040 -037 -035 -033 -038 +002 -022 +030 +077 -058 +078 +088 -012 -060 -066 +020 +040 +030 -018 +060 -027 +008 -026 +044 +038 +024 -014 -007 -062 -046 -036 -055 -048 -027 -041 -055 -002 +072 +018 +027 +027 +052 -031 +017 -030 -010 +001 -021 -014 +014 -074 -067 +040 -083 +036 +055 +044 -003 -018 -055
-077 +076 -061 -070 +000 -041 +054 +000 -007 -037 -077 -023 +082 -034 -068 +026 -032 +064 +014 -013 +051 -018 +067 -068 -007 -034 -055 -044 -100 +064 +001 -065 +064 -045 -062 -032 +067 -062 +035 +020 +066 +062 +071 +041 +050 -033 +046 +004 +027 +068 +052 -058 +062 -070 +072 -028 -044 +078 -033 -030 +031 -051 +011 -001 +002 +067 +071 +070 +041 +067 +015 -058 -064 +062 -012 -086 +001 -006 -068 +083 +086 -015 +070 -064 +006 -050 +033 -032 -072 +036 -078 -062 +086 -033 +056 -088 -034 -044 -011 -015 -000 -053 -041 +073 +088 -053
+074 -036 -023 -037 -047 +021 -058 -048 +071 +018 +081 +082 +021 +062 -080 +042 -070 -016 +027 +051 +085 +023 +081 +051 -023 +041 -066 -060 -083 +008 +018 +056 -055 -040 -028 -056 +043 +074 -028 +055 +081 +011 -013 +015 -015 -086 +001 +066 +015 -042 +024 +013 +050 +064 -087 -015 -062 +050 +007 -088 -042 -061 +053 +036 +040 -080 +026 -021 +004 -064 -070 -058 +057 -082 +051 +077 +085 +043 -053 -058 -048 +021 +047 -000 +078 +042 -037 -026 +014 +053 +030 -054 -021 +036 -004 +072 +088 +034 +027 -015 +003 -063 +014 +030 -021 +085
