+100 -078 +044 +018 +036 +042 -088 +008 -040 +062 +031 +043 -007 +052 +052 -083 +033 +017 +022 +054 +015 -074 -001 +066 +027 -041 +066 +073 +018 -056 +083 -016 +034 +025 +068 -012 -032 -028 -100 +058 -041 +057 +065 -037 -084 -053 -065 +022 -026 +087 +036 -046 -063 +080 -023 +084 -061 -054 +066 +081 +083 +065 +048 +031 -077 -081 +024 -041 -023 +036 +045 -015 +066 +063 -028 -046 -006 +071 +040 -003 +086 +085 -068 +031 +001 -055 -017 -031 -062 +005 -074 -011 -040 +030 +022 +083 +005 -068 -042
-023 +066 +067 +067 +055 -025 +016 +023 -014 -075 -035 -001 -045 -084 +010 +051 +027 -061 -041 -055 +040 +063 -025 +028 -044 +088 -084 +015 -015 -025 +043 +044 -006 +040 +034 -084 +080 -058 -077 +041 +065 +071 +051 +034 +072 +073 +004 -055 -042 -050 +001 -033 +021 +077 -018 -055 +017 +044 -062 -020 +042 -043 -043 +017 +030 -035 +000 -052 -041 -008 -044 +053 -046 +017 -011 +064 +031 -003 +004 -003 -022 -011 -080 +035 -077 +007 -088 -040 -034 -003 -088 -042 -082 -037 +021 -084 -040 -034 +072
+000 -018 -033 +063 -005 -062 +088 -004 +040 +023 -024 -008 +038 -010 -020 -083 -043 +005 +000 +057 +046 -014 -082 -046 -020 +060 -084 +033 -005 -068 -085 +054 +045 +088 -075 +051 -015 -065 +025 +015 +034 -052 -053 -081 +088 -065 +057 -054 +057 +002 -085 +007 +018 +026 -067 +061 -043 -024 +038 +063 +006 -042 -088 +056 -021 +024 -044 +072 -065 +038 -030 +026 +074 +068 +031 -080 -076 -058 +076 -007 -045 -028 -085 +087 +006 -084 +084 +046 -066 -078 +056 -064 -047 +083 +015 -100 +004 -084 -002
-083 +048 +062 -043 -053 -044 -073 -007 +006 +032 -041 +068 +010 -086 +056 -033 +033 -036 +087 +043 -006 +028 +087 -072 +061 -077 -087 +074 -027 -064 -034 +008 +015 -050 -083 -027 +024 -048 -085 -058 +006 -003 +058 -045 -076 +053 +042 -067 -084 +018 -064 +041 -022 +065 +010 -028 -001 -041 -018 -065 +100 +050 -013 +008 -028 -070 +088 -006 -056 +081 -070 -045 +034 -021 +031 +023 -047 -024 +017 -045 +087 +021 +025 +044 -056 +035 +024 +037 +020 +054 +038 +087 +044 -047 -100 +032 -066 -065 +016
-042 +067 +043 +015 +064 -073 -022 +003 -042 -080 -013 -072 -072 -003 -020 +010 -073 +066 +037 -042 +032 -003 +060 -075 +073 -084 -053 -010 +044 +002 +014 +086 +024 -060 +080 +027 -035 -031 +062 -054 +076 -062 +023 +002 -061 +010 -038 +017 +068 -063 +018 +088 +025 +051 +037 +004 +046 +001 -048 -041 +044 -050 -028 -040 -008 -070 +010 +005 -062 +052 -057 +071 -047 +001 +078 -085 -055 +021 +026 +041 -077 -058 -011 +011 -066 +058 +076 -033 +051 +070 +030 +065 -041 +011 -020 +035 -000 -075 -031
-041 +008 +002 -042 +038 +031 -031 -087 -063 +045 -014 -063 -007 +034 +027 -062 +061 +001 +058 -002 +001 -014 -023 -038 +000 +050 -062 +036 -001 -081 +061 -020 +013 +067 -061 -037 +064 -065 +044 -076 +007 -045 -011 -013 -087 -044 -006 -085 +058 +010 +053 +014 +088 -013 +068 +005 +055 -056 +002 -028 -010 +081 +026 +042 +007 -053 +013 +064 +005 -070 -020 +084 -066 +062 +037 -057 -085 +004 +032 +002 -034 +030 +054 +078 -014 -051 +028 -070 -061 -008 +083 -086 +030 +100 -050 +064 +042 +062 -027
-015 -081 -017 +044 +021 -006 +076 -080 -078 +056 -046 +018 +021 +002 +088 +085 +046 +020 -075 +038 +045 +004 -056 -024 +056 +058 +003 +014 -035 +061 +032 -005 -055 +028 -002 +008 +031 +028 -013 +071 +013 +081 -046 +072 -070 +028 +034 -051 +014 +047 -016 -037 +001 -020 -083 -012 -050 +070 +050 +008 +077 +050 +052 +004 -015 +007 +005 +047 +080 -003 +053 -063 +017 +061 +074 -010 -047 -065 +021 -058 -047 +058 +014 -042 -000 +034 -065 -082 -044 -077 +040 -067 -100 -081 +073 -010 +011 +063 -036
+045 -082 -086 +034 -042 +006 +024 -065 -042 +082 -075 -028 -056 -013 +064 -074 -012 -010 -058 +007 +100 +072 +063 +085 -075 -030 +000 -046 +005 +085 +036 +012 -068 +001 -050 +067 +064 +074 +021 -003 +087 +066 +082 -036 +047 +033 -075 +058 +022 +088 +078 +018 -004 +073 -033 +078 +071 -017 -066 -078 -076 -063 +070 -053 +013 -080 -066 +063 +013 +035 +018 +056 +064 +066 -022 +068 -065 +008 +071 +051 +072 +012 -073 -042 -080 -056 +042 -040 +030 -012 -070 -050 +044 -020 -084 -071 -078 -060 +022
+027 +016 +051 +054 -073 -076 -014 +052 +028 -061 -052 -011 +040 -072 +066 +082 -022 -048 +050 -025 -036 +028 +048 +064 +100 -073 +074 -057 +078 +084 -052 -064 +088 +074 -065 -052 -033 +002 +073 +062 +074 -083 +023 -018 +054 +035 +021 -028 -011 +077 -058 +087 +054 -018 +053 +007 -038 +008 +025 +028 +077 +038 -018 +021 -023 +030 -035 -055 +051 -078 +056 -028 +022 -035 -076 +083 -044 +050 +001 -002 +041 -007 +065 +015 -085 -074 +077 -056 -078 +065 -071 +060 +025 -020 -058 -030 -038 -088 +007
+076 -008 +010 -056 +018 +055 -034 +063 +072 +075 +028 -100 +068 -013 -013 +081 +010 +010 -044 +065 +072 +016 +002 +008 +051 -004 -052 -073 -045 +006 +081 -088 -072 -046 +020 -050 +007 +010 -017 -018 +018 -033 +043 +087 -058 -014 +041 +045 -073 +071 +050 +072 -041 -034 +065 -028 -058 -011 -044 -043 -036 +074 +014 -082 +044 -003 +035 -065 -070 -005 -030 -062 -001 -018 -004 -076 -086 -006 +003 -076 -038 +044 -084 -066 +003 -030 +032 -071 +088 +031 -050 -041 +014 -003 -051 +033 -023 -014 -084
-053 -006 +037 -048 -067 +038 -084 +047 +070 -087 -050 +017 +037 -034 -052 -041 +062 -083 +062 +028 -043 +007 +013 -025 -066 +013 -057 +078 -072 +037 +082 -022 -017 +002 +015 -016 -048 +017 +031 -014 -050 -063 -086 +057 -070 -040 -017 +050 +000 -056 -063 -042 +073 -080 +007 -075 +035 -016 +055 +060 +013 +040 -054 -081 -020 -084 -052 +022 +073 -052 +001 +066 -027 -078 -073 +070 +035 -016 -028 +026 -034 -058 +083 +075 -051 +036 +075 -020 +013 +076 +034 -011 -056 +087 +056 -085 +080 -006 -083
+000 -003 +017 +074 -026 +038 +013 +031 +043 -004 +008 -015 -041 +037 +054 +068 +051 +003 -027 -021 +066 -040 -080 -055 -011 -051 +085 +011 -017 +015 +080 +004 -001 +025 +088 +031 +012 -072 +016 +068 -076 +007 +048 -057 +084 -026 -021 -006 +075 -035 -007 -083 +047 +085 +010 +008 +007 -064 +016 +038 -088 +016 +001 +080 -018 -066 -025 +075 -077 -026 -070 -074 +040 -018 +081 +056 +031 -033 +060 -052 -067 +035 -030 -016 +002 +054 -070 +002 -086 +030 -016 +073 +028 -056 +051 +005 -076 -081 +068
+053 +055 +048 -010 -061 +034 -041 -050 +058 +040 -016 -033 -027 -083 +022 +025 +048 -046 -026 +073 -087 -058 -085 +000 -084 +044 +006 +085 +008 -003 -036 -043 -044 -040 +044 -011 +058 +053 +008 +075 +050 +020 +064 -007 -056 +042 -084 -014 -025 +084 +065 +075 +041 +038 +010 +052 -028 +068 +042 -020 -036 +064 -027 +068 +046 -001 +034 -045 -008 +054 -038 -020 -044 -085 +052 -077 +085 -055 +078 +058 -017 -040 -017 -036 -072 -071 -003 -063 -007 +082 -040 +017 -028 +030 +021 +068 +047 +074 -080
+000 +001 +023 +082 +025 +036 -081 -077 +035 -042 +004 -056 -017 -024 +048 +012 +004 +022 +071 +014 -002 +082 -023 +053 +065 +007 +008 -028 +002 -038 -023 -057 +031 -024 -070 +050 +035 -004 +072 -064 +057 -056 +033 +047 +006 +071 +023 -056 +018 -034 +076 +050 +084 -026 +005 +055 -005 +003 -075 -052 -034 +026 -033 -080 +008 -037 +088 +054 +050 +056 +068 +055 +045 -035 +042 +001 -014 +074 -032 +068 +048 +007 -073 +067 +025 +057 +077 -063 +001 +080 -084 -045 +074 -002 +076 +072 -037 +052 -022
-064 +032 +011 +050 +083 +022 +027 -032 +077 +058 +085 +032 -072 -001 -023 +063 +043 -068 +063 +087 +055 +046 -024 +030 -017 +016 +025 -042 -067 -088 -022 +003 -002 -018 -082 -001 -007 -088 -088 +078 +036 -013 +077 +058 +035 -070 -086 +085 +072 -026 -041 +050 +010 +047 +063 +085 -034 -005 -024 +027 -032 -047 +008 -048 +025 -030 -023 +055 +027 +054 -085 -001 +050 +057 +038 +076 +010 +006 -036 -071 -041 -040 -075 -065 +027 +033 -006 -027 +054 -057 +004 +016 -004 +053 -055 +086 +082 -033 +001
-080 -078 -011 -037 -072 +066 +077 +005 +048 -050 +067 -080 +086 -045 -070 +100 +047 +051 +073 -023 -002 -022 -076 -042 -056 +070 -046 -007 +048 -016 -068 +028 -088 +044 +020 +031 -065 +057 +060 +086 -067 -062 +008 -011 -028 +067 +001 -016 -017 -057 +053 +087 -052 -043 -082 +047 -073 -033 -046 -002 -034 -035 +000 -012 -056 +056 +038 +061 +017 -002 -070 -016 -004 +043 -085 +043 -026 +042 +070 -008 +067 +041 +061 +028 +005 -082 +035 -042 +061 +031 -060 -088 +026 +021 -073 +041 +040 -055 -040
-042 +086 +051 +082 -013 -044 -088 +072 +030 -072 -082 -007 -082 -022 -080 -064 -070 -054 -034 -042 -023 +013 +068 +003 -015 -074 +018 -043 -004 +000 -026 -100 -088 +046 +034 -034 -018 -066 +001 -027 -078 +041 -087 +052 -046 -080 +076 -077 +083 -074 +046 -017 -064 +043 +052 +021 +071 +006 +054 -075 -014 -075 -053 -047 +061 -056 +012 -030 +072 -015 -026 +016 +027 +068 +087 +070 +055 +054 -037 +034 -086 -035 -060 -084 -012 -046 +087 +012 -010 -044 -071 +054 +016 -083 +077 -068 -087 +013 +008
-013 +012 -028 +017 +025 +048 -055 +013 -032 -032 +073 -006 -060 +011 -034 -014 +044 +025 -030 -013 +035 -084 -053 +026 +056 +036 +064 -065 +021 -021 +016 -053 -058 +016 -065 +072 +067 +060 +025 -045 -080 +037 -017 -068 -063 -061 -008 +014 -040 -027 -023 -038 +030 -041 -012 -012 +065 -046 +045 +008 +023 -054 +046 +075 -022 -027 -027 -052 -025 -077 -012 +068 +040 +026 +072 -100 -068 -002 -011 +016 -061 -002 +003 -065 -034 +041 +003 -081 +064 +036 -003 +026 +003 -002 -060 -044 +038 +074 -035
-004 +008 -077 -015 +016 +022 -038 -056 +004 -087 +004 -032 -062 -037 +046 +067 +044 -061 +054 -026 -047 +027 -006 -006 -084 -065 -020 -074 +052 -017 -010 -030 -060 -041 -086 -084 +054 -025 +082 -040 -088 -083 -027 -021 +017 +081 -055 -060 +015 -030 +075 -030 -014 -050 -088 -053 -086 -052 +034 -066 -057 +088 -075 -003 -038 +076 -022 -086 -002 +046 +040 -052 +006 -038 +013 +028 -070 +000 +052 +020 -030 -086 +020 -072 +005 +030 -087 +008 -074 -006 -050 -014 -028 +076 +064 -006 -037 +083 -074
-006 +052 +032 +080 +050 -078 +044 +070 +077 +021 -053 -034 +058 +051 -017 -046 -000 -000 -005 +023 +075 +023 -031 +045 +054 +004 -088 -060 -064 -088 -010 -075 +072 -037 +070 -062 -013 -050 +034 +060 -042 -047 -082 +085 -087 -034 +086 +025 +067 -082 +077 -034 +022 +055 +004 +083 -065 +074 -043 -087 -081 -084 +006 -058 -023 -077 -002 -088 -047 -011 +011 -026 +084 -047 -074 +004 -032 +072 +036 +075 +087 -081 +025 -022 +083 -027 +033 +072 -024 +061 +030 +023 -042 +084 +053 +071 -060 +033 +076
-031 -008 +017 +024 +051 +030 -067 -052 -006 +038 -055 -058 +088 +013 -085 -034 +023 +016 -005 +073 -017 -070 -086 +072 -030 +003 +087 -036 -044 -010 +061 -024 +034 +081 +077 +048 +088 +021 -046 +006 +061 -035 +018 -025 -028 +072 -022 +060 +063 -077 +018 +081 +080 +005 -030 -030 -057 +063 -018 +027 +011 +100 +063 -024 -034 +037 +062 -026 -057 -041 +078 -030 -006 -033 +030 -013 -076 -072 +035 -006 +010 -025 +023 +033 +021 -018 +024 +022 +042 -056 -038 -064 -046 +013 +011 +044 +020 +018 +042
+071 -022 +061 +038 +077 +051 +014 +036 -078 +030 -030 +066 +034 -068 -048 -056 -041 +077 -002 -036 +027 +036 +067 +060 +068 -074 -038 +007 +052 +038 +087 +085 -065 +063 -011 -071 -051 +086 +027 -051 -001 -047 -073 -033 -026 -052 +057 +011 +050 -087 +055 +068 -000 +015 -036 -025 -048 +033 +018 -045 -034 -002 +083 +011 +085 +002 -018 -025 -043 +064 -035 +045 +063 +046 -065 +086 +062 +033 +036 -025 +086 +033 +037 -062 -013 -044 -027 -003 -000 +061 -040 -081 -068 +002 -001 +010 -048 -042 +037
+030 +080 +007 +030 -034 +046 -047 +087 +020 -040 +022 +015 -062 -070 +012 -010 -064 -088 -001 +018 +005 +100 +078 -013 +048 +014 -061 -081 +007 -073 -015 -013 -053 -015 -077 -014 -011 +058 +075 +037 +056 -036 -030 +064 +025 -045 -030 +076 +031 +006 +061 +031 -055 -047 -007 +005 -063 +004 -054 +070 +013 -033 +033 -064 +031 -011 +084 +026 +073 -081 -073 -003 +041 -073 -046 -057 +023 -002 -058 -053 -057 +074 -083 -054 -035 -071 -031 -070 -071 -053 -044 -047 +045 -060 -051 +031 -021 -057 +057
+007 -032 -020 +057 +018 -031 -010 -016 +051 +018 +053 +001 +088 -000 +021 +063 -042 -006 -003 -071 -014 +030 +076 +054 +071 +076 -047 -050 +067 -021 -031 +076 +076 -075 -032 -088 +046 +075 -001 +028 +058 +053 -088 -007 -043 -060 +047 +085 +023 -047 +033 -031 +025 -070 -001 +056 +057 +020 +085 +071 -047 +031 +083 +052 +008 +062 +024 +047 +016 +025 -021 +015 -008 +007 -043 +038 -083 -081 -078 +036 -003 -000 +022 +086 +065 +003 -075 -058 -005 -077 +040 +051 +032 -072 +044 -017 -038 -078 -002
+015 -023 +058 +077 +078 -008 +035 -013 +081 -011 -014 +047 +020 +052 -088 +038 +052 -046 +003 +074 +057 +050 +082 -022 -037 +037 -003 -015 +015 -076 +004 -081 +082 -003 -057 -015 +073 -083 -057 +064 -035 -001 -034 -074 +053 -072 +013 -035 +026 -083 -082 +064 +030 -001 +071 +051 +028 -001 +038 +057 +076 +067 -045 -067 -040 +024 -073 -063 -014 -037 +055 +051 -038 -086 -046 -021 -003 +001 -033 -040 +028 -038 -087 -062 -064 -054 +058 -058 +045 -005 +070 +062 -003 +073 -041 -087 -061 -087 +026
-016 +038 -071 -063 -003 -054 +064 -038 +035 +066 -064 +081 +068 -022 -018 -024 -015 -065 -021 +072 +100 +043 +068 -002 +078 +047 +032 -053 +045 +008 -086 -037 +051 -040 +007 +065 +031 -053 +023 -005 +075 +052 +015 -085 +012 +076 +040 +044 +040 +000 +020 -002 +051 +053 +057 -008 +035 +054 +088 +006 +033 -050 -042 -074 -051 +070 -044 -042 +058 -082 +081 +066 -021 +087 -011 +075 -063 +003 -048 +002 +030 -070 +018 +058 -040 +064 +051 -004 +043 -030 +043 +077 +040 +061 -020 +020 +085 +070 +070
+053 -007 -024 +072 -010 +070 -053 +063 -000 +050 +015 -018 +012 -017 -006 +004 -018 -034 -055 +044 -005 -041 +023 -050 +016 -025 -067 +071 -037 +055 -067 -062 -008 +060 -001 -027 -023 +047 -041 -061 -074 -013 +050 -017 -031 -075 +012 +076 +003 +002 +054 -004 -083 -026 +021 +007 -051 -063 -080 +087 -007 +022 -063 -015 +084 +045 +031 +072 +057 +066 -062 -016 -017 +033 +056 +083 +044 -081 +066 -045 +083 -012 -074 +016 +055 -052 +010 +084 +077 +088 +076 -038 -086 +013 +031 +002 +007 -058 +023
-054 +072 +048 +037 -013 -068 +012 +051 +078 -025 +034 +006 -018 +015 +052 -051 -013 +051 +088 -036 -052 -016 +064 -030 -024 -065 -073 +031 +016 +040 +058 -020 +082 +075 +056 +026 -061 +021 -017 +061 +075 +006 +063 -036 +050 +005 +031 +100 +064 -036 -054 -055 -013 -031 -027 -023 -037 +057 -061 -051 +065 +040 -026 -072 -082 -012 -035 -056 -052 +070 +000 -086 +047 +083 -062 +040 +050 -004 -047 -053 -000 -077 -043 +040 +070 -057 -087 -024 +051 +051 -080 -013 +016 +004 +088 +010 -034 -078 -036
-022 -063 -084 +086 -037 +084 +016 +064 +008 -026 +018 +087 -011 -087 +080 -055 -056 -057 +044 +001 +078 -066 -063 -012 +086 +002 -002 +007 +017 -045 -028 -023 -051 +023 -021 -012 -050 -080 +071 +030 +048 +055 +026 -042 -080 +087 -025 +015 -016 -055 +036 +047 -031 +031 +034 -035 +013 -025 -073 -051 +067 +017 -055 -007 +061 -088 +034 +017 +027 +054 +078 -057 +052 +072 +001 -031 -006 -065 -013 +064 +070 +075 +057 +000 +051 +052 +014 +007 +007 +057 +042 +004 -055 -068 -057 +085 -018 -007 +054
-043 +077 +033 +078 +076 +036 -003 +003 -012 +057 -048 -100 -063 +067 -058 +070 +015 +068 +047 -000 +004 -056 -048 +020 -011 -077 +042 -084 -048 +078 +080 -021 -083 -056 +010 +017 +074 -044 -024 -065 +075 +063 -055 +026 -048 -000 +052 +022 +057 -061 +100 +066 +046 +075 +052 +071 +082 +078 -062 -021 -024 -077 -043 -050 +022 +040 +038 -013 +002 +057 +050 +061 +070 +030 -074 -057 +033 +088 +012 +007 -065 +017 -017 -067 +030 +061 -077 +015 +045 -014 -073 +064 -037 -040 +060 -017 -036 +012 +006
+064 +030 -085 -055 +087 -060 -055 +075 -022 +035 -052 -071 -054 +072 -013 +076 -010 +072 -083 -044 +060 -045 +016 +086 -007 +025 -038 +075 +084 +053 -026 -018 -068 -018 +004 +077 +066 -062 -066 +075 -012 +060 -056 -043 -011 +006 -054 -021 -061 -003 -035 +067 -087 +038 +060 -017 +058 +014 -012 -055 +044 -017 -046 +044 +078 -016 -020 -048 -016 -031 -006 +065 -033 +022 +025 +025 -031 +016 -011 +048 +026 -065 +016 +021 -083 -050 +036 -025 +044 -038 +055 +046 -071 +023 +043 -006 +074 +031 -086
+001 -037 -073 -041 -044 +020 -083 -067 +046 +035 -000 +064 -018 -063 -036 -040 +038 -064 +056 +031 -032 -060 -000 -055 +086 -085 +005 +071 +021 +046 -045 -057 +004 -016 +011 +008 +020 -074 -051 +011 -068 +037 +012 -018 +021 -050 -038 -082 -043 -006 +021 -021 -072 -001 -062 -013 +005 +000 -080 +000 +045 -025 -056 +026 -000 +087 +016 +030 -087 +008 -074 -080 +006 -046 +044 -037 +022 +040 -000 +026 -062 +050 -000 +061 -048 -067 +044 +047 +000 -055 +015 +067 -071 +052 -001 +073 +087 -034 +014
-077 -085 -005 +067 +014 -030 -046 +023 +070 +027 -010 +025 +013 +064 -071 -010 -007 +020 +074 -070 +058 +082 +086 -068 -064 -028 -010 -087 +012 +040 +022 -088 +033 -075 -026 -078 +006 -013 -041 +073 +041 +060 -068 +032 -084 +020 -016 +058 +067 +074 -042 +026 +071 +010 -042 -040 +061 -022 +014 -021 +020 +063 +041 -086 -085 -058 +074 -017 +034 -050 +040 +044 -001 +023 -037 -062 -060 -010 -053 +058 -065 +068 -077 -035 +047 +063 +022 -035 +040 +038 +021 -075 -070 -072 +007 -001 +002 +063 +058
-084 -044 +050 -013 +018 +068 -011 +087 +047 +086 -052 +017 -082 +044 -014 +040 +046 +044 +008 +041 -100 -062 -050 -005 +026 -044 -040 +028 +014 -035 -056 +023 +005 -043 -018 -064 -056 +008 +043 -056 -066 -011 +040 +048 -041 +052 +027 -076 +062 -055 +070 -011 -005 -023 -033 -030 +007 -013 -027 +013 +061 -017 +034 -074 -075 -056 -007 +002 -035 -024 -083 -056 +001 -014 -038 +053 -057 -008 -018 -064 -025 +021 +025 -066 +073 +077 +006 -034 -065 +017 +021 -080 -076 -013 -008 -011 -017 -042 -087
+007 -075 -058 +025 +013 +002 +015 +047 +052 +043 -081 -058 +027 -002 +078 +052 -011 -056 +074 +024 +072 +018 +066 +032 -013 -056 +032 +014 +027 +052 -022 -065 -077 -001 -032 +002 -003 +033 -083 -083 -016 +070 +078 +008 -037 -054 -013 +080 -008 -008 -056 -063 +047 -067 +025 -012 +072 +046 -017 +075 +032 +087 -041 +025 +057 -000 -001 -087 +040 -063 +031 -043 -008 +080 +018 +040 +008 +046 -075 +060 +004 -008 +021 +036 +034 +005 +015 +065 +075 +047 -016 -025 -015 -048 +075 +013 +030 -015 +072
+050 -036 -027 -058 +084 +071 -008 -007 +003 +043 -014 +034 +072 -064 -066 +054 -015 +003 +008 +081 +085 +025 -018 -026 -041 -042 -064 +005 +088 +061 +047 +055 -080 +083 +045 -035 +032 -070 -073 +054 +034 -060 -080 -071 +081 -047 -003 -085 +041 -068 -025 -060 -025 +034 -033 -001 +034 +000 -082 -055 -065 -000 +041 +084 +003 +060 -036 -086 +006 +027 -076 -024 +022 -036 -034 -001 +037 -065 -052 +045 -014 +023 +033 -011 -014 +065 -070 +072 -030 +073 -008 +071 +006 +014 -048 -012 -014 +036 -021
+078 -057 -064 +021 -083 +081 -030 -026 +000 -065 -023 -074 +024 +041 +007 +052 -035 -040 +086 -044 +077 +010 +021 -035 -086 -044 +034 +057 -084 +050 -065 +010 -071 -041 -057 -050 +044 -040 -001 +051 +002 +084 +042 +080 -074 +032 +011 -017 -071 +076 +050 +045 -062 -058 +066 +037 -088 -034 -020 +075 -083 +054 -003 +013 -030 -056 +056 -063 -006 +074 +025 -011 -004 +033 +088 +025 -030 +088 -058 -076 -027 -004 -058 -015 -012 -001 -063 -042 +054 -066 +031 +082 +010 +088 -045 -066 -032 +007 -051
-054 -014 +020 +024 -046 +005 +017 -056 +061 -077 -008 -080 -041 -032 +044 -080 -033 +008 -037 -030 +025 +065 +022 +081 -020 +083 -030 +074 -077 +014 +003 -036 -004 +046 -027 +018 -056 -006 +077 -028 -080 +043 +054 -014 +056 -054 +051 -027 +081 +053 -031 +064 -061 +030 -068 +020 -051 -051 -070 -013 -045 -085 -036 +013 +066 -040 -032 +034 -016 -081 -071 +086 +005 +082 -051 -037 +074 -005 -045 -014 +058 -053 -008 -011 +006 +057 +007 +011 +084 +014 +082 +047 -064 +000 +070 +058 -074 +010 +040
-076 +052 +046 -061 +022 -030 -082 -051 +051 +052 +031 +078 +010 -032 -080 +002 -045 +071 +061 +002 -028 -004 +078 +037 +086 +036 +077 -005 +061 -087 -036 +064 -034 -024 +067 +006 +025 -001 +073 +055 +046 -035 +050 +034 +046 +024 -001 -075 -030 +076 +052 +057 -087 -088 -048 +080 -071 -003 +036 -078 +024 -018 +055 +042 -052 +016 +034 -070 -020 -001 +063 -021 +078 +026 -006 -057 +085 -006 -086 -012 -046 -086 -028 +076 +044 +032 +000 +012 -013 +010 -052 -001 +004 +061 -067 +005 -011 -043 -088
+028 -041 -062 -051 -075 +000 +045 +003 +042 +040 -061 +012 +028 -001 -072 -087 -044 -047 -052 -046 +025 -060 -100 -036 +042 +084 -076 +041 -008 +004 -021 -074 -012 +021 +087 +021 -063 +055 +025 -017 +061 -046 +031 +005 +024 -085 +088 -081 +015 -100 +058 -046 +020 -032 -061 -062 +016 -022 -017 +053 +087 +000 -007 +034 -035 +055 +046 -067 -053 -073 +038 +037 -066 -021 -086 +055 +031 +058 +000 -083 -033 -046 +033 -048 -035 -030 +063 -073 +008 +084 -073 +053 +028 +100 -064 +038 +088 +030 +008
+050 +062 +061 -041 -005 -086 -061 +014 +064 -051 -051 +058 +013 +037 +047 -073 -062 +033 -036 -038 +024 -045 -036 -078 -083 -002 +083 -023 -012 +033 -026 +050 -012 +028 -042 -004 -041 -035 +035 -016 +020 -022 -075 +057 +057 +057 -068 -075 +037 +083 -084 +082 +052 -011 +037 +011 -054 +032 -082 -085 +034 -084 +003 -031 +028 -043 +032 -032 +044 +071 -077 -001 +000 +053 +068 -067 +088 -074 -013 -061 -067 +080 -035 +087 +026 -087 -077 -044 +071 -036 -045 +062 +026 +078 -085 +083 +016 -012 +073
-022 +064 -032 -010 -047 -063 +015 +076 +080 -043 +087 +047 +048 -068 -057 +072 -047 -048 +024 +036 +065 -011 +036 -002 -015 -013 -003 +031 -047 -035 +067 +054 +026 -083 +030 -034 +035 +075 -064 +042 +086 +025 -063 +007 -011 -018 -066 +058 -072 -007 +016 -021 +073 -046 -078 +013 -086 +068 +078 +010 +076 +000 -027 -011 -000 -017 -038 -042 +070 -045 +034 +024 -080 -080 +052 +087 +034 -075 +081 +001 -076 +086 +014 -057 -067 -084 +017 -080 -054 -082 +080 +004 +034 +022 +051 +022 -067 +023 +081
-066 +060 -066 -022 -024 +048 +034 +030 -037 +068 +031 -085 -031 -057 +036 -054 -087 +033 -016 +010 +034 -058 -076 -021 -018 +042 -033 +024 -063 +060 -072 -017 -050 +037 +016 +003 +024 -038 -011 -010 -006 +063 -037 +024 +024 +035 -022 -043 -004 -034 -026 +034 -083 +003 -002 +064 +005 +083 +001 +021 -018 +071 +017 -035 -013 -010 +088 +041 +034 -038 -062 -030 +055 +074 -046 -046 -015 -062 +063 +030 -066 +064 +038 +077 -068 -063 +021 +053 -062 -033 -017 +028 -048 -021 +052 -041 -072 +011 +032
+015 -065 -046 +080 +074 +035 +045 +037 -062 +032 +065 +074 -015 -015 +056 -037 +077 +070 -042 -000 -042 +044 -061 +050 +034 -048 +066 +036 +027 +047 +030 -006 -044 -006 -016 -024 -083 -002 -081 -076 +000 +040 +015 +021 -052 +083 +047 -050 -035 +026 -100 +058 -007 -072 +071 -071 -084 +021 -022 +055 -065 +055 +013 -007 +016 -053 -075 +041 +041 -050 +045 -022 -061 +080 -014 -025 -045 +077 +010 +011 +057 +044 +025 +033 -087 +007 -060 -087 -062 +001 +050 -048 -053 -033 -040 +011 +078 +085 +022
-076 -031 -034 -055 +087 +036 +003 +012 +067 -040 -078 +083 -057 -020 +032 +063 +083 -014 +048 -011 +017 +063 +080 +015 +088 -057 +057 +045 -006 +034 +010 -042 +003 +025 +016 +083 -026 +083 +070 -073 -007 -001 -071 -014 +071 -046 +020 -010 +011 -088 -016 +050 -022 -074 +057 +066 +087 +007 -072 -042 -034 +038 -086 +015 -020 +020 -018 +033 -024 +074 -056 +065 -018 +082 -087 +082 -088 +044 +007 +076 -076 -074 +016 -017 +087 -051 +045 +080 -044 +052 -027 +081 -046 -080 +053 -084 -071 +044 +087
+037 -055 +044 -010 -057 -033 +028 -001 +001 -084 -081 -077 +021 -025 +054 +083 -086 +087 +055 +023 +082 +052 -048 -001 -038 +021 -015 +053 +065 -001 +082 -036 +057 +007 +021 +016 -075 -036 -061 -087 -074 +047 -014 -040 +041 -088 +013 -030 -060 +058 -015 +045 -020 +038 +054 +067 +011 +044 -075 +020 +052 +066 +021 +016 -070 +083 +054 +025 +065 +051 -045 -053 -064 -083 -024 +032 +020 +087 -041 +030 +027 -038 -003 -084 +011 -077 +010 +082 +018 +072 -038 +022 +063 +032 -003 -018 -023 -040 +018
-002 -024 -016 +082 +011 +001 -034 -033 -071 -030 -084 +005 +008 -010 -072 -038 +088 +072 -004 +027 -012 -070 -065 +077 +006 +045 +072 +057 -054 +021 +047 +022 +030 +025 +020 +056 +038 +004 +012 -043 +055 +057 -066 +081 -042 +002 +031 +075 +051 +012 +086 +005 +073 -035 -064 -084 +025 -081 -045 +034 +048 +035 -057 +084 -088 +007 -084 -030 -075 +088 -082 -046 -004 +020 +068 -067 -025 +041 +074 -032 -073 -077 -063 -023 -004 -005 +045 -047 -060 +052 +082 -012 -060 -100 -008 +027 +062 +062 +070
+028 -075 +068 +006 -060 +041 -058 -073 -038 -008 +086 +040 -078 +010 +015 -006 +051 +053 +084 -001 +006 -028 -061 +006 -033 -088 -057 -034 -043 -054 +072 -035 -074 -076 -052 +068 -088 -073 -065 -058 +024 -068 -030 -030 +010 +047 +080 +032 -034 +067 -000 +031 -045 -010 +080 +040 +006 -076 -077 +002 +044 -083 -045 +067 -034 -078 +054 +035 -045 -073 +040 -088 +050 +053 +002 -002 +024 -070 -060 +045 +050 -072 +035 +013 -043 -070 -054 -011 -046 -040 -055 +086 +081 -074 -002 -071 +021 -074 +083
+015 -020 +081 -076 -004 -040 +081 +005 +041 +027 -058 +071 +077 -000 -046 -054 -080 -078 +001 +087 -014 -028 +066 +052 -072 +083 +057 +062 -066 -080 +015 +066 -082 -015 +084 -033 -048 +023 -031 +051 +064 +016 +077 -010 -023 +044 -028 +088 -044 -034 -071 +087 -011 +076 +001 -076 -001 +021 -027 -051 +007 -016 -021 -020 -040 +044 +006 -025 -082 +047 +076 -028 +074 -082 +068 -058 -052 +088 -035 +045 +100 +047 +081 -012 +078 +086 -073 +000 -081 +061 -083 +017 +016 +037 +031 +013 -038 +047 -043
