+051 -063 +070 +038 -000 -000 -010 +000 +003 +034 +081 -042 -075 +087 +071 -005 +067 -087 -057 -048 +002 -047 +072 +055 +080 -087 +033 +057 -055 +068 +024 +035 -063 +073 -001 +043 +018 -057 -007 +034 +070 -053 -014 +034 -032 +058 -084 -022 +087 +085 +007 -023 +025 +016 -028 +022 -021 +001 +080 +100 +047 +086 -067 -035 +061 -040 -072 -000 +052 -022 -088 -062 +032 -085 -045 -004 -073 -010 +047 -051 -008 +066 -008 +017 +078 +018 -043 -020 +072 -022 +060 -055 +033 +042
-088 +051 +051 -068 -001 +086 +082 -063 +003 -023 -038 -067 -037 +042 -032 -077 +008 +002 +014 -056 +046 -066 +071 -035 -043 +013 -071 -051 +040 -051 +033 -066 +050 +034 -048 +081 +043 -007 -013 +056 +048 +047 +058 +064 -028 -032 +083 -053 -001 +082 +014 +037 -015 -043 -002 -045 +082 +047 -086 +062 +015 -024 -012 +075 -084 -023 -038 +037 +004 -100 +003 -033 +040 -055 -003 +047 -036 +000 -080 +073 +033 +026 -000 +082 +002 -020 -031 -058 +057 -025 -040 -061 +026 -084
+030 -017 -086 +048 -026 -028 -004 +008 -063 +100 -024 -012 -020 +020 +055 +041 +051 -064 +008 +068 -006 -052 -071 -022 -027 +046 +062 -001 -080 -035 -070 -060 +066 +048 -031 +011 -001 +061 +022 +007 +006 +062 +007 +020 +060 +002 +013 +061 +006 -056 -035 -003 -057 +046 +055 +071 +048 +047 -075 +078 -044 +048 +018 -086 -013 +043 +041 +062 -040 +076 -076 -006 -051 +068 -081 -075 -010 -038 +041 -044 -038 -010 -010 +016 -012 +024 +015 +063 -007 +011 -070 +017 -030 -023
+061 +021 +023 +041 +013 -060 +050 -075 -082 +048 +074 -013 -012 -005 -005 +047 +061 +078 +025 -033 +062 +017 +051 +080 -053 +011 +041 +075 +083 -057 -028 +008 +083 +007 +044 +042 +063 +050 +015 +062 +073 +067 -081 -003 -004 -015 +012 +055 +032 +040 -021 -070 -018 -012 -020 -025 +053 -010 +001 -076 +046 +035 -043 +066 +052 +084 -087 +014 +085 +061 +062 +044 +040 +002 -066 +035 +070 +003 -046 -056 -038 +083 -063 +030 -068 +046 -066 +080 -012 -067 -051 +008 -074 -042
+068 +015 +070 -062 +072 -085 -046 -066 +052 -035 -048 +068 +034 +043 +046 +000 +013 +004 -032 +040 -015 -074 +050 +073 -048 +072 +041 +006 +021 +077 -041 +023 +056 +043 +036 -021 -044 +072 +032 +065 +043 -067 +000 +010 +053 +023 +025 -006 -065 +033 -021 +011 -085 -041 -074 +035 -050 -086 -021 -001 +046 -086 +024 -023 -036 +042 -054 +083 -011 +007 -050 -028 +045 +048 -020 -058 -014 +078 +062 +048 -088 -014 +032 +000 +078 -003 -066 +061 +036 -003 -084 -078 +085 -008
-086 -035 -084 -038 -042 -042 +083 -008 -078 -031 -070 +021 -004 -062 -073 +038 +002 +051 +063 +066 -015 +075 +083 -012 -051 +021 -066 -034 -063 -052 +052 +016 -044 +045 -072 +028 +036 +067 -072 +028 -054 -037 +018 +003 -064 +083 +006 +010 +014 +024 -013 -062 +021 -008 +077 +036 +045 -026 -054 -060 +038 +011 +016 +084 -063 -046 +010 -047 +047 +035 +032 -073 -074 +082 -040 -080 +081 -080 +033 -001 +027 -012 +054 -022 -021 -068 -067 +084 +038 -054 -048 +076 +007 -077
+062 +033 -076 -021 +066 +044 +044 -062 +054 +078 +023 +084 +013 -015 +055 -082 -084 -025 +064 +013 -072 +008 -075 +087 +045 +046 +048 +033 +001 +010 +020 -031 +045 -018 -073 +061 -086 +030 -085 +000 -034 +082 +037 -067 +005 +071 -037 -063 +010 -010 +033 -030 +011 +040 +038 +030 -002 +028 -005 -043 -016 -074 +081 +001 +027 -024 -002 +075 -007 +005 -066 -005 +063 -076 -075 +074 -015 +031 -027 +042 +040 +082 +064 -054 -066 -067 -058 -011 -006 -036 +020 +067 -011 -006
-004 -040 +022 -073 +017 +045 +014 -078 -015 -013 -024 -037 -013 -004 -021 -027 -001 +011 +023 -054 -017 -001 -040 -024 -012 -002 -031 -060 -017 -021 -016 +071 -076 +075 -042 -061 -068 +068 +025 +017 +038 -002 -074 +015 +077 +064 -048 +045 -007 -050 +073 -078 +005 -086 -004 -074 -045 -070 +035 +071 +007 +008 -070 +064 +011 +008 +063 -043 +032 -011 +068 -051 +046 +075 -024 -014 -003 +061 -032 +076 +010 +046 +036 +014 +048 +080 +021 -030 -063 -051 +048 -023 -045 -031
+045 +086 -066 +040 -076 +050 +017 -002 -043 +022 +038 +027 +040 -027 -001 +000 -033 -086 +043 -067 -051 -055 -100 +050 -057 +081 +001 +048 +080 -016 -046 +057 +002 +020 +040 -078 +034 +062 -011 -085 +040 -064 +051 -011 +032 -021 +021 +008 +044 -061 +042 -025 -024 +002 +002 -007 -002 -016 +025 +082 +068 +006 -047 -024 -042 +085 -071 +054 +030 -011 -086 +051 -080 +057 +001 -044 -065 -017 +030 +040 +023 +037 -041 +060 +043 +026 -006 -082 +041 -005 -035 +038 +078 -018
-071 -024 -085 +030 -004 +013 -047 +043 -000 -030 -063 -057 +083 -017 -003 -002 +087 -020 +038 +047 +011 +010 -068 -014 +050 -007 -044 -040 -025 +053 +080 -000 -075 +058 -021 -054 -007 -013 +057 +025 -070 -043 -046 +028 +002 +010 -007 +052 +033 +028 +024 -014 +038 +024 -000 -035 +005 +032 -083 +077 +051 +100 -062 +067 +024 +054 +051 +051 -071 -070 -004 +026 -042 -077 +031 +086 -024 +020 -020 -045 -040 -081 -030 +000 -043 -065 +060 -062 +000 +086 +012 +011 -054 -013
+047 +032 -044 +001 +061 -005 +026 -003 -052 -086 -031 +072 +072 +087 +021 +080 +034 -080 +020 +047 +062 +015 +023 -001 +011 -077 +018 +016 +028 +003 -022 -040 -026 -038 +015 -070 -070 -037 -054 +071 +060 +078 +056 +013 +026 -025 -026 +070 +065 -054 -100 +038 +035 -085 -067 -062 +002 +032 -082 -052 -056 +055 -050 -062 -037 -064 +026 -005 -065 +020 +026 -050 -076 -042 -045 +074 +052 -085 -028 -077 -045 -006 +005 +045 +030 -000 -042 -062 +038 -062 +065 -068 +070 +058
+010 -068 +050 -053 -000 -076 -074 +061 -056 +022 -078 +073 -065 -083 -044 +048 -031 +066 -024 +027 +086 +057 +077 -083 +072 +024 -034 +043 -063 +080 +006 -018 -020 +064 +061 +071 +082 -047 +074 +080 -061 +044 -022 +000 -088 -073 -006 +077 -044 +087 +060 -086 +018 +087 +030 +088 -031 +001 -026 +078 -087 -017 +022 -048 -037 +073 +077 +053 -054 +024 -064 -021 +055 -021 +037 +046 -061 -076 +084 -011 +054 -065 -000 -034 +080 +084 +086 -041 +067 +044 +014 -054 +082 -066
-085 +032 -087 +082 +017 -065 +053 -080 +086 -052 +072 -026 +041 +088 -062 +014 -040 +047 -060 -036 -058 +044 -060 -045 -037 -085 +066 -030 -028 +074 +062 -048 -047 +014 +085 +082 -028 +078 -052 -081 -014 -050 -034 -020 +013 +078 +083 +018 +060 -031 -074 +008 -030 +018 -031 +034 -068 +007 -075 +088 -040 +004 -063 +078 +032 -063 +045 -041 +027 -023 +047 -010 +074 +054 -050 -087 -022 +083 -011 -071 -015 +037 -086 +068 +026 -022 +042 -062 +046 -035 +030 +000 -002 +031
+077 -042 +087 +000 +033 -023 -010 +084 -004 -025 -030 +043 -017 -033 +074 -084 +067 -076 +060 +002 -021 -035 +038 -050 -032 +012 +078 +085 -081 +070 +058 -001 -034 +004 -055 +002 +088 +087 +032 -081 -070 -028 -046 -054 -035 +040 +015 +037 +002 -020 -027 +057 +047 -087 +000 -012 -081 +002 -080 -054 -087 +057 +043 -025 -048 +033 +002 -043 +023 +015 +055 +045 -037 -014 +061 -058 -075 +058 -061 -002 -013 +043 -088 +074 -083 -072 -052 +055 +044 -037 -022 -010 -038 -038
+086 -042 +067 +000 -052 +005 -021 +064 +024 -054 +042 -084 +082 -076 +027 +006 -020 -065 +008 -086 -035 +038 -073 -008 +040 +062 -014 +018 -033 -085 +067 +016 +023 -038 +063 +006 -084 -067 +073 +006 +052 +078 -004 -070 +054 -002 +005 +057 -048 +020 -082 +074 -041 +002 -057 +051 -058 +035 -052 -013 -023 +000 +085 +013 +076 -041 -050 -024 -065 -046 -031 -055 +083 -063 +030 -015 -027 +036 +047 +080 -015 -007 -051 +026 -052 -040 +056 -032 +012 +072 +073 -027 +027 +027
-058 +060 +005 -066 -062 +046 -027 +035 -058 +060 -065 +072 -063 -052 +077 +068 -031 -087 -065 -064 +001 +003 +005 -045 +005 -008 -024 -100 +003 -060 -047 +016 +077 -022 -053 -073 -085 -005 -014 +032 +001 +080 -072 +063 +023 -061 +025 +003 +077 -016 +086 +024 +012 -065 -016 +058 -053 -084 -007 +000 -061 +043 +076 -001 +023 +061 +016 +060 -053 -078 +004 -077 +087 +075 +026 -076 -061 -044 +082 -026 +060 +024 -012 +066 -083 +081 -087 -002 +047 +084 -030 +020 -011 -047
+024 -003 +052 -074 +071 +030 -072 -013 -084 -100 -074 +013 +004 +057 -085 +087 +012 +056 -004 +021 -062 +030 +011 -037 +082 +022 +080 +021 +016 -054 -044 +015 +050 -007 +046 +076 +048 -017 -083 +070 -071 -035 -066 -014 +055 +086 +057 +011 +008 +012 -078 -018 -086 +007 +073 +076 +045 +083 -036 -074 +016 +038 +008 +045 +026 +011 +054 -063 -085 +010 -038 -055 +037 +034 -056 +012 -031 -004 -100 +067 -058 +022 +058 -014 +067 -083 +071 -084 +073 -077 -083 +040 -018 -007
+026 -078 +003 +057 +044 -048 +045 -073 +067 -002 -067 +070 +081 -003 +014 -078 -052 -013 -075 +043 -061 -054 +056 -071 +083 -068 +044 -036 -027 +087 +024 -050 +072 -064 -081 -032 +065 -003 -031 +036 +031 +017 -010 -002 -074 +046 +045 -057 -076 +077 -076 -057 -001 +022 -014 +034 +050 +011 +006 -043 +004 -070 -056 -068 +060 +085 +046 -058 +055 -061 +030 +087 +086 -085 +074 -063 +080 -013 -075 -035 +042 -034 +022 -016 -081 -008 -055 -038 -006 -031 -035 +045 +081 -016
+044 -075 -045 +068 +028 -036 -010 -083 -063 +064 -021 +026 -044 -027 -054 -073 -065 -033 +005 -002 +022 +023 +056 -074 -075 -001 -077 +087 -070 -081 -075 -073 -065 -025 -020 +048 +003 +080 -034 -021 -008 -031 +015 +083 -000 -060 -077 -070 +065 +010 -020 +062 +054 +041 -060 -032 +081 +077 +071 -062 -040 +058 +010 -033 -081 -047 -012 +065 -071 +021 -031 -074 +087 -041 -003 -026 +050 -025 +013 +057 -032 +085 +086 -071 +022 -002 +000 +015 +052 +034 -020 +068 -016 -061
-086 +058 +001 +043 -005 -026 +033 -050 -025 -057 +016 +044 +012 +081 +052 -031 +043 +010 +080 +081 +077 +086 +084 -021 -086 -000 -087 -015 +010 +081 -036 -024 -011 +038 +000 +050 +025 +070 -018 +073 -056 +028 -071 -052 +016 -028 -063 -012 -100 +046 -042 -043 -030 +017 -047 -038 +031 +047 -086 +003 +003 +038 -027 +054 +036 +066 -033 -002 -017 -044 -005 +013 +032 -027 +035 -031 +032 -065 +034 +012 -062 -038 -064 +087 +080 +083 +030 +082 -043 +027 -056 +073 +054 -024
+053 -072 +070 -037 -037 +062 +010 +041 +087 -014 +018 -013 +002 -026 -011 -045 +001 -062 +026 -081 -018 -041 +043 -066 +026 +006 -060 +025 -061 +031 +078 -084 -100 -064 +037 -022 -043 +007 +082 -012 -088 +073 +082 -028 +064 +016 -080 -007 +008 -017 +011 +041 -021 +053 +052 +043 -024 +024 -071 -043 -074 +061 +080 +013 +054 +065 +085 -074 +025 -026 +068 +005 -033 -000 +060 +024 +022 -083 +085 -068 -030 +003 -014 -011 -083 +007 +088 +006 +021 +040 +063 +057 +012 +048
+001 -048 -026 -064 -073 +001 +068 -071 +045 +058 +048 +031 -031 +043 +081 +016 -085 +065 +081 -083 -073 -042 +031 +065 -006 +024 +011 +081 +016 -003 -072 -054 +025 -064 +046 -063 +005 -078 +003 +066 -007 +017 +045 -058 -015 -008 +070 -085 +040 +083 +071 +081 -027 +012 +000 +030 +075 -014 -086 +005 -003 +000 -038 -076 -005 +041 +012 -030 +034 +024 -033 +041 +002 -082 +020 -085 -040 -006 -013 +055 -083 -057 -077 +044 -066 -016 +041 -060 -006 +066 -024 +084 +083 -088
+063 +053 +034 -070 -020 -058 +012 +050 +042 +020 -036 +038 +013 +024 +003 +085 -033 -045 +075 +078 +016 +003 +081 +035 +056 -030 +088 +084 +050 -043 +031 -054 +018 +044 -054 -014 +054 +007 +031 -076 +080 -004 +016 +071 +051 -063 -037 -041 -072 -067 +086 -044 +067 -041 +087 +072 +015 +005 -068 -071 -052 +077 +016 -018 -002 -020 -038 +081 -072 -025 +053 +027 +082 -041 +085 +057 +074 +080 +002 +050 +034 -005 +038 +018 -056 -084 +006 +023 +084 -070 -031 +023 -028 -032
-034 +005 -026 -040 -025 -034 -016 -005 -071 +055 +007 +074 +070 +011 -053 +046 -052 +050 -053 +084 +014 +013 -016 -015 +100 +042 +061 -083 -031 -015 -013 -083 -042 -086 -075 +046 -035 -085 -020 +068 +061 -043 -002 +014 +044 +001 +010 -085 +083 +081 +087 +087 +043 -002 -011 -017 +070 +014 -077 +046 -047 +015 -030 -034 +038 +004 +057 +018 +085 +087 -021 +044 -057 -063 -052 -086 -065 +003 -040 +038 +076 +034 -028 -080 +003 +060 +081 -000 +045 +088 -088 +025 -082 +024
-038 -013 -045 +013 -087 +011 +037 -033 +047 -075 +030 +034 -082 -040 +076 +018 +045 -080 -013 -034 +042 +000 +065 +078 -021 +081 -010 +074 -003 +067 +071 -034 -015 -020 -084 -025 -082 -083 +046 +028 +053 +065 -063 -056 -013 -050 -001 +070 +061 +033 -087 +074 -070 -061 +084 -064 +013 +032 +010 -060 -074 -005 -036 +080 +001 -024 -062 -052 -013 +041 +015 -081 +070 +027 -086 +054 -017 +013 -000 +047 +062 +076 +076 +013 +080 -000 -040 -026 +068 +075 +043 +073 -016 -071
+070 +051 +032 +070 +060 -044 +083 -054 -064 +022 +053 -033 +020 -074 +026 -056 -002 -032 +030 -015 -054 -051 -076 +001 -028 +003 -021 +043 -057 -018 +037 -041 +004 +030 -085 -051 +018 -031 -074 +080 +028 +074 +027 +028 -041 +076 +063 -065 +046 -053 +100 -077 +003 -040 +074 +058 +007 +078 -016 +086 +068 +040 -030 -036 +061 +002 -061 -005 +034 +027 -073 -028 +026 +082 -075 -015 +044 +014 +066 -078 -060 -006 +075 +057 +027 +043 -031 -040 +060 -084 +054 -088 -022 -066
-057 -100 +086 -001 +067 +080 -034 -077 -034 -048 +041 -082 -056 -062 -060 +022 -075 -060 +068 +083 +003 +036 -047 -024 -040 +088 +015 -018 -061 +000 -022 +064 +061 -085 +000 -031 +080 +028 -052 +022 -068 -025 -072 +070 -066 -026 -025 +004 +036 -025 -067 -065 +081 -030 +073 -065 -061 +058 +033 +037 -060 +067 +062 -033 +057 -088 -000 +061 -051 -060 +033 +014 +034 -052 -024 -006 -014 +005 +083 -088 -041 -030 -083 -066 -005 +037 -012 -047 -088 -012 +067 +012 +040 +037
-042 +017 -040 -015 -087 -017 -005 -004 -082 +007 -074 +028 +068 -077 +058 -025 +001 +047 -021 +024 +058 +031 +077 -030 +001 +012 -083 -011 -084 +080 +006 -021 +010 +052 -004 +000 +056 +004 +057 -005 -011 +054 +064 -036 +027 +040 +057 +065 -087 -023 +000 -021 +052 -000 +073 -012 +080 -060 -044 +085 -014 -068 +013 -032 -031 -087 +082 -086 -021 +057 -006 -082 +000 +086 -077 -064 -006 -013 +082 -100 -065 -013 -025 -013 +005 -065 -085 -021 -076 +086 -070 +048 -005 +004
+008 -042 +012 -077 +083 -054 +075 -075 +017 +075 +016 +016 -031 -066 -032 +001 -008 +087 +017 +072 -028 -056 +008 -047 +004 -068 +007 -028 +063 -003 -040 +038 -004 +036 +052 -026 +007 -080 +083 +050 +005 +084 +025 -003 -007 +086 +055 -071 -018 +061 -087 +046 +074 +014 +086 -026 +064 +073 +024 -056 -083 +007 -016 +011 -067 -024 +064 +063 +075 +068 +057 +006 -066 -008 -007 -026 -058 +072 -033 +051 -082 -070 +077 -078 -073 -003 +001 +005 +038 -058 +041 +043 +040 -063
+074 +037 +084 -042 -100 -010 +085 +050 +077 -038 -028 -054 -016 +100 -064 +024 +027 -014 -027 -061 -020 -034 +020 -004 +021 +081 -100 +016 -014 -062 +086 +088 +022 +075 +075 +076 +040 -062 -013 +020 +042 +000 +025 +060 +011 -057 +004 -060 +088 -048 -044 +021 -043 +007 +080 -063 +063 +018 +045 +004 -042 +025 -008 +026 -020 -063 -050 -023 +054 -068 -066 -037 -016 -016 +006 -002 -004 -006 -085 -040 -084 +048 -044 -013 +060 -055 +014 -066 -015 -033 +085 -057 +010 +007
+062 -023 -031 +064 +043 -020 -082 -080 +046 +076 -061 +053 +010 -032 -083 -027 -056 -063 -013 -085 +068 -047 -033 +035 -056 +002 +012 +088 -083 +073 -038 -085 -044 +044 -086 -075 +056 +071 +078 -066 -001 -054 +063 -014 -086 -074 +086 +073 -055 -048 +070 +070 +066 -065 -045 +070 +051 -007 -047 +012 -066 +043 +068 +045 +070 -035 -037 +032 +000 +064 +024 +034 +088 -052 +078 -012 +051 -073 -028 -005 -076 +031 -002 +051 +032 +061 -068 -064 +082 +040 -005 -056 +066 -053
+040 +038 +060 -051 -015 -074 +084 +004 +052 +028 +068 -070 -037 +011 -071 +037 -028 -084 -003 +025 +016 -061 -064 -078 +040 +023 -042 +064 +046 -031 -081 +017 -015 -004 +034 +028 +044 +068 +045 -065 +048 +033 +074 -037 -057 -072 -070 -035 +038 -064 -002 -053 +070 +015 -057 +038 +024 -026 -072 -083 -087 +088 -054 -086 +021 -072 -045 +071 +017 -068 +080 +007 +100 +026 +064 -042 +034 +070 -058 +070 -014 -001 -066 +081 +073 +003 +035 -002 +078 +055 +042 -064 +082 +008
-054 +036 +048 +050 +061 +043 -051 +026 -058 +078 +010 +087 -015 -013 -074 -000 -065 +075 -026 +041 -013 +032 +068 +036 -050 -023 +044 +027 +014 +083 -053 -078 +001 +012 +033 -086 -088 -046 -030 -100 -003 +072 +073 +016 +070 -000 +077 -024 -002 -075 -003 +071 -053 -083 +074 +018 -058 -071 -007 -075 -073 +036 -040 +023 +027 -050 -003 -075 -066 -078 +080 +051 +008 +006 -058 +014 -038 -001 +026 -015 -002 -010 +016 -022 +043 -084 +008 -078 -057 -084 +030 +053 +020 +062
+054 +083 +042 +073 +062 -020 +024 -078 +043 -021 +014 +000 +004 +050 -077 +075 +051 -087 +060 +034 -024 +075 +023 +000 +055 +044 -080 +082 -088 +015 +081 +078 -083 -044 -071 -054 -022 +011 -001 +005 +020 -004 -085 -022 +002 +040 -052 -086 -008 -088 -015 -063 +035 -076 -012 +047 +033 -052 +087 -083 -041 -060 +018 -073 +021 +026 -021 -022 +046 +082 -057 -083 -028 +004 -003 -050 -081 +015 -034 -012 +001 -041 +012 -076 +014 -041 +048 -074 +038 +065 -057 +061 -045 +028
+086 +007 +053 +042 +037 +080 +081 +001 +056 +016 +034 +075 -028 +051 -025 -040 -051 -014 -043 -071 +067 -083 +008 +085 +032 -063 -072 -023 +060 +063 -067 +035 -014 -057 -042 -014 -005 -016 +008 -063 -007 +043 +026 -061 -086 -050 -055 -043 +064 +040 -036 -020 -078 -073 -004 +054 +041 +008 -013 +031 -008 -085 +008 +066 +031 -003 -028 +033 -051 -082 -086 +023 +033 +014 -073 +008 +003 -026 +070 +050 +026 +064 -054 +005 +061 -088 -066 -030 -035 -001 -033 +064 +063 +075
-064 -017 -013 +008 +034 +041 +082 -046 -088 -041 -055 +046 -036 -008 +066 +078 +016 +015 -047 -087 +032 -001 +086 +004 +031 +033 -068 -065 +087 -016 +010 +051 +000 -073 -034 -017 -027 +003 -038 -080 -046 +081 -000 +088 +041 -062 -007 -016 +005 -076 +035 -062 +028 -016 -048 -025 +083 +037 -036 +008 -020 +001 -015 +041 +023 -045 -075 +026 -064 +007 -041 +078 -040 -088 +087 +061 +081 +078 +042 -002 +064 +064 +083 +083 -048 -060 -081 -086 -024 +086 +018 +020 -044 +031
+030 -003 -012 +010 +012 +011 +063 +027 +100 -072 -023 -040 -062 +044 +038 +043 +030 +071 -070 +023 +046 -048 -065 -052 +008 +045 -053 +015 -055 -027 -046 -041 -062 +068 -021 +041 -030 +005 -064 +058 -060 +083 +041 +080 +012 +088 +035 -056 -072 -066 +008 +008 +008 +007 -052 +068 +012 -065 +006 -077 +045 +053 -008 -064 +005 -066 -046 +042 -068 +050 +083 +033 +031 -060 -008 -052 -050 +058 +042 -035 +064 -062 -004 -045 +037 +000 +074 +068 +022 -006 +000 +002 -003 +067
+064 +002 -011 -031 -012 +081 +037 -041 +020 +001 +022 -035 +015 +048 -085 -021 -025 -083 +001 +032 +023 +064 +023 +043 +037 +031 -061 -078 +070 -062 +028 -045 -058 +028 +046 -000 -007 +006 +011 -004 +035 -063 +048 -024 +013 -080 +078 -067 -087 +083 +052 -056 -037 +011 -058 +080 +015 +077 +082 +034 -026 -003 +025 +018 +072 +026 -061 +077 +050 +023 -073 +036 +001 -030 +030 -031 -006 -060 -072 -021 +080 -052 +066 +051 +083 -053 -024 -054 +074 +033 +011 -016 +070 -011
+002 +025 +010 +062 -047 -004 +075 +016 +010 +023 +031 +030 +046 +062 +022 -063 +015 +051 +036 +024 +037 +057 +027 -046 -043 +087 -010 -084 -002 -065 -100 +031 -023 -004 +002 +012 -081 -017 +013 -013 +042 +074 -045 -003 +068 +056 -015 -023 +006 -075 -060 +006 -057 -008 +021 -034 +021 +037 +050 -064 +002 -067 -056 -016 -053 +076 -084 +005 +017 +025 -055 -047 -077 +056 +003 -020 +083 -081 +055 +080 +076 -081 -036 +033 +080 -008 -075 +036 -018 +018 -013 -082 -018 +050
+011 -082 -078 -007 +002 -030 -063 +002 -041 +002 +027 -051 +044 +015 +088 +058 +030 +033 +013 -025 +024 +081 -057 -068 -030 -054 +054 +077 -007 -068 +050 +032 +035 +086 +063 +014 +031 -067 +072 +081 +071 -025 -086 -007 +081 +045 -062 +026 +021 -074 +016 -082 -077 +022 -058 -007 -012 +048 -046 -023 +080 +061 -042 -002 -058 -020 -004 +022 -048 +040 -076 +037 +066 +046 +014 -001 -003 -072 +015 +042 -050 +030 +015 -072 +055 +071 -078 +003 -003 -031 +042 -050 -020 -061
+054 +036 -031 +054 +057 -050 -008 -074 +053 +087 +060 -061 -040 -031 +083 +014 -075 -064 -013 +005 +034 -036 +040 +016 -017 -017 -072 +007 -021 +043 +088 -057 -044 +006 -075 +035 -073 +052 +082 +054 +017 -058 +031 -014 +058 -040 +013 +064 -025 +035 +064 -087 -072 -022 +024 -056 -045 +035 -020 +038 +058 -017 +033 +078 +040 +017 +033 +034 -028 -063 +051 -084 -031 +044 -038 -087 +058 +081 -044 +084 +010 +036 -067 -054 -080 -035 +087 -056 -054 +078 +033 +048 -083 -082
+006 +015 -084 +014 +052 +010 -047 -002 -048 +074 -006 -068 +022 -063 +062 -056 +018 -078 +007 +026 +064 +073 -074 +064 -007 -047 -042 +076 +002 +057 +034 +018 +061 -008 -052 -031 +053 +040 +056 +036 -080 -016 +064 +017 -044 -076 -003 -033 -040 +054 -072 +076 +060 -042 -024 -003 -043 +018 -036 +070 -012 +015 -011 -018 +014 +082 -020 -047 -005 +028 +001 +031 +065 -003 -032 +067 -027 +042 -034 +007 +065 -086 -022 -048 -066 +051 +088 -080 +014 +020 +014 -055 +062 -040
+100 +022 -077 +040 +045 +004 -068 +038 -010 +043 -012 +006 -004 +040 -080 +002 +011 -075 -020 +000 -027 -065 -043 -022 +013 -060 -056 +043 -086 -073 +070 -021 -063 +083 +012 -035 +082 +077 -045 +024 +037 +040 +026 -005 -018 +018 -003 -012 +044 +050 +058 -025 -073 +066 +076 -038 -057 -031 +038 -005 +086 +063 +035 -026 -057 +077 +068 -085 -057 -052 +037 +016 -034 -088 -035 +062 -050 +038 +036 +052 +088 -015 +012 -035 +046 +085 +030 -018 +000 -048 +053 +016 +073 -034
-064 -007 -017 -043 -018 +060 +034 -034 +077 +087 -007 +063 +085 -065 -000 +081 -046 +033 -052 -052 +064 +072 -027 -088 +013 +002 +053 +010 +078 -075 +067 +034 +054 +043 -088 -060 +022 +057 -062 -081 -004 -074 +004 -024 -054 +028 +057 +054 -075 -043 +034 +005 +076 +027 +085 -012 -006 +054 +076 +066 -034 +084 +085 +030 -074 +002 -056 -062 -087 -047 -001 -022 +028 -042 +070 -042 -014 +043 +023 +022 +082 -081 -016 -045 +006 -083 +018 -054 +012 -010 +032 -027 +012 -080
-051 -081 +081 -087 -000 -072 +026 +001 -025 -008 +046 -061 +037 -050 -037 +051 +075 +055 -010 -026 +055 +021 -013 -016 +056 +058 +047 +056 -061 -036 +014 -001 +033 -018 -056 -031 -058 -088 +080 -016 -064 +085 -054 +020 -067 -015 +008 -011 -057 -032 -040 -056 +010 -061 +004 +071 +011 -035 +087 -002 -028 -018 +001 -085 -061 -000 -018 -021 +063 -027 -040 +044 -041 +002 +001 +021 +028 -063 +072 -020 -024 +010 +051 -047 +077 +014 -036 -085 -018 -042 +068 +042 +012 -082
+052 +034 +052 +071 -032 +066 +048 +014 -056 +036 -080 -034 +016 +036 +016 +062 +003 -031 +060 -040 -014 +074 +060 +022 -070 -068 +064 +052 -076 +073 +072 +050 -071 +074 -085 +002 -035 +088 +084 -072 -003 +005 +056 +046 -075 -054 -024 -057 -083 -047 -031 +078 -043 +050 -015 +034 +040 +027 +065 +003 +012 -026 +084 -072 +062 -058 -011 +030 -052 -067 +005 -087 +045 +048 -023 +033 -076 -084 -080 -005 +023 +084 -028 -043 -070 +034 +051 -013 +001 -066 +006 -022 +007 -041
-027 -044 +044 -001 +007 -030 -001 +052 -038 -057 +100 +007 +006 +065 -065 -048 -053 +086 -067 -074 +027 -068 -073 +030 -046 -012 +085 -076 -028 +088 +024 +023 +014 +071 +064 +062 -067 -043 +064 +008 +038 -088 +015 -047 +038 +085 -013 -058 -056 +005 -081 -021 +043 -001 -001 +045 +007 +071 -044 +044 -036 -063 +026 -044 -015 -016 +073 -072 -051 +080 -041 +028 -053 -066 +044 +080 -014 -060 -011 +031 -020 +086 +011 -070 -036 -080 +057 -008 +001 -038 +033 -021 -065 +074
+081 +017 -038 -027 +046 +026 +020 +038 +041 -014 -054 +048 -078 -060 -040 -055 -040 -045 -041 -056 +053 -083 +011 +026 +036 -008 -054 +068 -082 -037 -024 +035 -075 +057 -078 -084 +007 +034 -026 +063 -082 +084 -024 -068 +015 +074 -067 -021 -058 +045 +016 +006 -081 -100 -025 -012 +043 +056 -100 -000 -067 +064 +056 +008 +006 +020 +071 -035 +001 +004 +004 +010 +038 +055 -041 -047 -074 +035 -031 +084 -040 -077 +000 -015 +066 +027 -035 -000 -014 +000 +021 -011 -055 -067
-057 +073 +070 +075 -037 -004 +085 -086 -012 -048 -080 -034 -014 +068 +054 +062 -027 -015 +081 -002 -008 -056 +058 -022 -022 +042 -004 -087 +088 +035 +066 -056 +068 +052 -043 +064 -006 +061 -051 -088 -025 -045 -070 -084 -046 +008 -003 +028 -013 -076 -085 +026 +046 +072 +086 -030 -064 +052 -074 +061 +050 -051 +035 +084 -023 +077 -036 +037 -036 +057 -026 +062 -028 -081 -040 -028 -036 +018 -053 -012 -100 -044 -037 -010 +062 +058 -050 -070 +076 -030 -014 +070 +022 -065
+022 -027 +067 +021 +032 -000 -070 -084 -060 -066 -043 -075 +088 +046 -002 -008 -016 -047 -070 +065 +085 -041 -074 -085 -020 +086 -086 +064 +084 +051 +011 -000 +000 +026 -038 -001 -087 +012 -042 -064 -074 +060 +051 -013 -070 -008 -044 +018 +076 +023 +027 +033 +008 +067 -050 -056 +082 +080 -070 +058 +053 -082 +074 +083 -005 +027 +037 -028 -077 -037 +011 -047 -023 +034 +075 -011 -060 +008 +071 +041 +036 -047 +010 -070 -062 +006 -087 -023 -043 -076 -046 +052 +023 +100
+074 +033 -011 +040 +020 +050 -060 +065 +082 -070 +066 +028 -004 +085 -024 -038 -040 -023 -066 -008 +060 +004 +020 -073 -003 +020 +068 +046 +078 -026 +044 -081 -036 -064 -033 +035 +081 -072 +070 +044 +076 -085 -070 +051 -045 -022 +047 +068 +044 +053 +083 -063 +031 -046 +058 +022 +057 +081 -076 +042 +088 +053 +041 +005 +013 +008 +055 -058 -034 +008 -045 -073 -077 +077 +083 -002 -043 +055 -080 +076 +015 +066 -033 +043 -080 -044 +021 +050 -084 -003 +053 -001 -058 -061
+006 -085 -045 -062 +040 +014 +100 -052 +016 -005 +038 +011 +015 -000 +068 -021 +023 +070 +011 -050 +024 +001 -016 +053 -015 +058 -044 +077 +047 -012 +030 -056 +016 -044 -068 +012 +053 +086 -052 +041 +083 -053 -080 -037 -058 -055 +032 -075 -064 -012 -027 +045 -060 -082 -082 -004 +006 -028 +032 +087 +085 +037 +080 +026 -060 +076 +088 +025 -081 +012 +040 +054 -032 -012 -047 +074 -064 -086 -011 +100 +075 +077 +030 -026 -044 -071 +043 +067 +032 +052 +008 -040 -028 +027
+024 +056 +020 +007 +047 -056 -065 +048 +036 -067 +088 +056 -037 -078 +044 +078 -038 -070 -074 -003 +033 -061 +001 -047 -057 +051 +043 -074 +061 -033 -054 +017 +015 -056 -051 +062 +001 -014 -055 +056 -024 +067 -060 -031 +044 -013 +006 -033 -073 -022 +008 -073 -040 +035 -062 +027 +060 -086 +078 +013 -054 -088 -033 -015 +075 -055 -044 +083 -054 +072 +008 +078 +065 +082 +051 +012 +004 +035 -053 -073 -064 -065 -032 -022 -040 +067 -002 -007 +046 -078 +038 -014 +064 -043
+045 +044 -077 -035 +075 -080 +085 +024 +067 +018 -086 +041 +053 -044 +074 -068 +011 -021 +010 -016 +055 -040 +030 +088 +028 -014 -022 +042 -030 -027 -066 +013 -011 +020 -074 -023 -066 -008 -084 -017 +042 -084 +007 -051 -012 +071 -024 -051 +018 +068 +024 +057 +024 -007 +061 +030 -002 +074 -010 -075 -010 +081 +025 -003 +007 +088 +048 -062 +047 +054 -015 -048 +044 +071 -100 -054 -055 -043 +023 -078 -033 -024 +082 +032 -088 -044 -076 -076 -078 -027 +068 +050 +012 +065
+074 -005 -027 +042 -002 +023 -044 -088 -066 -046 +044 -008 -047 +100 -075 +073 +010 +081 -062 -052 -053 +045 -042 +040 -085 +008 -044 -037 +047 +066 +052 -007 +066 +034 -085 +080 +053 +013 +014 +008 +016 -034 -032 +040 +078 +080 +041 +085 +050 -068 +047 +078 -026 +088 -014 -037 +058 -040 -100 +033 -082 -013 -002 -050 +024 -020 +038 +066 -044 -016 +021 +078 +060 +047 -067 +071 +053 +066 +000 +007 -064 +048 -081 +016 -085 -005 +010 +038 +030 +037 +012 -031 +042 -012
-051 -058 -088 -042 +055 +080 +061 -077 -073 +051 -052 -050 -021 +018 +027 -080 -064 -032 +000 -075 -007 -001 -082 +015 -047 +085 -018 +028 -072 +055 -082 +070 +030 +070 -026 +034 -068 +002 +036 -081 -060 +052 +065 +071 +053 -003 +081 +086 -033 +026 +020 -067 +052 +023 +010 -027 +100 +033 -074 -054 +055 -008 +083 -003 +046 -086 +005 +085 +022 -000 -078 -065 +072 -034 -023 +028 +074 -057 -043 -042 -060 +060 -078 -081 -004 -045 +010 -086 -015 +007 +075 +087 -078 +062
+005 +008 +058 +043 -000 -038 +071 +072 +087 +066 -000 +082 -068 +071 -013 -016 -037 -037 -083 -005 +087 -065 +077 -076 -018 -024 +018 -081 -025 +018 +026 -037 +074 -037 +054 +052 +075 -066 +066 +077 +023 +015 -066 -060 -024 -086 +043 -040 -026 +013 +057 +062 +030 +052 -027 +085 -038 -032 +076 -015 +032 +026 -045 -011 -034 -034 +011 -080 +040 -016 -053 -084 -082 -002 +008 +046 -036 -064 +040 +003 +048 -082 -068 -000 +031 -047 -026 -082 +041 +053 -021 +050 -038 +007
-000 +086 -023 +027 +044 +000 -013 -038 +083 +017 +043 +036 -057 -065 -075 +041 -053 -046 +038 -006 +023 -046 -060 -061 +012 +003 +071 +035 -085 +061 -013 +100 +065 -024 -062 +042 -032 +004 +058 +058 -072 -067 -043 +060 +027 -002 +016 -074 -073 +082 +053 -010 +004 +081 -037 -048 -080 -100 -076 +008 -088 -033 +008 -021 -082 +010 +038 +100 +017 -065 -075 -054 -082 +086 -100 +044 +036 +002 +085 +043 -084 -046 -075 +050 -087 +058 -082 -023 +021 -024 -001 +024 +041 -060
-074 -011 +032 -066 +024 +044 -067 -042 +043 -036 +066 -081 -051 -037 +077 -013 -055 +048 +010 +050 +001 +011 +050 -006 -073 -062 -077 -073 +025 +043 +001 -057 +041 +061 -044 -083 +018 +065 -044 +078 -072 +054 +060 -045 +015 +025 +007 +075 -055 -021 +008 -074 +046 +067 +004 -075 +083 +031 +014 +008 +032 -017 -061 -015 -020 +004 -021 -062 +020 +023 -047 -033 +055 -025 +082 +013 -003 -041 +058 +078 -064 +046 -031 +073 +076 -072 -063 -052 +032 -025 +065 -084 -044 +052
+000 +063 +068 -058 -022 +028 +084 -012 +018 +056 +071 +073 -007 +010 -067 +085 -071 +033 -068 -003 +077 +026 -027 +002 -035 -077 +012 +038 -071 +041 +026 +070 +041 -020 -003 +004 +100 +050 +072 +005 -053 -042 -013 +072 -051 -041 +032 +073 +023 -084 -020 +047 -071 +002 +023 -047 +034 +012 -042 -068 +054 +066 +056 +048 +047 +054 +087 +085 -072 -012 -014 -006 +023 +066 -006 +006 +085 -047 +014 -030 +084 +045 +024 +070 -067 +060 -075 -028 +031 -047 -066 -013 +035 +070
-015 +064 -081 -073 -084 +037 +076 -065 +057 -073 +055 -053 +072 -008 -085 +043 -017 -067 +083 +054 +044 -042 +012 +063 -065 -033 +070 -011 -015 -015 +020 -076 -052 +006 -085 -100 -021 -018 -057 -007 -011 -055 +001 -086 -071 -057 -062 +034 -072 -053 -083 -057 -042 +061 +011 -002 -017 -004 -038 -087 +053 +032 +034 +071 +006 -077 -022 -001 +055 +008 +021 +040 +032 -032 -065 +054 +041 +002 -042 +076 +002 +033 +020 +035 +028 +032 +015 +058 +075 +012 +033 +034 -056 +008
-001 -045 +063 +068 +057 +088 -035 +083 +078 +051 -011 +085 -034 +053 -048 +033 -081 -062 +055 +075 +061 +022 +016 -084 +047 +048 +011 +076 -084 +031 -034 -042 +006 +055 -025 -087 -035 -006 -051 +011 -052 +071 -061 +065 -030 -051 -062 -068 +070 -045 +021 +028 +005 +063 -033 +020 -050 -037 -033 -043 -084 -005 -053 -005 +053 +057 +086 -064 +086 +046 -067 -074 -011 -077 -064 -004 +076 -070 -004 -017 +033 +058 -043 +053 +053 -031 -034 -074 +051 -041 +028 +027 -036 -076
+041 +000 +015 -085 -021 -064 +057 +073 -060 +036 +072 -006 +042 -068 +002 +057 -082 +100 +036 +071 +042 -080 -085 +033 -000 +067 -050 -044 +008 -060 +076 -068 -086 -075 +074 -012 +081 +014 -008 +006 +077 -076 -083 +047 +051 -077 +057 -073 +086 +084 +015 +003 -045 +080 -024 -048 +011 -027 +041 +034 +035 -081 +038 +085 -037 +013 -035 -044 -057 -052 -036 +070 -081 +030 +054 +040 -021 +068 -000 +055 -034 -064 -062 -042 +017 -027 -072 -033 +014 -057 -020 +056 +045 -076
+053 +028 +083 +034 -045 +061 +018 -088 -002 -063 -005 +084 +054 +033 +052 -062 -037 -047 -053 +025 +017 +014 -066 +023 +063 +001 +055 -025 +023 +011 -037 +073 +024 -032 -048 +056 +047 +013 +012 +056 -007 +063 -012 -064 -068 -056 +084 +044 -002 +057 +054 +070 -003 +083 +027 +046 -024 -065 -010 +066 -036 +002 -000 +022 -054 +020 -041 -068 +088 +066 +004 +040 +060 -088 +063 +053 -074 -004 -088 +073 -045 -063 -073 +003 -057 +015 -020 +021 -076 -032 -061 -085 -024 +004
-082 -001 -067 -060 +052 -084 +060 -036 -043 +085 +063 +082 +024 +048 -002 -023 -076 -014 -006 +068 +086 +051 -005 +100 -072 -087 -074 -056 -037 -044 -045 +041 +062 -054 -051 -031 -054 -030 +077 -083 +005 -005 +025 +024 -017 -082 +084 -017 -022 +052 +035 -066 -005 +088 +015 +002 +023 -025 -054 -051 +006 -016 -060 -064 -046 -055 +038 -027 +011 +040 -048 +031 +078 -033 +014 +061 -037 +025 +044 -038 +011 -004 +041 -048 -047 -054 -070 -048 +003 -020 -034 +057 -080 +052
-053 -007 -081 -011 +012 +066 -083 +074 -011 +050 +054 +087 +060 -043 -032 +020 -071 -081 +085 +075 +084 +041 +005 +020 -027 +042 -023 -037 -082 -081 +046 -044 -087 -053 -076 -031 +030 -073 -063 -032 -080 -082 +004 -071 -002 -028 +008 -043 -021 +028 +051 -034 +084 +068 -067 -010 +061 +076 -001 -034 -073 -085 -083 -010 -045 +032 -003 -084 +004 +088 +007 +038 +058 -056 -004 -088 +037 -080 -088 +060 +062 +070 +017 -088 -063 -075 -014 -005 +064 +004 -048 -004 -046 -082
-028 +060 -100 -064 +017 -078 -065 -067 +088 +001 +062 +051 -086 +086 +013 +015 -017 +011 -006 -015 -028 +008 +038 +032 +022 +024 +082 -078 -017 +018 -002 +041 +006 -060 +016 +038 +072 -070 -046 +076 -055 +042 -055 -066 +085 +025 -086 -005 -035 +058 -008 +026 +072 -070 +074 -088 -070 -082 +036 +036 -050 -001 -085 +045 -003 +016 -055 -007 +065 -086 -046 +080 -018 -042 -031 -023 +008 -030 +077 +044 -085 -044 +027 +045 +064 -080 -046 -088 -088 -041 +047 -008 +076 +034
-057 +032 -000 -064 -058 +015 +066 +060 -042 -035 -051 +040 +037 +074 +082 -036 +087 +030 -038 -028 -055 +003 -010 -032 +002 -003 -001 -060 -020 +003 -018 +042 -014 -088 -037 +027 +082 +058 -074 +033 -052 -052 -046 +024 -022 -035 +080 -062 +062 -001 +074 +038 +035 +016 +050 -013 -045 +035 +048 +027 -055 -034 -080 -040 -048 -045 -018 +051 -038 -055 +005 -064 +001 +004 +088 -072 +028 -026 +070 +045 +004 -057 +062 +024 -083 +031 -038 -077 -035 -028 -020 +012 +027 +053
-017 -086 +072 +040 +034 -072 +047 -078 +056 -022 -080 +083 -002 +026 -034 +068 -062 -008 +057 -052 -066 -028 -075 -014 +057 -084 +002 +045 +058 -038 +011 -050 -042 +051 -053 -048 -061 +000 -061 -012 -073 -051 +040 -077 -064 +046 +058 -014 +047 +070 +020 +000 -086 -062 +010 +061 -001 +057 +045 +042 +074 +073 -050 -042 -014 -005 +063 -071 +053 +024 +037 -068 -035 -082 +025 +037 -066 +056 +076 +014 +005 +086 +071 +018 +056 +018 +068 +078 +035 +063 +002 -080 +052 -046
-060 -002 +041 +088 +057 +054 +020 -005 -055 -085 +031 -031 -018 -084 +081 +087 +003 +086 +011 +052 +034 +030 +020 +048 -085 +025 +021 +017 +032 -024 +064 -038 -042 +004 +052 +037 +084 -031 +067 -000 -014 +071 +023 -003 +068 +007 -076 -077 -046 +010 -004 -060 -063 -086 +037 +038 -066 +005 -088 +043 -012 -071 +041 -086 +053 +053 +004 -045 +066 +004 -062 -044 +087 -044 -024 +044 +041 +062 -072 +020 -011 -075 -037 +055 +040 +022 -100 -088 -024 -055 +032 +014 -035 +083
-018 -000 -002 +100 -080 -033 +075 -018 -000 +005 +073 -081 +005 +082 -026 +021 +040 -045 +022 +011 +070 -074 -007 -062 +052 -031 +085 +077 +046 -081 +038 +031 +028 +046 +051 +062 -062 +055 -006 +001 +082 +062 +051 +002 -036 -006 -050 +053 +054 +013 +024 +030 +014 +011 +044 -080 +014 -080 -030 +084 -021 +042 +078 +016 +012 +048 +035 +001 +061 +038 +088 -060 +008 +024 +084 -067 -071 -078 +005 -076 -027 -055 -003 -066 -052 +011 -021 +030 -025 -067 +056 +030 +008 +020
-042 +065 +038 -047 +007 -002 -050 -025 +034 +030 +074 -040 +082 +076 -001 +010 +003 +031 +081 +003 -046 +080 +016 -071 +057 -026 +088 -066 +038 +040 -033 +031 -086 +058 -073 -033 -014 -005 +044 -078 -034 -008 -005 +051 -025 +012 -026 +077 -081 -026 +070 -023 +074 +076 +087 -066 +075 -010 -068 +050 -061 +012 -060 +013 -058 +056 +030 -026 +018 +040 -078 +056 -002 +043 +055 -037 +012 +063 +062 -032 +021 +084 +054 +086 -000 -014 +075 -031 +063 +055 -050 -024 -032 -082
+026 +013 -075 +053 +062 +038 +035 -032 +063 +005 -007 +085 +043 +100 +026 +077 -025 -024 +043 -064 -015 -071 -017 -030 -065 +078 +043 -032 +064 +072 -030 -026 -026 +028 -076 -081 -045 +073 +001 -023 -052 -057 -034 +052 +040 -042 +034 +025 +048 -011 -084 -034 +067 +081 -051 -007 -035 -054 +044 +087 +025 +088 +074 +048 +037 +067 -001 +038 -035 -082 +066 -008 -022 -058 +035 +086 -052 +044 +028 -063 -007 -085 -003 -086 +002 -052 +058 -010 -028 -041 +043 -071 -017 +036
+056 -044 -026 -077 +052 -001 +071 +038 -047 -086 +002 -057 +010 -072 -033 -087 +051 -004 -068 -061 -038 +018 -065 -023 +027 +081 +073 +053 -088 +067 +061 +086 -050 -072 -034 -060 +023 +056 +060 -083 -072 -015 +083 +064 -048 +007 -064 -083 +074 +020 +071 +025 +054 +043 +080 +075 -085 -031 -081 -020 +086 -012 -048 -062 +006 -041 +004 +050 +082 -070 +080 -053 -053 +081 -006 -003 +058 -043 +081 +072 -033 +032 -011 +072 -084 -043 -081 +066 -040 +005 +058 +072 +037 -077
+075 -034 +015 -038 -026 +041 +047 +072 +003 -033 -032 +016 +014 -043 -078 -036 -001 -042 -075 -070 -036 +027 -030 -086 -057 +017 +028 +067 +017 -021 -053 -034 -048 +015 +043 +020 +053 -005 -055 +020 +004 -048 -027 -032 -026 +082 -054 -025 +020 -075 +000 +051 +037 +062 -063 +036 -033 +021 -021 -048 +067 +044 +051 +068 +027 -043 +046 -018 +026 -047 -041 +018 -074 +012 -023 +004 +082 -023 +044 -076 +053 -064 -028 -042 -053 +047 +068 -032 -016 -085 +041 +038 -038 -027
+076 +058 +045 +014 -053 +078 +081 +032 +048 -018 -054 +044 -030 +021 -000 +011 -043 -063 -062 +038 +046 +014 +028 -023 -024 -028 -066 +010 -100 -082 +023 -021 +087 +084 +038 +066 -002 -008 +011 -022 -071 +086 +000 -056 -076 +026 -022 -074 +035 +050 -045 -031 -068 -066 -006 -087 -050 -048 +076 -068 +033 -037 -071 -014 +086 -051 -003 -077 -078 +080 -064 -067 -023 +047 +053 +073 -083 +005 +075 +003 +000 -013 -056 -051 +074 -055 -053 +033 -022 -021 -075 +033 -018 +016
-036 +074 +077 +047 -082 +062 -018 +032 +086 +064 +002 +054 -084 -063 -067 +041 -031 +037 -073 -063 +083 -053 -001 +044 +005 -083 +046 +008 +056 +051 +075 -042 -034 +000 +002 +087 -044 +037 -051 -020 +084 -076 +045 +042 -026 -045 +060 +067 +073 +035 -047 -086 +021 +026 +076 +042 -072 -071 +062 +086 -051 -005 +067 -081 -044 -083 -054 -004 +053 -046 +041 -021 -067 +006 -085 -048 +048 -006 +042 -087 -075 +007 -010 -036 +065 +024 +037 -072 -045 -072 +030 +035 +048 +054
+088 +077 -002 -067 +010 +073 -010 +057 -074 -053 -055 +032 +003 -076 -028 -045 -002 -015 -056 -077 +026 +027 -084 -003 +067 +036 +078 +066 +016 +023 -088 -016 +065 -030 +010 +075 -070 -017 -081 +077 +022 -046 +085 +027 -010 -033 +070 -045 +037 -028 +032 +085 -008 -013 +058 -021 -035 -055 +036 -082 +000 +081 -065 +078 -041 -087 +072 +056 -100 +056 +043 +041 -007 -045 -006 -073 -012 -016 +075 +030 -053 +077 -067 +024 +043 +023 -010 +032 +056 -034 -057 -017 -073 -070
+018 +012 -046 +065 -000 -051 +073 -055 -056 +074 +030 +067 -084 -034 -061 -052 +008 -037 -014 -055 -014 +004 -006 -063 +006 -053 +045 -020 -033 -033 -061 +021 -051 +012 -025 -044 +068 -078 +082 -058 +022 +073 +000 +065 -012 -056 -072 -082 +068 -004 -067 +071 +086 -002 +037 +010 -046 +072 -012 +067 +055 -065 -048 +014 +053 -033 +054 -012 -076 -015 +016 -060 +002 +021 +037 +072 +024 -004 -081 -055 -013 -083 -041 -011 +001 -010 +070 +023 +041 -013 -003 -078 +068 +065
+023 +024 -016 +070 -005 -017 +047 +060 -070 +087 +027 +057 -055 +046 +016 +006 +025 -038 +074 -044 +058 -007 -078 +027 -074 +028 +008 -062 +000 -077 -034 +085 +084 -050 +005 -084 -086 -054 +068 -063 +083 -062 +025 -060 -063 +070 +072 -002 -036 -011 -021 +028 -048 -070 +064 +014 +044 +005 -012 -011 +073 +054 +010 -002 +022 -052 -066 +075 +046 -057 +017 -071 -017 -076 +082 +027 -084 -062 +007 -005 +061 +024 +058 -006 +056 +070 +047 -054 -052 +005 -033 +053 -071 +036
-037 -006 +033 -021 -016 +086 -026 +035 -016 +021 -023 +034 -073 -046 -066 -000 -071 +077 +030 +035 -008 -004 +026 -071 +066 -043 +005 +051 +055 -003 -052 +021 -056 +030 -001 -033 -056 -025 -007 -020 +025 +083 +020 +086 -074 -088 +016 -041 -044 -074 -010 -037 +068 +015 +051 +060 +070 +043 -073 +038 +067 -075 -052 +033 -058 -000 -025 -014 +087 +025 +047 -027 -057 +025 +012 -052 +072 -000 +045 -056 -032 -073 +088 +062 -012 -000 -022 +007 +081 -006 -017 +038 +002 +067
+068 -054 +002 +060 -058 -008 +047 +011 -075 +082 +086 -046 -050 -033 -026 -073 -053 -002 +010 -025 +085 +050 -017 +036 -058 -034 -014 -062 -023 -038 -075 +021 +066 -060 +100 +070 -074 -008 -075 -040 -052 +064 -027 +007 +085 -038 +028 +077 -051 +051 -027 -002 +058 +086 -052 -001 -054 +022 -034 -074 +081 +035 -058 -024 +037 +023 -066 -004 +046 +055 -040 -014 -012 -053 +043 +032 -035 -000 +035 -012 +012 -036 -085 +040 +076 +068 -047 -023 +023 +013 -088 +100 -053 +040
-004 +070 -053 -064 +084 +048 -041 +018 +061 -013 -036 -068 +085 -062 -081 -020 +057 +004 -003 -026 -020 -038 +012 -062 +080 -028 -072 +038 -083 -002 -068 -053 -073 -041 +011 -062 +055 -053 -032 +036 -052 +007 +038 +030 +016 +066 -050 -006 -065 +055 +078 +062 -085 -014 +044 -062 -081 +012 +078 -062 +084 -047 +026 -056 +055 -064 +032 +001 +016 -013 -021 +047 +037 +017 +063 +067 +055 +076 +057 +080 -080 +008 +085 -075 -083 +067 -020 -028 +011 -000 +026 +000 -060 +041
+004 +042 -034 +001 -043 -064 +013 -005 +050 -038 -016 -012 +035 -007 +018 -088 +054 +088 -057 +076 +018 -028 -001 +048 +030 -060 -050 +021 +063 -026 -022 -016 -032 -050 +058 -047 -050 +085 -081 -058 -010 -014 -036 -086 -012 +050 +002 +005 -038 +084 +041 -041 +013 -034 +041 +052 -018 -087 -061 +028 -044 -065 +078 -071 +036 +052 -052 +007 -064 -071 +043 -040 -067 +052 -068 -036 -017 -010 +063 -081 +026 +008 -014 +074 +058 +086 -016 +031 -045 -042 -074 +035 -046 +044
-036 -054 +077 +051 -073 +070 -083 -004 -011 -076 +013 -056 +062 -084 +076 +056 +027 -040 +055 -020 -088 -015 -000 +083 +021 -056 -000 -012 +047 +023 +032 +063 -078 +052 +035 +002 -022 -035 +037 -060 -014 +046 -047 +064 +070 -081 +002 -056 +064 +011 -014 -048 -052 +064 -006 +003 +056 -014 +003 +034 +046 +031 +100 +050 -012 +027 +051 +053 +070 -046 -071 -001 -058 -047 -051 -078 +033 +075 -023 -030 +078 -073 -013 -056 +010 -057 -057 +076 -086 -046 +026 +066 +006 +015
-056 +014 +080 +024 +074 -033 -063 -037 +067 +028 +030 -003 -016 +012 +077 -018 +006 +033 +004 +048 -003 -018 +088 +057 +005 +082 -016 +073 -045 -085 -075 +043 -042 +053 -054 +041 -028 +008 -087 +041 +060 +062 +030 -067 -078 +015 -077 +013 +088 +036 +066 +021 -007 -058 -042 -066 -066 -030 +020 +043 +042 +067 +081 +075 +073 -051 -017 +003 +022 +086 +007 +066 +014 -056 +007 -087 +008 +056 +005 -024 -073 -043 +005 +067 +014 +084 -068 -048 +032 +055 +023 -036 -072 +046
-012 -044 +057 +038 -005 -081 +054 -070 +057 +050 -060 +057 +035 -072 +011 +077 +053 -022 +016 -057 -088 -005 -000 +055 +081 -028 -063 -052 -033 -011 +011 +006 +088 -081 +023 +016 +014 +002 -028 -083 +077 +004 +051 +054 +076 +087 -031 -060 -072 +056 +060 +042 +052 -082 +082 +075 -075 +084 +065 -061 +070 -086 -065 -022 +030 -022 -070 +064 -082 -055 +080 +011 -032 +065 -084 +063 -003 +034 -080 -027 +025 -067 +033 +027 +073 -058 -034 -065 +006 +066 +067 +020 -007 +043
+086 -065 -016 +045 -011 -063 +046 +057 +034 +047 -023 -046 +025 -018 +014 -086 -082 +064 +068 +031 +100 -032 -067 +026 -002 +038 +048 -058 -088 -072 -023 +014 +100 -077 -066 +067 +061 -015 -040 -080 +086 -027 +057 -013 -045 -083 +053 +055 +064 -007 +065 -045 -078 +056 -000 +083 +034 +073 -062 +021 +007 -034 -061 -084 +060 +042 +001 +060 -035 -074 +055 -002 +034 -087 +060 -022 +043 -033 -016 +081 +022 -071 +082 -048 -088 +000 -081 +047 +034 +051 -034 -035 -080 +067
+005 -042 -025 -077 -020 +003 -067 +083 +028 +004 +022 -020 +002 -060 +003 +066 +056 -043 +056 +085 +038 +080 -076 +032 -057 -050 +058 -004 -051 +033 -031 +015 -054 +050 -048 -072 -041 -065 +037 +053 -072 -033 +037 +008 +032 +000 +014 -046 -002 -044 +037 +071 -011 +012 +050 +017 +062 +031 +004 -035 +014 +070 +081 +051 +062 +037 -011 +002 -018 +080 +086 +072 +072 +058 -074 +055 -016 +068 -016 +050 -051 -018 +037 +078 -078 +085 -001 +053 -001 -020 +066 -082 -034 +062
-035 -008 -057 +055 +050 -072 +041 -032 +084 -066 -042 -060 +082 -077 +052 -076 -100 -013 +015 -065 +065 +050 +020 -022 -024 -001 +018 -048 -038 -016 -043 -045 +064 -077 -016 -035 -076 -018 +034 -085 +053 +053 +046 -077 -075 -066 -047 -053 +071 +014 +023 +058 +003 +056 +047 +060 +014 -000 -040 +010 +031 +066 +022 +088 -087 -016 +083 +027 -023 -006 +063 -074 -056 -056 +003 +051 +025 -052 +051 -023 -027 -058 +026 +005 +040 +007 +065 +087 +011 -086 +070 +005 +072 +007
+005 -078 +048 -051 +071 +015 -016 +030 -082 -036 +055 +081 +006 -018 -040 +085 -007 -074 +013 +030 +001 +068 +018 +017 -082 +004 +031 -004 -030 -077 +036 +075 +066 -084 +070 -005 +081 +066 +060 -014 +038 +011 -016 -088 +077 -052 -062 +058 -080 -067 -025 +038 +071 +011 -088 -012 -028 -007 +080 -083 +025 +063 +013 +010 +054 -043 +014 +070 +000 +056 +004 +012 +044 +076 +036 -018 -001 -003 +018 +010 -053 -051 -048 -035 +004 +088 +038 -074 -061 +030 +100 +022 +005 +045
-040 +053 -031 -005 -056 -026 -052 +067 -081 +044 +065 -066 +021 -025 +087 +003 -056 -027 +018 -008 -040 -036 +001 +007 +033 -075 +010 +028 -007 -013 -038 -054 +066 +023 +013 +021 +010 -070 +020 -075 -062 +048 +023 -082 +047 -060 +076 -083 -023 -076 -017 +057 +030 -030 +080 -085 -012 +086 +067 -052 -018 -063 +024 -058 +076 -006 +006 +015 -042 -050 -045 +007 -017 +088 -086 +040 -058 +031 +005 -040 +065 -086 -057 +070 +023 +086 -006 +074 +025 -031 -038 +001 -023 -068
+077 -046 +086 +083 -041 -052 +025 +057 +013 -045 +032 +051 +067 -060 -026 +075 +047 -016 -055 -022 -086 -003 +052 -022 +074 +030 +040 +046 -051 +045 -078 -037 +022 -066 -018 +025 +025 +044 -053 +050 -026 -036 +024 -042 -034 -037 +068 -080 +048 -055 +075 +082 -030 +066 +021 +048 +038 +076 -073 +034 -056 -012 +051 -080 -062 +023 +080 +012 +036 +052 +020 +088 +045 -067 -033 -015 +072 +033 -005 -038 +088 -023 -044 +054 +043 +055 -046 -048 +073 +037 -066 -062 +028 +067
-072 -052 +001 +100 -000 +068 +061 -038 -006 -058 +086 +078 +025 +038 -047 -085 -020 +035 -022 -067 -026 +065 -001 +000 +012 -034 +066 -071 -020 +028 +032 -081 +030 -064 +001 -067 +070 +050 +066 +085 -050 -032 +063 -082 +056 +100 +046 +021 -076 +031 +054 +034 -085 -023 +034 +025 +028 +063 +061 +020 +080 -018 +054 +005 +010 -076 -072 -068 -033 +064 +032 +013 +021 -027 +028 -000 -001 +024 +036 -025 +022 +035 -035 +071 +025 +053 +087 +028 -004 +011 +033 -061 +026 -025
+070 +000 +087 +067 +051 -022 +002 +013 +008 -041 -081 +013 -036 +063 -017 -073 -037 +078 -034 +034 +024 -018 -001 +087 -023 -057 -028 -003 -030 -053 +033 +083 -030 +020 +072 +067 -041 +027 -036 -022 +085 -078 +023 -038 +066 +087 +022 -024 +008 -005 -020 +023 -087 +077 -058 +057 -076 +087 +078 +021 -061 -052 -018 +036 +011 +047 -012 +063 -051 +001 -028 -033 +003 -054 +076 +064 -021 +052 +035 +015 -028 -077 +063 +002 +042 -027 -054 -014 -001 -036 -060 +036 -075 -037
+040 -065 -015 +004 +004 -072 -033 -064 -041 -040 +025 +060 +100 -007 -087 -038 -076 -032 -024 +033 +086 -076 -065 +077 +065 -058 -036 +016 -067 +034 +087 -036 +051 -060 +080 -087 +013 +054 -074 +021 -068 -003 -078 -035 +074 +033 +018 -033 -080 +028 +001 +013 -008 +083 -000 -081 +088 -050 -043 +066 -056 +004 +081 -047 +021 -016 -034 +001 -084 +067 -023 -004 -032 -075 +052 -014 -058 +031 -003 -000 -003 -075 +012 +081 -064 +058 -055 +033 +071 +076 +026 -041 -008 -085
-073 +028 +030 -008 +023 +004 -078 -046 +062 +038 +064 -026 +072 +005 +037 +058 -023 -004 -066 +046 +032 +002 -084 +082 -081 +000 -024 +056 -018 -070 -064 +015 +031 -002 -062 +032 -084 -064 +053 +027 -006 +061 -073 +001 +026 +026 +015 -063 +037 +081 -026 -001 -050 +055 +014 +045 +005 +048 -044 +082 -005 -034 +052 +017 +061 +068 +008 -008 +020 -033 +076 +018 +055 +072 +025 +032 +073 +071 +025 -072 +071 -033 -025 -063 +014 +018 +004 +076 +083 +002 +011 -057 +004 -041
+004 -085 +005 +020 -003 -025 +032 -037 -033 -020 +002 -032 +021 -034 +017 +045 +025 -024 +021 -025 -085 +030 +005 +064 +018 -031 -005 -072 -056 -077 +037 -030 -082 -032 +063 +004 -043 -070 -008 +082 -047 +055 +002 -010 -063 +032 +072 -036 +076 +073 -017 -070 +022 -086 -016 +033 -068 -004 -081 +056 -045 -051 +075 +042 +040 +045 +013 +066 +002 -013 -076 +070 +083 +081 -070 +073 -075 -028 +080 -076 -024 +088 -074 -006 -047 -036 +080 +017 -100 -016 -048 -052 +044 +010
-056 +021 +053 +064 -008 +084 -073 -050 -038 +076 +001 +064 +064 -045 +050 +068 -007 -087 -056 +060 +033 +065 -010 -055 +015 +068 +071 -014 +052 -050 -026 +037 -013 -075 -065 -088 -072 -073 +010 +073 -068 +022 +047 -004 -085 -004 -020 +020 -046 -084 -054 -063 +063 +067 +056 -025 +044 +083 -023 +026 +018 +065 -040 +024 +034 +043 -044 +036 +064 +073 -080 -048 +087 +031 -078 +051 +052 +011 -027 -076 -046 -088 +074 +033 -068 -035 -045 +080 +064 +043 -082 +052 -061 +047
-008 +047 +052 +050 +004 -045 -008 +044 +082 +083 -012 +054 -085 -051 -023 -016 +027 +050 -085 +074 +065 +081 -051 +036 -086 -054 -014 +046 +010 +081 +024 +004 +046 +007 +081 -083 +021 +048 +044 +022 -015 -012 -080 +058 +035 -035 +078 +060 +007 +008 +078 -081 -043 +088 +066 +051 -083 -038 +078 +084 +074 +084 +035 -047 +053 -016 +026 -081 +086 +038 -047 +078 -061 +036 -065 -003 -048 +085 -063 +002 +034 +004 +066 +016 -053 -014 -045 +052 +006 +001 -056 -024 -068 -056
+007 +003 -028 +040 -067 -016 -058 -060 -044 +023 -002 +082 +043 -005 +034 -020 +064 +008 -031 +011 -013 +028 +075 +067 -073 +036 -026 -081 +070 +030 -052 -030 -082 +032 -085 +008 -025 -046 -050 -048 +041 -055 -085 -046 -024 +066 +082 -051 +027 +018 -058 -030 +025 +066 +083 -035 +075 +056 -010 +023 +043 +048 -024 -015 +028 +016 +071 -040 +018 -004 +040 +035 +084 -058 -003 -034 +053 -043 +088 +040 +011 -014 +000 +024 -016 +076 -014 -085 -037 -023 -062 -076 +037 -068
-007 -047 +017 +043 -041 +070 -048 -021 -060 +071 +088 -074 -000 +017 -023 +044 -012 -056 -065 +072 +048 -043 -047 +080 -077 -033 -010 +060 +028 +025 -056 -004 -067 -027 -084 +055 -100 +014 -074 -002 -021 +058 +028 +064 +030 +045 +020 +011 +041 +047 -034 -061 -010 +014 -081 +008 -062 +078 +031 -080 -058 +044 +024 +050 +040 +082 +100 -082 +015 -014 +053 +036 -016 -056 +037 -032 +044 +073 -023 +053 -055 -081 -032 +026 +036 +068 +006 +074 -001 +038 -007 -002 +072 -012
-058 -001 +008 -011 -048 -073 -026 -021 -078 +025 -040 -003 -045 -000 +042 -067 -052 -055 -070 -005 +062 -076 +001 +034 -038 +080 +004 +020 +088 -084 -026 -083 +053 +013 +081 -008 +086 -015 +011 -041 -068 +047 -072 +037 +080 -047 -016 -043 +051 -030 -081 +000 -007 -043 +023 +034 +048 +065 -073 -025 +063 +041 -074 -081 +062 -071 +063 +040 +021 -006 +027 -058 +040 +011 -087 -022 -044 -044 +004 +063 -010 +000 +066 -026 +036 +087 +036 -087 +088 -016 -067 -028 +015 -000
-083 +025 -048 +013 -027 +053 -076 +027 +068 -046 -036 +005 +020 -035 +001 -033 -037 +005 +083 +026 -032 -074 +085 +042 -035 -081 +075 -067 -020 -017 +070 -082 +002 +028 -050 -013 +001 -038 -028 -048 +074 -080 -035 -045 +042 -037 -043 -048 +030 -060 -060 +011 -085 +002 +034 -027 -055 -010 +015 -062 +100 -055 +038 -025 -087 +053 -063 +042 -058 -051 -016 +082 -007 -025 -038 +015 +035 -046 -085 +057 +063 -018 +054 +024 -084 +083 -045 -008 +086 -020 +065 +018 -047 -043
-006 -077 -024 +062 -021 +042 -056 -067 +066 +052 -007 -084 -080 +062 +070 +034 +087 -054 -036 +010 -078 -012 +038 +054 -035 +058 +046 +044 +082 -057 +057 -088 -030 -000 +002 -014 -077 +064 -070 -046 -055 -003 +010 +082 +087 +045 -022 +056 +001 +031 +065 -046 -074 +042 +056 -071 +008 -054 -061 +072 -026 -046 -067 +065 +065 -021 -080 -055 -045 +067 +032 +000 -055 +087 -006 -055 +061 -054 -038 -072 -073 -044 +064 +011 -018 +066 +071 -073 -083 -100 -057 +033 -073 -038
+050 +036 +047 -031 +048 +067 -043 +026 +037 +085 -021 +023 +066 +071 +002 -062 -027 +088 +008 +072 +052 +053 +075 -052 +055 +014 -000 +075 -013 -037 -020 -027 -025 +031 -041 +023 +054 +038 -015 +011 -031 -066 -062 -087 -024 -015 +083 +070 +061 -074 +055 +004 -033 +064 +025 +088 +004 -055 -031 -051 -086 +043 -044 -062 +046 +061 -047 +048 +021 -004 +052 -030 +005 +066 -070 +040 +044 -064 +060 +067 +067 +002 +057 +040 +078 -062 +044 +008 -024 +012 +036 +078 +075 -024
+054 +043 -046 +005 +002 -017 -006 +060 -080 -031 -007 +031 -031 -022 -011 -045 -013 +014 -042 -005 +001 -052 -074 +033 -052 +056 -030 -001 +050 -018 +016 -024 -067 -033 -014 -058 -060 +035 -025 +023 -027 -036 +052 -060 -022 -074 -088 -088 -022 -065 -062 -064 -076 +005 -038 +022 +100 +076 -083 +008 -004 -018 -024 +000 +081 -016 +030 -063 +054 +054 -067 -066 +036 -014 -024 +086 -012 -014 -045 +031 +016 -070 +047 -013 -082 +027 -006 -014 +002 +025 +034 -034 -001 -032
+052 +044 +055 +015 -004 +063 -076 -031 -068 -042 -027 -053 +025 +028 -060 +030 +007 -032 +086 -084 -068 -017 +046 +075 -077 +042 +013 +077 +012 +063 +002 -027 -018 +035 +075 +035 -084 -084 -040 +014 +072 +050 -004 -033 -001 +026 +006 -078 +033 -040 +025 +053 +043 +056 -084 -034 +035 -046 -074 -011 +005 -063 -015 -013 -014 +074 +063 -057 -063 -003 -058 +064 -067 -052 +032 -038 +071 +015 +004 +014 +007 -016 +035 +066 +083 -047 -062 -005 -001 +052 +026 -087 +045 -086
-053 +004 -067 +052 +076 +074 -061 -003 -043 +072 +004 +064 -024 -028 -068 +074 -050 +051 +046 -018 -011 +041 +021 -037 +066 -040 +087 +017 -072 -042 +084 -070 +012 -055 +075 -078 -073 -080 +048 +050 +066 -073 +013 +006 -005 -040 +076 -053 +013 +026 -082 -036 -043 +086 -026 +087 -100 -063 +047 -042 +035 +014 +013 +082 -028 -017 -033 +037 -076 +057 -046 -031 -066 +005 +003 +024 -071 +001 +064 +001 +014 +051 -014 +084 +076 +057 +053 -053 -057 +038 -055 -084 +034 +056
+028 +078 +061 -068 +032 -030 +074 -002 +072 -054 -051 +072 -028 +005 +087 +048 -001 -053 -061 -042 -084 -048 -031 +015 +078 +021 -076 -021 -011 +003 -061 +075 +054 -025 -048 -024 -071 -056 -080 -084 -032 +075 -072 +067 +022 +007 +086 +087 +042 -022 +080 -085 -071 +016 +041 -031 -025 -065 +065 -084 +005 -032 -056 +088 -002 -086 -035 -061 +037 +077 +041 +024 +022 +088 -001 +037 +087 -074 -052 -056 +068 +046 +034 +026 +021 +080 -053 +051 +010 -035 -074 -010 -063 -055
-018 -024 -083 -031 -011 -082 +025 -026 +011 -073 +006 +051 +076 -074 +061 -026 +043 -022 -001 -055 -001 +058 -002 -042 -076 +088 +038 +028 -062 -072 -007 -073 +036 +050 +038 -083 +065 -084 -028 -021 +063 -020 -083 -078 -012 +080 -040 -017 -035 +015 +061 +023 +074 +084 -031 +072 +071 +058 -042 +047 -010 +037 -034 +012 +068 -080 -071 -040 -005 +031 -046 +045 +058 -082 -036 +075 -085 -032 -015 +033 -088 +055 -027 -027 -052 +076 +076 -051 +063 -062 +068 +057 +041 +030
-038 -026 +018 +077 -073 -063 -088 -000 +071 -027 -043 +010 +027 +068 -046 -082 -004 -082 +083 +058 -057 -083 +041 -041 -054 -074 -004 -055 -028 +051 +010 -015 +066 +004 -050 -088 -028 -005 -051 +084 -035 -051 +000 -067 -100 -035 +100 -030 -062 +037 -056 +003 +076 -023 -036 -046 -011 -024 +027 +080 -077 +027 +055 -057 -044 -086 -028 -032 +018 +032 +017 +056 +078 -054 -087 +052 +057 +028 +011 +044 -100 -045 +078 -038 -022 -070 +084 +075 +000 +045 +063 -087 -031 +018
-000 +075 -006 +024 +048 +063 +057 -066 -054 +042 +022 +014 -053 +070 -003 +007 +044 +068 +006 -068 +040 +072 -006 -068 +061 +083 +028 +088 +003 +045 +072 -002 -076 -006 +042 -081 +038 -035 +088 +056 -044 +062 -038 -062 -027 -043 +031 +058 +000 +046 +035 +081 +061 +060 -020 +100 -051 +006 -074 -013 +088 -022 +022 -008 -074 +008 +017 -022 -001 +061 -068 +035 +012 +058 -044 +036 -081 +004 +027 -014 -050 -038 +008 +081 -085 -058 +075 +066 +033 -087 +017 +017 +020 +047
-002 +025 +086 -018 +040 +023 +044 +038 +011 -024 +081 -050 -047 +086 -021 +003 -062 +006 +028 +035 +037 -070 -070 -005 +035 +011 -021 -055 +046 +022 +007 -068 +057 -047 +054 +050 +000 -040 +013 +047 +011 -003 +005 +023 +052 -038 +054 -080 -037 -023 -022 +044 +007 -043 -010 +047 +077 -040 +076 -020 -032 +007 -002 -042 +010 +026 +030 -085 -003 +010 +001 -034 -085 +011 -054 -044 +072 -088 -008 -004 +056 -036 -028 -025 +017 +017 -038 +072 +033 +075 +061 +016 -072 -046
-005 +015 +085 -057 -062 +017 +026 +014 -008 -021 -071 -053 -022 +002 +050 -034 -081 +081 +086 -074 +080 -018 -016 -032 -003 -086 -076 -083 -087 +020 -041 +057 -073 +015 -008 -058 -063 -046 -006 +036 +041 -016 -041 +087 +053 -007 +000 +033 -048 +005 -014 +007 -055 -005 -070 -040 +006 -060 -018 -081 +035 +052 -032 -045 +082 +085 -001 -040 +027 -047 +087 -061 +065 -073 +027 +016 +021 +076 -036 -041 +018 +008 -012 +000 -020 -031 -085 +083 -087 -006 +018 -078 +068 +027
+031 +001 +066 +025 -051 +001 -034 +075 -018 +018 -007 +020 +085 +058 -006 -037 -012 +032 -041 +087 -047 +030 +053 -087 +010 +072 +013 +070 -073 +051 +018 +041 +034 +068 -065 -073 +065 +022 +072 +022 -073 -062 +013 +078 -075 +057 -053 +005 -085 +045 +065 -034 -058 -041 -077 +017 +037 -077 -002 -044 +020 -074 +063 -037 -036 -051 -025 +036 +013 +006 -014 -002 -023 -025 -084 -051 -014 -088 +057 +005 -040 -026 -078 -013 -042 -062 -072 +037 -017 -023 -080 +021 +075 +062
+022 +026 -063 +068 -076 -078 +003 -056 -066 -038 -067 -054 +081 -015 +042 +088 -014 +073 -015 +064 -085 -050 +077 +005 -042 -063 -015 -045 -073 -051 +054 -055 +060 -041 +073 +022 -017 -035 -048 +010 -077 -082 +044 -064 +045 -005 +023 +041 +012 +057 -067 -071 -050 -033 +044 +066 -015 +014 -075 +055 +058 -077 +021 +076 -066 +027 +038 -076 +053 -084 +051 +073 -002 +081 -010 -078 -011 -011 -086 +014 +040 +083 +017 +036 +045 -004 +088 +027 -024 +078 +040 +087 -064 +076
+014 +003 -070 -016 -075 +037 +060 -022 -044 -032 +052 +027 -077 -021 +006 +053 +050 -020 +025 -052 +083 -081 -018 +056 +032 +083 +068 -040 +013 +000 +048 -047 +055 +002 -064 +061 -087 +076 +062 -018 +075 +075 -054 +072 +045 -042 -081 -087 -054 +051 -082 -037 -087 -003 +026 -051 +048 -018 -000 -014 -010 +018 -053 +041 -017 +032 +044 -035 -012 -070 -063 -038 +014 +024 -017 -035 +072 -063 -001 -031 -034 -035 -062 -047 -041 -010 +028 -023 -035 -100 -061 +063 +052 +008
-087 +020 -016 -081 +015 +086 +055 -003 -027 +012 -073 -086 +068 +033 -036 -001 +070 -088 +057 +043 -008 -001 +073 -077 +005 +080 -044 +006 -037 -034 -021 -048 -044 +073 +020 +070 +020 +086 +001 +004 +042 +032 +005 -007 -073 -086 +008 +037 +078 +022 +012 -031 +032 +082 +066 -077 -064 -026 +003 +084 -020 +038 +087 +025 +056 -027 +063 +013 +012 +004 -046 +054 -021 -045 -011 +023 +073 +007 +012 -056 +008 +004 +080 +011 +086 -067 -025 -038 +023 -040 -071 -056 -023 +026
+075 -038 -013 +083 -016 -067 +028 -082 +024 +013 -022 -088 -020 +080 -028 -020 +064 +077 -008 +036 +065 +066 -086 +041 -028 +021 -080 -050 -043 -051 +072 -012 -034 -003 +066 -003 +005 -013 +036 -002 -021 -100 -043 +008 +024 -035 +030 -080 -013 +043 +006 +030 +044 -036 +084 +027 -033 +035 -071 +018 -003 -041 -043 -034 -074 -021 +077 +036 +081 +053 +017 +082 +054 +056 +041 -055 +074 +021 -012 +067 -043 +088 +084 -034 -028 +003 -081 +045 +058 -054 -012 -084 +018 -008
+008 -054 +028 +025 +003 -100 -056 -016 +046 +075 -040 +073 +085 +042 +018 -080 +071 -035 -005 +027 +058 -068 +015 +020 +067 -027 +032 -063 -000 +086 -057 -036 +081 +012 -002 -056 -075 -064 +051 -007 +050 -046 +072 -073 +045 +078 -052 +045 +000 +083 +016 -036 +035 +071 +061 +071 +038 -022 +062 -020 +075 -024 +038 -011 -002 +040 -001 +002 +045 +034 +056 -084 +038 -037 +100 +016 +027 -082 +081 +035 -088 +076 +004 -080 +061 -035 +072 +062 -055 +081 +076 +045 -022 -065
+074 -054 +011 -017 -076 +013 -063 +051 +012 +016 +082 -010 -077 +078 +063 +033 +064 +015 +031 -012 -050 +063 -004 -043 -068 -038 -014 +043 +037 +030 -022 +044 +070 -078 +086 -051 +008 +033 +063 +078 +075 +073 -067 -003 -050 +016 -015 -028 -057 +042 +070 +018 -046 -033 +012 +013 +025 -085 +077 +020 -084 +030 -044 +073 -067 -056 -032 +034 -082 +023 +034 +011 -086 -062 -050 -078 +004 -010 -063 +075 +024 +046 +010 +006 -007 +000 +034 -040 +026 -047 -053 +053 +064 +084
-081 -063 +056 -057 -048 -078 -023 -080 -015 -065 +032 -046 -056 -002 -072 +064 +087 +026 +005 -002 +100 -041 +020 -062 +065 +058 +083 +030 +060 -051 +077 -072 -024 +067 +076 +061 +041 -067 -012 +048 -054 +083 +024 -016 -053 -001 +071 +011 +027 -051 +065 -015 +054 -013 -066 -006 -063 +050 +050 -004 -053 -016 +086 +028 +046 -027 +036 +061 +012 +050 +082 +018 +073 +018 +054 -021 -043 +077 +044 -016 -067 +047 +048 -014 +073 -083 +083 +021 -048 +038 +075 -056 -083 +057
-034 -043 -038 -014 +086 -064 +076 +003 +011 +085 -010 -040 -023 -018 +008 +047 -035 +070 -018 -043 +054 -054 -074 +082 +032 -052 +046 +026 +076 -051 -041 +063 -037 -008 -062 -006 -075 -042 -050 -060 -050 +043 +068 +074 +086 -053 -088 +015 -025 +046 -058 -044 -073 +002 -026 +042 +066 -078 -034 +026 +031 -011 -081 -033 +040 -032 +055 +067 +040 +085 -067 -070 +052 +026 -007 +036 +017 -047 -061 -073 +033 -075 -067 +050 -055 -027 +000 -038 -066 -012 +035 -030 +038 -035
-083 -020 +056 -054 +016 -072 +051 -076 +044 -054 -038 +026 -041 +052 +071 -083 +021 -085 -070 +020 +064 -060 +074 +014 -021 +031 +011 +021 +027 +006 +100 +004 -054 +081 -057 -043 -018 -000 +028 -021 +007 -036 -027 -076 +066 +037 +015 -083 +076 +060 -006 +007 -027 +013 +050 +012 -036 +077 +008 +040 +084 -037 +046 +045 -087 -084 +058 +060 -005 -031 +035 +007 +066 +065 +023 +030 +021 -003 +022 +081 +015 +028 +042 +057 -076 -075 -051 +012 +040 +034 +018 +024 +037 +070
+082 -047 -028 -046 +085 -038 +004 +006 +026 -057 +045 +078 +024 +025 -053 +064 +007 -013 -065 +024 -074 -071 -062 -082 -056 +016 +068 -086 -087 +087 -033 -050 -042 +026 -087 -035 +061 -063 +067 -052 -080 +030 -010 -022 +037 -021 -018 +086 +075 -078 -026 +082 -000 -062 +007 -076 -054 +071 -047 -071 +085 -016 +041 -080 +024 -051 -080 +057 -024 +063 -038 +060 +086 -034 -082 -054 -005 +045 -065 -071 -084 +072 -004 -013 +001 +035 +020 +017 -017 +016 +028 +053 -005 -051
+075 +058 -084 +027 -074 -011 +020 +015 -048 +017 +017 -083 -054 -065 -046 -015 -036 -053 -066 -053 +050 -043 -018 +083 -002 -084 -083 -033 -057 -010 -052 +064 -024 -048 -062 +008 +015 +020 +036 -017 +043 -086 +085 +088 -047 +065 +100 +031 -100 +051 -054 +075 +017 +085 -085 -037 -087 -052 -071 -054 -016 -030 -000 +081 +047 -030 +070 +022 +053 -040 +022 -011 +085 +082 +085 +082 -015 -023 +053 +026 +038 -070 -066 -064 -067 +007 +086 +068 -030 -061 -082 +045 +010 +028
-038 +031 -077 -035 +000 -022 +041 +024 +076 -001 -037 -076 -047 -046 -006 -012 -016 -008 +073 +085 -004 -022 +042 +073 -076 -085 -026 -022 +022 -014 +045 -010 -036 +072 -081 -008 -012 -001 -082 -081 +042 -033 +001 -080 +010 +030 +062 +005 +023 +035 -003 -058 -016 +014 +017 +028 +004 -033 -083 -042 +066 +007 +028 -052 -045 -057 +083 +041 -041 -024 +072 +051 -100 -082 +071 -034 -050 -033 +015 +002 -015 +047 +013 -043 -028 -065 +035 +013 -042 -060 +038 -077 +007 -016
-034 -045 -086 +063 -020 +100 +063 +088 +100 -041 +016 +000 -057 +037 +066 -087 +035 -057 -055 +063 +082 -002 +056 +084 -050 -010 +056 +010 +050 +033 -080 -075 +071 +086 -074 +088 -052 -087 +025 +027 -057 +074 +045 +074 +011 +060 +037 -013 -016 -068 -081 +086 -020 -087 +082 +050 +056 +030 +053 -064 +018 +050 +022 +057 +021 -085 -054 -000 +011 +034 +005 -025 +064 -043 -080 -030 -082 +032 -054 +027 +086 +013 -071 -078 +064 +041 +030 +043 +042 -076 -045 -040 +080 -063
-037 -046 +046 +060 -038 -036 +020 -058 -016 -013 -013 -007 -083 +030 -055 -058 +064 +085 -007 +020 +011 -032 -006 -085 +083 -035 -021 +052 +024 +013 +011 +087 -075 -048 +014 -046 -015 -052 -034 +010 -088 -023 +063 -020 -083 +012 -062 +015 +060 +056 -011 +003 +066 -075 +042 -075 +082 -032 -014 -041 -040 +000 +002 -075 +034 +016 -082 +024 -014 -060 +016 +036 -047 +026 -080 +032 +003 +026 -053 -020 -037 +100 -056 -077 -083 -077 +070 -035 -026 +022 -008 +067 -063 +062
-012 +012 +001 +031 +021 -056 +070 -082 +018 -021 -010 -034 +003 +085 -086 +025 -041 +036 +054 +058 -035 +073 -024 -032 -075 -071 -041 +020 +055 -063 +076 -088 +046 +010 -073 -040 -080 -065 +052 -084 +064 -057 -033 -086 -015 +077 +073 -026 -048 -087 +070 -034 -032 -071 -065 +060 -041 -051 +073 -018 -022 +007 -044 +001 -024 +058 -013 -070 +028 -080 -082 +078 +088 -063 -078 -076 +040 +063 -023 -078 -017 -048 -083 +026 -016 +086 +008 -058 -047 +060 +006 +001 +081 +077
+085 -052 -007 -027 -051 +083 +037 -018 +087 +042 -023 -004 -023 +048 +007 -050 -064 +062 +088 +038 -013 +025 -040 +070 -034 +040 -024 +043 -035 +053 +000 -065 -088 -011 -032 +005 -002 -013 -068 +071 +036 +003 +071 -065 -054 +076 +072 -075 -070 +077 -085 +005 -053 +054 -083 -046 -050 +073 +077 -035 +050 +052 +064 -008 +075 +006 -057 -048 +020 -067 -073 -087 +077 -007 +005 -022 +062 +053 -021 +082 +024 +080 +058 +035 +021 -016 -063 +033 +033 -082 +014 +014 +081 -067
-071 -050 -078 -024 +003 +001 +088 +035 +088 -004 +065 -066 -006 +050 +065 +087 +057 -056 -000 -074 -008 +025 -077 +056 -060 -070 +015 -088 +036 +005 -088 -062 +061 -084 +017 +060 -080 +068 -083 -044 +082 -005 -038 -018 -067 -073 +036 +018 -067 +065 -018 -010 -087 -074 -072 +028 -086 +006 -031 +072 -004 -048 -072 -030 +022 +012 +052 -042 +044 -036 -071 +031 +083 -060 +030 +017 +044 +047 +073 -068 -016 -027 +013 -080 -053 -011 +086 +065 +027 +012 +000 -056 -030 -024
+001 -004 +080 +037 -051 +071 +061 +018 -060 +074 +017 -032 -068 +072 -062 +087 +013 -088 +007 -083 -045 -072 -032 +040 -055 -074 -067 +035 +075 +036 +086 +011 +066 -052 -080 -070 -085 +050 -012 +062 -021 +045 -011 +088 +057 +088 -010 -088 -040 -036 +084 -088 +054 +014 -043 -021 +074 +072 -034 -062 -070 -076 +082 -048 +060 +084 +070 +072 +023 -060 +045 +006 +086 +087 -054 +043 +064 +014 +084 +080 -036 -082 -064 -078 -024 -032 +063 +034 -056 +034 -050 +003 -051 -066
-011 +012 +016 -084 -074 -045 +017 -017 -001 +008 +071 -064 -082 +100 +083 -004 -007 +014 +085 -052 +053 -024 -082 +018 -081 -030 -072 +062 +032 +053 +004 -011 +001 -083 -065 +013 -052 -041 -012 -063 -055 +085 -006 -078 +033 +005 -060 -053 -061 -034 +023 -068 +031 -062 -043 +047 -028 -085 +001 +054 +020 +028 +016 -045 -057 -084 +056 -012 +023 +004 -041 -066 -010 -058 -071 +000 -012 -021 -086 +003 +011 +044 -073 -077 +056 +075 +024 -072 -087 +023 -010 +086 -054 +073
-027 -028 +061 +048 -063 -053 -001 +037 +083 +001 +045 -048 +028 +067 +026 +063 -100 +057 -018 -053 -055 +015 +057 +058 -062 -072 -026 -056 -031 +014 -004 +085 -065 -072 -047 -070 -051 -014 +001 -058 +020 +047 -038 +001 +025 +053 +085 -052 +047 +018 +074 +008 +062 +010 +047 -027 +046 -013 +080 +056 +020 -083 +081 +081 +031 +075 -016 +014 +044 -031 +042 +032 -077 -075 -068 +057 +077 -021 -014 -012 -078 +035 -007 -023 +010 +083 +057 +046 +052 -050 +053 +057 -046 -081
-012 +036 -020 -026 +045 +080 -033 -011 +041 -047 +036 +053 +057 -034 +067 -065 +011 -015 -024 +045 -027 +003 -084 -083 -057 +016 -051 +088 +068 +004 +007 -026 -046 +013 +056 +072 -012 -042 -002 +013 +083 +010 +074 +023 +083 -011 +060 +035 +072 -006 -056 -047 -002 +010 +075 -078 +005 +040 +087 -071 -035 -034 -020 +060 +056 +040 -051 -051 -028 -053 +027 +007 +065 -038 +046 -040 +074 +023 +012 -001 +054 -016 -015 -056 -003 +082 +040 +062 +050 -064 -087 +012 +001 -028
-076 +034 -066 +073 -074 -046 +073 +041 -050 -026 -070 -066 +042 +036 +061 -060 -051 +037 -071 -083 -001 -023 -070 +055 +011 -002 -016 +010 +008 +052 -042 -040 +025 -081 -067 +086 +058 +008 -084 -063 +067 +024 +007 -038 -066 +064 +083 -003 +055 +026 +050 +046 +010 -007 -038 -064 +013 +053 +061 -041 -055 -085 -062 +083 +000 -046 -041 +088 -064 -055 -062 -065 +036 +016 +055 -073 +074 -041 -081 -065 +087 +030 -037 -001 +027 -036 -062 -061 -053 -087 +003 -030 +023 +035
+100 -003 +007 +001 +083 +011 +074 -056 -002 +080 +006 -028 +001 +058 -011 +034 +021 +100 +045 -020 -013 -054 +060 +043 -038 -071 +022 -082 -020 +077 +045 +080 +063 +025 +082 -035 -004 +037 +055 -025 +070 +007 -066 -057 +025 -003 -075 +081 -036 +031 -087 -034 +074 -027 -041 -031 -016 -044 -013 +002 +078 -011 +063 -087 -020 +014 +080 +010 -088 +067 +051 -034 -085 -060 +084 -037 -072 +004 +025 +015 +060 -024 -041 -057 -063 -086 -018 +052 +001 +032 +085 -044 -002 -036
+024 -018 -031 -084 +025 +027 -040 +075 +000 +061 -037 +050 -016 +071 -062 -082 -058 +012 -002 +004 -010 -056 -080 -076 +021 +001 +031 +001 +071 +023 -060 +012 +012 -061 -067 -007 -077 -071 -075 -037 -024 -057 +050 -063 -084 -046 -071 +022 +053 +018 -024 +018 -000 +074 -024 -043 +031 +054 +047 -033 -003 -055 +076 -063 +000 -085 -011 +084 -046 +001 -067 -001 -047 -071 -100 -024 -057 +056 +048 -013 -077 -082 -048 -016 -064 -080 -053 -036 -061 -075 -002 -051 +040 -004
+013 -002 +046 -062 -046 -007 -033 -041 -013 -041 +076 +074 -070 -025 -083 +063 -075 -052 -081 -024 +067 +058 -074 +012 +028 +045 +083 +031 -027 -037 +002 -061 -046 -028 -081 +001 +002 -081 +050 -052 -060 +007 -077 -027 +082 -017 +004 +055 -050 +016 -088 +021 -068 -006 +088 -042 -028 +021 +021 -034 +071 -015 -068 -068 +026 +062 +058 -088 -046 +053 -030 +020 +082 -004 -033 +050 +047 -007 -001 -031 +060 -064 +037 -040 +030 +041 +024 +063 +041 +062 -040 -000 -001 -004
-060 +083 +074 +064 -002 -078 -035 -054 -053 -073 +055 +051 -036 +018 +054 -061 +020 -057 +028 -086 +041 +073 -013 -085 +038 -016 -021 -080 -011 -087 -030 -083 -060 +015 +082 +015 +070 +056 +006 +016 +045 -013 -010 +060 +055 +028 -051 -014 +003 -011 -080 -066 -020 +025 +025 +100 -042 -020 -000 +048 +014 +017 -085 +027 +045 -034 +064 -072 +028 -063 -016 +042 +028 +076 -044 +062 -038 -038 -073 -080 +022 -057 -057 -031 -054 +056 +033 -020 -072 +001 -066 +017 +046 +011
+064 -046 -013 +011 +067 +076 -012 +062 -011 +025 -061 -027 +088 -046 +083 +033 -064 +068 +033 -085 -007 +023 -068 +087 -065 -012 -044 -053 +056 +075 -064 +023 +086 -070 +060 +023 -045 +002 +004 -060 -025 +077 +083 -011 -075 -087 +050 -080 +031 +048 +013 -100 -037 -037 +004 -001 -043 -058 -067 -088 +052 +016 +052 -086 -043 +020 -088 -077 +011 +042 -021 +008 +032 -013 -037 -008 +028 +027 +032 +071 +018 -050 -076 -037 +014 -053 +080 -054 -026 -037 -031 -036 -062 -053
+034 -018 -032 -056 +088 -051 -020 +066 -011 -060 +067 +022 -001 -043 +024 +046 +055 +033 -070 +000 -081 -021 -082 -041 -041 -047 +012 -052 -052 +067 +043 -020 -046 +070 +037 -066 +072 -032 +027 +043 +010 -007 +061 +071 +085 -042 +085 -061 -076 -035 +087 +016 +010 -075 -004 -077 +075 +008 -028 -061 +067 +062 -047 -082 -007 +037 +073 -063 +023 -000 -062 -025 -040 -087 -075 -064 -028 -012 +085 +021 +076 -084 -076 -054 -067 +005 -046 -026 -037 +080 -074 +003 -066 -064
