-065 -021 -041 +004 -012 +072 -076 +065 -051 +005 -072 +077 -076 +025 +007 +047 +030 -041 +082 -004 +065 -026 -032 -077 +058 +060 +025 -002 +064 +078 -008 -055 -100 +002 +087 +077 -065 -005 -048 +041 +026 +030 -023 +007 -064 +076 -083 +041 +026 -004 +010 -018 +007 -058 -012 +045 +015 +078 -056 +026 +033 -026 +071 +043 -016 -058 -051 -078 +008 +052 -023 -056 -036 +066 +033 +068 -056 -061 +006 +083 +061 +074 -018 -017 -086 +003 +000 -007 -007 -057 -086 -060 +003 +020 -011 -071 +007 +045 -073 +100 -045 -007 -075 +076 +055 +046 +015 -011 -035 -003 +077 -086
+022 +024 -024 +011 +012 +081 +024 +018 +062 +008 -010 -030 -042 +071 +067 -057 -050 -046 -083 -020 -087 -045 -051 +018 +024 +006 +010 +014 -068 +060 +072 -088 +081 +000 -020 +073 -084 +065 -064 +003 -020 +011 -011 +058 -054 +062 +072 -085 -048 +063 -078 -083 +052 -050 +031 -030 -016 +027 +081 +085 +002 -026 +075 -030 +084 -071 +044 +073 +058 -088 +037 -006 +066 -043 -058 +063 +030 +012 +062 -034 +068 +010 +076 +032 -066 +075 -072 +028 +018 +040 -040 -066 -023 +018 +016 -071 -026 -044 +037 +087 -031 -044 +023 +087 -020 +007 +003 -018 +084 -061 -088 -007
+001 -020 -073 -028 +018 -015 +060 +006 -080 -021 +080 -048 +025 -063 -043 -052 +064 -040 -003 +014 -012 -027 -014 +086 -044 +048 -022 +061 +015 +011 -020 +080 -011 +024 -072 +022 -011 -040 +056 -034 +033 -004 -017 +033 +002 +004 -025 +035 -047 +032 +024 -085 +056 -065 +048 -016 -023 -065 +088 +055 -051 +012 -004 +021 -052 -010 -017 +017 +065 -046 -074 -010 +054 +044 -053 -084 -083 +023 -040 +073 -053 +037 -026 +078 -066 -078 -063 +014 -004 +063 -076 -035 +081 +025 +056 -024 +032 +047 +040 +045 +011 -043 -050 -017 +052 -040 -008 -054 -066 +008 -045 -033
+028 -086 -058 +081 +015 -082 -023 -043 +056 +074 +063 +025 +032 +020 -045 +076 +023 +067 -023 -033 -074 +030 -015 +087 -088 -073 +011 +064 -054 +066 +007 +026 +088 +084 -050 -071 +011 -065 -066 -086 -015 -080 +052 +011 +040 +001 -024 +072 +036 +020 -035 +004 -052 -063 +056 -033 +006 -060 +087 +066 +041 +088 +084 +062 -056 +060 +003 +045 +018 -037 -061 -081 -052 +010 +072 -022 +043 -058 -063 +053 -012 -023 +070 +060 +011 -017 +055 -011 -072 +088 -057 -022 +072 -067 -050 -004 +055 +082 +074 -020 +070 +044 -041 +054 +038 -070 +045 +056 +064 -062 +021 -065
+087 -036 +067 -010 -085 -005 +022 +058 -035 -005 -054 +024 +071 +087 -038 -038 -007 +021 -025 -004 +007 +087 -062 +010 -032 -053 +067 -036 -033 -002 -074 -038 -055 -001 -056 -038 -086 +046 +040 +045 +001 +057 +068 -048 -033 +046 +058 +020 -082 -052 +051 -000 +053 +020 +005 -012 +011 +044 -057 +035 -086 -038 +032 +025 -003 -075 -083 -062 +036 -065 -078 +077 -008 +045 +024 +018 -042 -068 -042 +020 +033 +036 -005 +031 +045 -008 -072 +070 +088 -052 -066 -037 -027 -082 +024 -060 +056 -070 -002 -043 +016 +067 +058 -033 +067 +053 +075 -050 +084 +003 -014 +082
-055 -030 +032 -060 +064 -075 -018 +060 -042 -027 +056 -040 -051 -031 -074 +084 +031 -006 -023 +046 -037 +066 +002 +076 -048 -073 -001 -065 +047 -008 +010 +056 +041 -000 +018 +075 -050 +025 -031 -027 -006 -007 -008 -035 -016 -002 -062 -026 -050 +013 +001 +073 -037 -071 +085 +058 -088 +080 -058 +034 -006 -066 -086 -023 +081 -055 -002 -033 +001 +016 -081 +081 -087 +082 -078 +081 -088 +041 -013 -080 +045 +011 +088 +037 +041 +070 -060 -085 -012 +002 +078 -050 -010 +036 -040 -074 -046 -075 -044 -060 -025 +065 -081 -036 -065 -062 -078 -053 -007 +044 +063 +057
+080 -055 -011 -056 -005 -044 -028 -047 +033 -036 +034 +016 -040 +038 +023 -016 +044 +077 -058 +017 +043 -056 -007 -041 -018 -077 -024 +063 -010 +056 -033 +047 +074 +075 -067 -011 -023 -015 +044 +067 +024 -080 +055 +014 +031 +004 +045 +018 -053 -002 -033 +082 +012 -012 -083 -070 -071 +006 +001 +000 +021 -061 +013 -026 +047 +072 -078 -087 +001 -045 -003 +022 +086 +045 +060 -055 +014 +015 +071 +070 +005 -022 -028 -005 -081 -070 -003 -075 +067 +088 +071 +057 -042 -010 +081 -086 +035 +012 -068 -010 -075 -007 -016 +078 -071 +006 -084 +061 +023 +060 -087 -044
+050 -064 +065 +013 +013 +007 -078 +040 -080 +043 -001 +021 -081 +028 +077 -030 +071 +010 -051 -055 -054 -035 -078 -008 +085 -030 -038 -086 +054 -020 +037 -023 -041 +058 +047 -023 -066 +027 +055 -035 +075 +083 +073 +048 +062 +088 +033 +064 +054 -005 -057 +080 -076 -025 +055 +072 -064 +044 -007 -068 +044 -026 -038 -028 -036 +065 +014 +077 -011 +061 +027 -004 -071 +052 +084 +025 +083 +085 -042 -052 -061 -070 +054 -067 -073 -086 +073 +081 +066 -022 -048 +008 -047 -003 -068 +064 +061 -047 -036 +054 +080 -016 +055 -032 -038 +037 +024 +046 +071 -046 +028 -034
+076 -068 -026 +014 -057 +037 -004 -001 -037 -000 -080 -078 +081 +070 +017 +081 -072 +077 -025 -057 -002 -007 -061 -024 -070 +016 -083 -052 -015 +072 +025 +072 +005 +068 +043 -060 -008 +078 +000 -027 -001 -034 +077 +043 -032 -068 -085 +010 +088 +070 +054 -010 -042 +018 -048 +025 +028 -008 -075 -067 -078 -037 -077 -067 +048 +074 +074 +072 -063 +060 -064 +003 -034 -061 +072 +045 +001 +026 -040 +072 -071 +062 +084 -011 -018 -054 +037 +042 -050 +032 -010 +040 +076 +053 +048 -008 -085 +000 +041 -008 -008 -055 -041 +084 -027 +070 -080 -086 -048 -040 +048 -013
+061 -032 -040 +001 +054 +040 -077 -078 -054 -047 +076 +037 +058 -048 +013 -058 +021 -047 +022 -045 -011 -024 +003 +055 +007 +014 +004 +004 +002 +032 +054 -061 +045 -005 +067 +054 +044 -085 +033 +000 -022 -052 -080 -025 -084 +016 +052 -036 +065 -010 -020 -083 -045 +043 +050 +028 -077 +088 -058 +082 +033 +037 +066 -070 +006 -058 -061 -055 -088 +010 +007 +056 -055 +021 -048 +000 -008 +041 +062 +070 +033 +045 -028 +052 -075 +010 +085 -006 -083 +003 +032 +076 -063 -027 -041 +014 -030 -014 +002 -065 -073 -077 -012 -062 +010 -012 +038 +048 -062 +034 -064 +013
+052 -074 -001 +012 -015 +022 -046 -063 -002 -027 -030 +042 -045 +024 -035 +077 -087 +028 -083 -033 -085 -020 -013 +040 +013 -051 -072 -001 +007 +000 +031 -015 +072 +061 -074 +025 -080 +008 -042 -015 +048 +072 +013 -011 +030 +001 +014 +052 +041 -030 +052 -016 +014 +001 +078 +034 -025 +003 -053 +017 -011 -010 -038 -064 +067 +077 +024 -062 +036 +034 +025 +057 -013 +078 +068 -003 +013 -083 -001 +054 +076 -023 -056 -015 -021 -018 -070 +074 -023 -072 -021 +071 +077 -038 +010 -016 +031 -068 +058 -051 +001 +001 -068 +036 +044 -061 +012 -024 +042 +083 -056 -026
-044 -061 -047 +026 -044 -034 +038 -014 +023 +008 -034 -075 -003 -013 -042 +073 -010 -000 -073 -023 -060 -025 -054 +013 -011 +068 -042 +016 -006 +082 +084 -067 -035 -007 +014 -060 -006 -026 -058 +000 -011 +078 +036 +018 +058 +047 -057 -053 -044 -072 -018 -040 -010 +004 -025 +076 +013 +056 +074 +020 +053 -054 -075 +063 -075 +041 +060 +016 -015 +014 -036 +058 +061 +008 +064 +026 +013 +030 +067 -011 -027 -080 +074 +010 -080 -010 -016 +072 -070 -056 +051 +086 -065 -008 +031 +061 +034 -028 +007 +088 +084 -028 -055 -080 +042 +004 +067 -073 +014 -033 -078 +016
-024 -040 -028 +057 -004 +034 +081 +050 +005 -022 -072 +031 +031 +034 +002 +016 -058 -027 +017 -064 +027 -015 -002 -088 -084 +058 +036 +000 +022 -014 +088 +048 +003 +085 -052 +035 -053 +044 +052 +048 +005 +026 -068 +050 +001 +013 +084 +044 -073 +031 -040 +081 +080 +030 +083 -033 -050 +018 +014 -051 -064 -040 -033 -075 -034 -032 +014 -024 +008 +052 +036 -080 +000 -083 -077 -080 +006 -015 -022 +061 +047 +001 -027 -031 -051 +006 +060 +013 -015 -041 +086 -050 +050 -003 -034 -054 +065 -072 +066 -031 +078 -086 +002 +063 -083 +086 +024 -083 -076 +086 +018 -007
-066 +024 +004 -028 +000 -010 -060 +084 -025 -083 -048 -084 -068 -015 -027 +001 -050 +064 -028 +071 -063 -007 -062 -066 -082 -083 -021 -057 +042 -022 +030 -000 -007 -008 +022 -057 -087 +042 +058 +056 -023 +081 -088 +012 -070 +003 -034 +046 -045 -021 -100 +084 -057 +074 -007 -028 +050 +042 -005 -078 -082 +064 +035 -043 -060 -061 -086 +077 +004 +035 -044 +026 +088 -023 +050 +012 -071 +018 +053 -047 -021 -043 -037 -002 +057 +014 -076 -042 +006 -002 +072 +007 +043 -035 +032 -017 +048 +023 -071 +056 +077 +041 -035 -032 +077 +087 +014 +054 +081 +022 -083 +040
-042 +073 -026 +075 +024 -042 +013 -035 +035 +011 +001 +075 -027 -066 -047 -075 -051 -006 -058 -033 +025 -046 +006 +017 +014 -061 -040 -085 +038 -067 -014 +070 +068 +041 -006 -066 +067 -013 -000 -045 -051 +048 -052 -030 -017 -022 +012 +015 -056 +081 -024 -015 +062 +068 -027 -021 +048 -073 +060 -077 +054 -020 +043 -056 -000 +085 -055 +033 +006 -072 +010 -074 +005 +008 -035 +046 -084 +014 -050 +074 -058 +065 +050 +080 -037 -052 +032 -062 +033 +030 +026 -008 +032 +088 -071 -045 +007 -002 -081 +086 -072 -055 -083 +031 +073 -077 -036 -083 -014 -036 -072 +081
-006 +077 -052 -014 -052 -016 +078 +057 +045 -043 -060 -057 -081 -077 -025 +027 -076 -062 -072 +072 +084 -024 -013 +023 +038 -001 +046 -050 -003 +031 +074 +037 -046 -045 -087 +062 -055 -086 +024 +053 -020 -045 +071 +085 +002 -028 -082 +032 +026 +034 -022 +031 +073 +030 +000 -044 -075 +028 -024 -085 +064 +020 +022 -045 -040 -034 +043 +063 +013 +043 +027 -044 +017 +023 -076 -054 +064 -032 -083 -081 +050 -057 +084 +002 +044 -085 +087 -087 -002 -044 -053 +023 -036 +043 -051 -074 -005 -043 -080 +011 +023 +064 +062 +064 +016 +053 +024 -032 -065 +063 +003 +066
-055 -038 -063 +070 +002 -007 -067 +021 +067 +067 +051 +071 +058 -054 -030 +025 -088 +056 +060 -083 +024 -006 -074 +010 -040 +020 +067 +053 +055 -035 -041 -045 +028 +002 +054 +078 -061 -050 +057 -080 +018 +078 -071 +035 +070 +003 +066 -053 -044 +032 +071 +031 +072 -015 -035 +036 +037 -025 -070 -068 -012 +040 -005 +013 +073 -010 -048 -011 -083 -053 -084 -027 +077 +040 -056 -024 -061 +033 -070 +047 +073 +060 -020 +084 +066 +037 +041 +080 -025 -008 +000 -076 +014 -005 -005 +046 -064 -054 +075 +045 +016 +072 -045 +017 +077 +023 -020 +084 +068 +022 -016 -002
+027 +002 +020 +050 +010 -003 -038 -081 +008 +080 -030 +076 -048 -012 +012 +028 +032 -012 +042 -060 +051 -086 +077 -080 +012 +033 -066 +033 +016 -057 -021 -041 +056 +016 +027 -083 +008 -033 -013 +065 -000 +072 -057 -052 +024 +055 -026 -046 +074 +083 -032 +020 -014 -056 +067 -008 -005 +008 +021 +085 -070 -051 +070 +018 -051 +035 -023 +051 +061 -010 -020 -081 +014 -072 +071 +013 +047 +055 +056 -073 +066 +055 +051 -027 -024 +077 -012 -006 -017 -084 +075 -048 +036 -058 -014 +022 -071 +046 +010 +024 +015 -034 +024 +062 -084 +011 +011 -073 -000 +003 +002 +086
-086 +030 +052 -001 -030 +061 -014 -038 +070 -071 -021 +022 -064 +043 +015 +032 -001 -015 -023 +014 -047 +068 +016 +054 -033 -012 -031 +032 -027 +036 -025 -016 +074 -016 -064 +037 -043 +048 -015 -012 -076 +047 +021 -023 -005 +053 -026 +081 +057 +080 -000 -002 +027 -047 -067 +054 +061 +066 -086 +046 +046 +008 +015 +076 +015 -047 -001 +065 -051 -005 +070 +086 -067 -008 +010 -005 +003 -077 +084 +025 +046 -084 -027 +032 -031 +012 +080 +028 +076 -044 +004 -031 +016 +053 +042 +026 -010 -063 -084 +022 +064 -032 +018 -071 +000 +076 -034 -033 +038 -065 +075 -034
+074 +033 -074 -010 -043 -028 +068 -028 +040 +026 +087 +010 -035 +013 +016 +023 +087 +038 -020 +063 -030 -014 -012 +034 -011 -072 +007 +046 -027 -051 +077 -048 +065 +042 -024 +044 +056 +068 -072 -060 -061 +082 -031 +037 -018 +016 -066 -051 -022 -081 +022 -015 -023 -033 -020 -047 +064 -035 -065 -068 +048 -006 -012 -073 +024 -055 -062 +032 -025 -053 -046 -081 -061 +022 +016 -002 -082 +084 -072 -044 -040 +016 +082 -028 -038 +063 +002 -013 -056 -026 +071 +027 -056 -020 -072 +046 -030 -063 +002 -023 +046 -064 +002 -075 -001 -066 -026 -085 +081 +023 -013 +000
+047 -048 -047 -061 -053 -046 +075 -005 -013 +043 +077 +014 +035 -085 -004 -027 -061 -042 -052 +044 +006 +076 +025 -082 +084 -024 +085 -062 -026 +007 +062 +075 +045 -025 +002 -026 -074 -045 -011 +077 -031 -036 +064 -058 -053 +047 -043 +011 -082 -071 -004 +065 +000 -064 -052 +054 +033 -081 +006 +046 +024 -076 -072 +062 +000 +076 -100 -034 +028 -088 +015 +028 +077 +057 -027 -045 -016 +047 -084 +030 +001 +005 -010 +023 +081 +014 -068 +007 +010 -000 -058 +075 +037 -074 +042 +074 -016 +088 -053 -053 +006 +037 +027 -007 +078 +034 -086 -003 -041 +076 -007 +050
-033 +004 -006 +078 -020 -000 -017 +057 +028 +012 -058 +021 -085 -028 -084 -014 +053 -004 +074 +018 -080 -051 -055 +036 -048 -023 +001 +030 +050 -082 +084 +042 +076 -031 +031 +074 -073 +087 +036 -075 +065 +027 +025 +087 -065 +075 +018 +068 -053 -036 +063 -036 +007 +025 +022 -048 +017 -082 +043 -005 -018 +012 +042 -066 +085 -015 -075 +087 +037 -032 +067 -023 -020 +014 -006 -026 +053 -058 +012 +034 -073 -077 +025 +065 -052 -010 -042 -005 +018 -008 +000 +064 +043 +025 +054 -066 -055 -015 -088 +013 -053 +076 -033 +100 -031 +085 -072 +080 -033 -081 +061 -035
-066 +055 -041 -051 -018 +050 -013 -034 +050 -058 -067 +012 +022 -067 -025 +006 -035 +066 -063 -027 -064 -011 -031 -063 +057 -062 -004 -053 -050 -044 +007 -084 +064 -053 -085 +012 +066 +081 +046 -003 -086 -024 +080 -030 +021 -072 -083 -078 +037 -066 +005 -053 -038 +061 -015 +066 +080 -043 -024 +075 +071 -054 +064 +063 +076 -022 -054 +084 -027 -045 +018 -006 -075 +040 -038 +001 +052 -087 +007 +087 -055 +017 -035 +013 +026 -038 -031 +042 -037 +025 +085 -067 +036 -024 +005 +072 -001 -052 +062 -063 -087 -051 -003 -007 +087 +082 +053 -003 -006 -045 -084 -086
-035 -050 +011 +048 -004 -084 +085 -047 +076 -061 +045 -038 +073 +046 +063 +081 +036 -077 +003 -033 +088 +073 -002 -027 +085 +077 -067 -017 +011 +086 -067 -008 +060 -032 -031 -005 +061 +004 +065 +036 +051 +026 +086 +070 +065 +027 +078 +041 +057 +047 -043 -063 +064 +067 +002 +045 +040 -088 -053 +031 -077 -022 +052 +060 -041 -071 +001 +023 -087 +048 +071 -012 +064 -074 -075 -027 +010 -046 -032 +022 +048 -002 +025 -012 +053 +060 +037 -016 -083 +087 -051 +085 -044 +078 -011 -060 +034 -072 -062 -063 +018 +046 +035 +007 +023 -067 -041 -070 +028 -006 -023 +050
+037 -047 +078 -026 -022 +053 +045 +070 -011 +033 +060 -068 +018 +026 +046 +020 +081 +021 -058 -082 +031 -075 -022 -043 +083 -018 -066 +006 -053 +051 -088 +033 -070 +018 -088 +046 +077 +084 +035 -016 -080 +021 +081 -071 -075 -054 -008 -050 +085 +051 +055 -083 -076 -043 -033 -078 -056 -012 -014 -017 -068 +001 +053 +044 +038 -014 +041 +043 +051 +014 -077 -030 +064 +028 -085 +011 +025 -052 -031 -086 +076 -010 -000 +050 +066 +081 +062 +045 +042 -043 +023 -035 +007 -056 +042 +018 -083 +100 +047 -027 +003 +076 +017 -015 +041 +011 +004 -060 +054 +051 -034 -083
-074 -046 +062 -051 -088 -052 +050 -015 +048 +006 +054 +038 -052 +051 +010 -033 +077 +086 +082 -040 +060 +030 -005 -023 +021 +028 -088 -071 -044 +087 +078 -057 -037 -003 -056 -001 -074 +017 -088 +084 +071 -075 -071 +087 +054 +046 +031 -043 +070 -026 -040 -061 -002 -022 -025 +024 +060 -038 +007 +077 -015 +051 -067 -028 -036 -056 -015 -068 +015 -087 -055 -017 -043 +070 -047 -031 -014 +067 -082 +068 -001 -038 +088 -082 +087 +023 +031 -061 -017 +054 +074 +077 +065 -088 -063 +074 +048 +017 -006 -087 +015 -021 +087 -066 +020 -051 +075 -004 +021 +022 +048 +072
+077 -083 +045 -004 -040 +044 -067 +063 +053 -003 +082 +076 +000 +053 +043 -068 -002 +100 -000 -014 +015 +064 -057 +040 -026 -025 -043 -063 +035 -070 +041 +016 -063 -047 -087 -063 +007 +075 -040 -075 -033 -057 +042 -078 -035 -038 +067 +034 +026 -027 +075 +063 -087 +062 -003 +014 -051 -077 +075 -024 -081 +025 +052 -084 -044 +040 -062 +068 -035 -065 -060 -015 -003 +005 -087 +053 +078 +002 -036 +064 -064 +027 -058 -052 +011 -061 -030 -057 -020 -072 -004 -043 +035 -057 +036 +046 +004 +038 +023 +066 -078 -021 +016 -035 +011 +042 +047 +082 -054 +088 +078 +021
+061 -001 +023 +018 -076 +025 -000 +050 -072 +068 -066 +055 -071 +040 +042 -057 -014 +005 -045 +057 -023 -084 -051 +050 -024 -020 -004 +075 -067 +066 -012 -046 -016 -001 -047 -083 -065 -061 -048 +027 -004 +070 -030 -022 -036 +077 -021 -004 -000 -035 -074 -081 +082 +047 -024 -042 -072 -008 -007 -068 -056 +027 +022 -034 +008 +030 -061 -044 -027 +002 -030 +016 +022 -023 -087 -081 -028 -070 +031 -034 -035 +005 +028 +021 -022 -040 +037 +056 -066 +056 +047 +044 +036 -045 +077 +032 +040 -080 +063 +068 +051 -020 +061 +070 +040 +063 +001 +026 +037 +075 +082 -024
+066 +011 +041 -004 +031 +068 -033 +033 -067 +025 -055 -073 -048 -082 -003 -053 +030 +024 -047 +060 -050 +054 -055 +088 -072 +031 +018 -065 +052 -070 +043 -073 -035 -026 -051 -020 +025 -070 +083 -046 -045 -024 -055 +065 +080 -015 +077 +080 +001 -060 -062 -004 -000 +058 +100 +008 -083 -084 -022 +087 +081 -014 +067 -024 +051 +044 -005 +068 -065 -067 +061 -048 -041 +066 +006 -084 +045 -022 -026 +077 +062 +023 +042 -071 -052 -005 -001 +065 +033 -025 -054 -063 -060 +015 +088 -066 +017 +023 +065 +032 -087 -078 -035 +087 +067 +046 +070 +088 -067 +085 +021 -068
-072 +021 +060 +035 -028 -072 -000 +074 -085 +028 -060 +068 +030 -011 +068 +062 +033 +003 -026 -088 +080 -057 +031 -000 -041 +004 -070 +044 -014 -037 -084 +036 -045 +004 +025 -055 +007 -051 -002 -081 +081 +046 +044 +061 -100 +050 +038 +000 -026 +045 +085 -040 +061 +012 +052 +025 +084 +064 +016 -063 +084 -007 -053 +006 -078 +042 +043 -071 -016 +031 -076 +047 -010 -063 +068 +024 +033 -014 +030 +047 +013 -055 +021 +084 -061 +038 +056 -067 -035 -067 +088 -006 -047 -015 -014 -077 +071 +054 +013 -058 +027 -071 +030 -068 +065 +012 +002 -063 +047 +052 +056 -020
+006 +008 +047 +060 +061 -032 -048 -034 -081 +008 -032 -087 +035 -076 -033 +087 -048 -012 -064 +016 -082 +086 +003 +028 -084 +010 +028 -054 -014 +047 +024 -062 +075 -077 -011 +036 -012 -065 +048 +041 +041 -030 +034 +086 -000 +046 +086 -032 -065 -030 +066 +045 +034 +006 +026 -005 -074 -021 -008 -022 +076 -065 +046 -073 +076 -047 +052 +087 -064 -061 -071 +066 -074 -080 +064 +063 -033 -010 -077 +014 +026 -030 +030 +030 +026 -073 +073 -066 +087 +052 -028 -005 -062 -002 +056 -032 +031 +086 +038 -004 -087 -036 +078 +010 +072 -024 -026 +073 -054 +036 -010 -042
+081 -040 -085 +065 +040 +048 -053 -030 -012 -065 -073 -085 +054 -030 -028 -065 -057 -010 +047 +064 +003 -034 -003 +026 -065 -076 +072 -045 -063 -000 +027 -082 -043 -082 -057 -078 -014 +028 -012 -017 -016 +058 +040 -082 +040 +084 -080 +067 +076 -072 +010 -050 +010 -010 +067 -043 +012 +017 +012 +046 +043 -056 -002 +084 +080 -077 -030 -005 +100 +078 -040 +078 +062 +063 -047 -028 -088 +066 +071 -035 +051 +062 +061 -078 +004 +006 -015 -013 +056 -060 +061 +005 +021 +042 -013 -082 -052 +050 -061 +016 -021 -026 +041 +073 -013 -084 -033 +052 +065 +036 -077 -073
-016 -037 -074 +051 +052 -088 +056 -053 -044 +055 +071 +062 +050 -074 -021 +027 +014 -016 -077 +062 -042 -070 -071 +060 -028 +062 +002 +024 +015 -086 +016 +038 -023 +076 -015 -044 +033 +022 -003 -051 +035 +038 +074 +000 +083 -008 +068 +040 -035 +044 +032 +063 +073 +056 -001 +072 -011 +083 -023 -010 -077 -052 -033 +068 +045 +043 +076 -027 +010 +074 +048 -068 -011 +045 -022 -044 -033 -081 +083 -063 +077 -070 +077 +030 -006 +040 +031 -007 -035 +051 +061 +020 +082 +053 -066 +024 +036 -026 -007 -082 +035 +056 -050 +057 -056 -006 -087 -025 -073 -082 +014 -067
-000 -077 -077 -080 +015 +070 -016 +045 +022 -081 +064 -025 -061 -032 -034 +055 +025 -058 +072 +007 +006 +023 -055 -061 -006 -023 -040 -044 +065 +018 -067 -081 +056 +037 +005 -073 +042 +056 +020 -048 +027 +023 -021 -077 +000 +003 +081 +081 -038 +014 +083 -044 +084 +086 -085 +087 -072 -078 +076 +072 +036 +083 -067 +075 +044 -042 +002 -005 +081 -057 +063 +062 +001 +084 +036 +041 +083 +075 -012 -007 -087 +045 +037 +085 +057 -041 +005 +057 +052 +000 -031 -032 +066 +031 +031 -056 -078 +066 -070 +018 -056 +007 +061 +060 -025 +028 +020 +021 -048 -012 +076 +055
-037 -043 -056 +048 +028 +012 -017 +007 +081 -053 +072 +030 -026 +011 +012 -072 +064 +022 +060 +010 -021 +083 -061 -004 -004 -002 -074 +048 -037 +071 +024 -050 +025 +080 -046 -060 +011 +068 +036 -078 +010 +051 +080 +086 +060 -073 +001 +035 -082 -012 +030 -033 -050 -061 -064 +070 -005 +071 +062 -077 +023 +016 +025 -071 -077 +076 +042 -060 -078 -016 +022 -000 +056 +021 +024 -026 +037 -052 +077 +088 +073 +040 -076 -038 -044 +037 +028 -041 -052 +060 -062 +007 -063 -047 -026 -006 -014 -055 +002 -027 -056 -008 -063 -024 +071 +051 -075 +088 -005 -027 -066 -018
+066 -052 +072 +057 -063 +068 +083 -020 -028 -028 -081 +075 +085 +035 +020 +084 -082 +048 +033 -021 +051 +046 -036 +013 +000 +074 +008 -073 -033 +017 +055 -086 -006 +045 -073 -075 -031 -054 +008 +066 +044 -077 +053 -001 -023 -075 -045 +088 -051 +031 +036 +052 -035 -008 -042 +063 -022 +015 +062 -010 +014 -078 -002 +026 -002 -058 +002 -051 +035 +048 +052 -005 +050 -080 -048 -088 +023 -034 +026 +012 +044 -063 -061 +016 +073 -068 -066 +075 +052 +082 -016 +072 +065 -033 -057 +053 +061 -064 -027 -011 +035 +054 -038 -068 -071 -014 -044 -033 -047 -007 -083 -025
+048 +045 +036 -056 +000 +060 -004 +080 -073 +052 -068 -020 +002 +074 +067 -033 +068 +002 -024 -073 +005 +006 -037 -054 +012 +051 +016 +056 -100 -078 +081 +007 +062 -027 -046 -064 +037 -001 +066 +046 -078 -070 -031 -020 +003 +087 -023 +075 -065 +054 -008 +071 -015 +001 +000 -077 +014 +036 +062 -035 +025 -080 -018 -058 -046 +085 -086 -053 -055 +022 +071 -051 -017 -030 -083 -042 +047 -034 +078 -043 +045 -015 -087 +003 +042 +005 +036 +017 +083 +087 -058 +076 -072 -047 +047 +083 +075 -074 +074 +025 -017 +085 -003 -016 -036 +071 +033 +013 -030 -013 -028 -081
-062 -053 -086 -067 +028 -003 -040 +014 +035 -037 +080 -025 -042 -002 +002 +008 -062 -067 -053 +066 +050 +063 -065 +015 +017 +055 -042 -071 +071 -052 -020 +081 +027 -026 -076 +063 -004 -085 +008 +067 -060 +058 +043 -071 +085 +088 -027 -020 -076 -033 +005 -007 -046 +052 -047 -044 +050 -066 -046 +002 +075 +033 +085 +083 +075 -072 +100 +040 +073 -043 +013 +071 -020 +080 +005 +042 -012 +043 -056 +013 -033 -080 +026 +066 -085 +014 -076 -028 +053 -052 -057 -040 -033 +074 -026 -012 +086 -042 -087 +023 +053 +074 -007 +061 -005 +065 +055 -036 +030 -038 +032 +051
+026 -030 +036 +035 -084 -041 -017 +056 +085 -052 -016 -032 -062 -051 +076 -023 +041 +030 +022 +073 +084 +074 -025 +043 +076 +058 -045 +022 +058 +072 +000 -052 +011 +066 -001 +060 -031 +011 +071 +001 -078 -042 -072 -064 -030 +002 -025 -060 +062 -031 -058 +062 -078 -067 -076 -054 -010 -032 +088 +086 -086 -063 -034 -056 +046 +007 +008 +048 -001 -086 -000 +023 -004 +030 -073 -060 -014 -070 +075 +077 +015 +044 -030 +037 +042 +003 -005 -047 +033 +017 -032 +074 -012 -021 -072 +080 -072 -036 +056 +051 +074 -067 -034 -062 -082 +070 +003 -085 -024 -018 -052 -012
-017 -048 +084 +075 +067 -025 -087 +011 +010 -025 -000 +038 +060 +038 +073 -026 +003 -020 +070 -088 -004 -083 -084 -082 -068 -026 +008 -066 -004 -007 -006 -036 -040 +065 -084 -063 -044 -044 -033 -007 +052 -050 -012 +045 -028 +045 -007 +010 -014 -086 -087 -011 +053 -037 +033 +032 +084 +017 +057 +006 -013 +032 -014 -054 +084 -060 -052 -036 +024 -036 -074 +074 +025 +058 +070 +001 -021 -023 +027 -017 -053 -000 +005 -048 +065 +006 -070 -087 +073 -045 +035 -087 +076 -067 -062 -035 +072 +012 -024 +028 +010 -005 +046 -027 +017 +062 +056 -045 +036 +043 -008 -002
+028 +026 +077 -042 -007 +024 +082 +016 +023 +074 +063 +028 +082 -021 +011 +021 -024 -007 -014 +061 +033 -015 -043 -064 +056 -026 -072 +082 +030 +033 -046 +031 -087 -028 +037 +082 -080 -013 -065 +018 -070 -000 -023 +071 +026 -041 -018 -050 -013 -052 +046 -072 +028 -014 +000 -025 -064 -000 +082 +084 +061 +056 -073 +050 +070 -035 +062 -016 +016 -004 -047 -057 -011 +014 +048 -033 +012 -001 -082 +002 +001 +020 -054 +086 -071 -045 +031 +063 +007 +010 +004 +048 -031 -067 +050 -020 -010 +032 -003 -083 -072 +004 +043 +036 +024 -043 +062 -035 +072 -005 +044 +007
+050 +040 +041 -027 +037 -043 -028 -052 +011 -035 -017 -064 -037 -067 +066 -082 -040 -047 +026 +018 -062 -071 -072 -054 -087 -011 -071 -067 +053 +043 -030 -066 +045 -063 +085 -045 -000 -064 -027 -068 -068 -023 +078 -070 -065 -063 -016 -017 -047 -054 +001 -067 -023 +036 -064 +027 +044 +067 +067 -011 +061 -077 +100 +001 -083 -056 +063 +038 -015 +057 -036 +074 -077 +002 -084 -050 -047 +037 +027 -048 +060 +046 +021 +077 -012 +065 -066 -041 +061 -010 -083 -076 -017 -055 -013 -085 -004 -068 +035 +041 -023 +005 -081 -065 -044 -042 +047 +036 +023 -053 -062 +032
+058 +000 -012 +063 -007 -024 -048 +045 +030 +042 -053 +043 -065 -016 +025 -006 +022 -056 -051 +050 -012 -043 +054 +056 +037 -058 +031 -008 -050 -007 -013 +026 -053 +002 -064 +075 -081 +006 +071 +047 +070 +068 -074 -043 +071 +077 -043 +008 +085 +046 +061 -078 +065 +003 -085 -026 -012 -083 -003 -037 +037 -074 -036 +085 +060 +054 +023 -073 +011 -008 -021 +051 +083 +025 -022 -080 +067 -074 -000 +066 -056 +086 -032 -011 +067 +074 +016 -066 -040 +031 -027 -041 -058 -002 -048 +081 -051 -037 -063 -038 -037 +061 -048 +021 +075 +060 -061 -031 -075 +012 +055 +025
+060 +024 -067 +027 -071 +088 -042 -036 +030 -033 -087 -012 +088 +048 -048 +055 -016 +013 -078 +067 +005 -084 -072 +043 -055 -074 -044 -021 +051 +073 +025 +006 +035 -081 +064 +087 -032 -081 -081 +078 -001 +047 -050 -014 -062 -015 +077 +043 +062 +100 -007 +035 -011 +082 -074 +082 +081 +017 -058 +078 -038 -072 +015 +077 +014 -023 +035 +052 -008 +027 -001 -045 +005 -010 +013 +024 +070 -010 -031 -035 -011 -041 -075 +037 -021 -003 -081 +000 +030 +067 +045 -007 +010 -050 -002 -037 +016 -058 +070 +085 +008 +015 -041 +007 -021 -056 +100 -003 +024 -018 +017 +088
-061 -014 +026 +031 +024 +072 -006 +078 +014 -032 -045 +046 -074 -003 -057 +023 -053 -078 +080 -071 +045 +002 -003 +062 +022 +077 +007 +057 +087 +046 +024 +028 +042 -012 -081 -044 +061 -072 -070 -070 -062 +076 -046 -010 -038 -031 +022 +057 -010 -038 +048 -066 -030 +035 +003 +053 +034 -026 -016 -087 +062 -088 +056 +031 -006 -022 -013 +060 +011 -070 -013 +033 -044 +015 -040 -031 -042 -053 -066 -041 -018 +010 -085 -081 +083 +084 -074 +082 -028 +021 +071 +004 +068 -013 -006 +037 +084 +011 +077 -015 +065 -057 -025 +084 -005 -031 +060 -067 +003 +033 +034 -071
+007 -002 +046 +088 +036 +007 +073 +045 -022 -030 +067 -005 -043 +002 -058 -067 +036 -066 +073 -035 +087 +026 +005 +037 -066 +013 +047 -067 -043 +066 -016 +002 -057 -054 -037 +017 +005 +076 +078 -078 -071 +053 +067 +047 -062 +054 -014 -006 -045 -031 +027 +014 -065 +033 +012 +078 +040 -077 +060 +035 -050 +026 +081 +024 -036 +011 -037 +026 +045 +044 +071 +080 -042 +025 -085 -068 -051 -010 -028 -041 -068 +076 +075 +025 +068 -067 -018 -003 -064 +084 +075 +040 -021 +018 -033 +013 +007 -007 +075 -072 +001 +032 +076 +047 -004 -028 +070 +036 -051 -080 -016 -085
-017 -043 +013 -072 +064 -075 -028 +020 -002 +034 -084 -045 +042 -060 +010 +081 -076 +011 +071 -072 -020 -058 +046 -072 +075 -030 -061 -055 +037 +068 -020 +051 -064 -077 +065 +022 +033 +027 +015 +036 -070 -043 -021 -043 +025 -014 -052 -028 +087 -063 +027 +066 -078 +028 +047 +024 +051 +100 -056 +062 -046 +016 +071 -043 -064 +070 +071 -044 +017 -000 -075 -020 +000 -085 -006 +082 +047 +083 +015 -001 +027 +088 -076 +006 -055 +045 -043 -022 -002 +016 -088 +038 -030 -055 +047 -024 +030 +022 +071 +070 -088 +034 +005 +012 -062 -048 -051 -061 +025 +043 +025 +064
+053 +038 +040 -072 +007 -075 -080 +013 +005 +021 -016 +066 -075 -033 -000 +020 -010 -071 +076 +042 +012 +022 -083 -018 +002 -007 +005 +012 -012 +014 +080 -080 +038 +001 -028 +003 -001 -021 -038 -022 -006 +027 +084 +086 -058 +085 +061 +008 +067 +050 +032 +072 +043 +082 +023 +050 +041 -080 +020 -048 -006 +066 -010 -066 +060 +085 -078 +040 +044 -011 +032 -047 +001 +058 +031 +017 -075 +048 -027 -026 +062 +002 -083 -061 +045 -036 -053 +055 +072 +005 +057 +083 +071 -058 +011 -067 -042 +053 -018 +067 -064 +072 -037 +070 -043 -007 +030 +037 +010 +067 -021 +020
+047 +014 +072 -071 +028 +047 -084 +030 -007 -010 +008 -085 +052 +067 -003 -004 +087 -030 -071 +087 -044 -001 -087 -048 +003 -071 +026 +058 -070 +087 +077 +052 -005 -008 -030 +008 -055 +052 -082 +014 +088 +010 -064 +084 +082 -044 +043 -065 +073 +058 -001 -038 -012 -043 -028 +056 +021 -047 -100 -083 -038 +068 -032 -066 +065 +054 +023 +071 -008 +066 +050 -062 -023 +006 -022 +078 -007 -074 -043 +018 -011 -042 -054 -033 +043 +002 +004 +071 -006 +032 +028 -015 -083 -088 -046 +070 -067 +040 -076 -000 +058 -042 +006 +037 +061 +048 +012 +051 +001 +072 -068 -061
-043 -006 +011 -007 -017 -000 +086 -086 -013 -031 -002 -038 +044 +004 -080 +087 -067 -000 -011 +042 -086 +056 +042 +073 -034 -063 +036 +078 -086 -044 -058 +013 -052 +040 +007 -047 +043 -026 +048 +004 -065 -068 -056 -080 +071 +088 -031 +013 +075 -054 -088 +036 -070 -036 -074 -018 -050 -071 +034 -085 +076 +068 +012 +011 +024 -057 -017 +057 -011 -025 +013 -080 -051 +011 +000 +063 +035 +075 +016 +018 -046 +033 -041 +088 -032 +078 +047 -026 +077 -001 +002 -036 -005 +007 -024 +055 -081 +006 -080 +052 +005 +050 -015 +014 -087 +018 -057 -072 -057 +088 -057 -046
-033 -032 +007 +025 +025 -018 -046 -076 -068 +067 -035 +035 +055 +026 -014 +026 -026 +037 +076 +031 -037 +015 -080 -021 -004 -051 -061 -087 +082 -010 -081 -018 +051 +058 -070 -015 +060 -078 -074 +068 +072 -081 -045 +065 +074 +035 +012 -078 +035 -063 -021 +006 +055 -017 +031 +012 +054 -062 +058 +084 -045 -085 -051 +006 +085 -063 +082 -017 -035 +011 -075 +077 +066 -083 +007 +001 +063 -025 +057 -024 -076 +007 -087 +026 -016 -051 -022 -032 -042 +052 +002 -040 +083 -084 +081 -030 +075 -004 +050 -040 +083 -088 -077 -028 -031 +073 -064 -018 +010 +030 -058 +058
+008 -016 -056 -056 +084 -050 +082 -074 +035 +022 -017 -036 +080 -015 +050 +061 +070 +087 +080 -050 -065 -065 +060 -011 -048 +063 -073 -083 +015 +006 -004 +031 +027 +036 -041 +043 -053 +004 -041 -035 +083 -002 -024 +024 -005 +020 -086 -042 -043 +032 -073 -050 -025 -075 +084 -043 -056 +076 +055 +021 -085 +025 +028 -055 +088 +004 +035 +084 +016 +001 -061 +000 -006 -000 -002 +046 -054 +063 +061 -076 -055 +100 -058 +042 +058 -022 -054 +087 +030 -067 +042 +058 -081 +018 -027 +081 +033 +040 -058 +008 +048 -066 +016 -070 +018 -015 +084 +058 +018 -017 -010 -038
+084 -017 -041 +078 +077 +066 -067 +057 +052 -036 -058 -031 +048 -008 -046 -087 -072 +082 -024 -003 -062 -026 +024 -068 -072 +046 +074 -057 -082 +028 -083 -045 +032 +037 -051 +012 +030 -043 -053 -020 -035 +026 -088 +070 +088 -083 +073 -070 -011 +054 +054 -011 +001 +027 +018 -066 -036 +040 +047 +023 -021 -013 +001 -055 -030 +037 +017 -013 -072 -066 -027 +068 -061 +080 +020 +061 +042 +021 -003 -015 -035 -002 -020 -076 +010 +011 +050 -016 +012 -020 -002 +045 -003 -030 -028 -034 -002 +042 -012 -063 +075 +001 +042 +085 +056 -078 +066 -062 -034 +071 +020 +048
-051 +011 +055 -080 -051 +083 +008 -044 -007 +018 -004 -056 +032 +012 +071 +010 -001 +081 +066 -043 -047 +075 +056 +076 -057 -012 +086 +063 +038 +082 +004 -038 +056 +024 -051 +050 -000 -078 +078 +028 +027 -085 -003 +005 -080 +046 -073 -007 -082 +008 -080 -026 +061 -001 +025 +070 +057 +076 -024 +003 +066 -044 +004 -007 +083 +064 -027 +000 +054 -050 +055 +083 -038 -068 +067 +086 +024 +007 -016 +031 -077 +072 +045 -001 +052 +046 -013 +085 +004 +027 -044 +074 -053 +037 -022 +021 -070 -077 -052 -023 +087 +080 -071 -000 +057 -014 -067 +047 -064 +033 +031 +053
-031 -045 +028 +056 +082 -070 +078 -043 -085 -011 +011 +064 -005 -037 -011 +033 +063 -085 +007 -016 -021 -075 +086 +000 -036 -051 +035 -044 +027 +010 +037 +073 +021 -028 -076 +010 -024 -061 +057 -023 -053 +085 +066 +037 +015 -085 -064 -057 +088 -058 +070 +011 +070 -024 -086 -004 +066 +011 -066 +015 -078 +050 +044 -032 -018 -011 -035 -002 -057 +011 +083 -030 -084 -047 -025 +000 -065 +017 -030 -016 -037 +035 -013 +080 -015 -043 -078 -087 -072 +031 +100 +025 -046 -086 +061 -021 -026 -007 +073 -041 -088 +088 +044 -027 -062 +074 +075 +070 -066 +004 -034 +055
-040 +012 +046 +070 -014 +018 -034 +047 -087 -087 +022 +077 +076 +016 -085 -074 +076 +035 -013 +048 +060 -048 -003 -045 +041 -015 -052 -067 +012 +033 -081 +041 -046 +045 -048 +070 +016 -023 +028 -014 -036 -006 -084 -087 -031 -065 -006 -021 +045 -084 -048 +043 +008 +026 +080 +068 -001 +086 +031 +075 -087 -081 -077 +033 -021 +070 -038 -088 +017 -010 +056 +047 +035 -011 -072 +074 +026 +041 -057 -018 -034 +002 +017 +000 +082 -031 +060 -087 -081 +048 +006 -060 +045 +048 -061 -044 +021 +016 +000 +036 +077 +082 -026 +076 +080 -008 +057 -038 -082 +086 +042 +063
-003 -087 -022 +025 -010 -018 +024 +086 -066 -053 -017 +034 -063 +088 -028 -052 +040 +048 +064 +078 +074 -016 +013 -045 +030 +006 +015 -048 +062 +035 -033 -005 +071 -048 -023 +036 +000 -074 +018 -061 +003 -062 -016 -044 -073 +075 -057 -070 -025 +056 +024 -075 -045 -031 -086 -085 -078 +044 +037 -018 -026 -025 +071 +034 -002 +024 -053 -017 -013 -053 -083 +020 +010 +061 -070 -048 +085 -024 -068 -087 -040 +058 -073 -002 +048 -054 -020 +051 +051 +058 +023 +040 +056 -078 +060 +000 +013 +056 +065 +020 -025 -021 +086 +086 +041 +078 -053 +005 -000 -051 +052 -065
-018 +056 -028 -052 -083 -082 +074 +012 +012 +034 -073 -001 -048 +023 -067 +025 -031 +045 +000 -050 +070 +000 -084 -022 +034 -016 -071 +063 +034 -071 +004 +080 -040 +003 -047 +028 -025 -057 +033 +060 +078 -057 +077 -030 -035 +007 +011 -065 +064 -073 +075 +021 -086 -086 -011 -017 +048 -050 +033 -076 +024 -022 +053 +005 -033 -010 +043 +013 +024 +032 -038 -074 -088 +028 +057 -084 -008 +063 +001 -035 -030 +014 -084 +035 +054 +001 -010 -074 -018 +010 +048 -058 +042 +002 +021 +050 -004 +062 -080 -034 +007 -060 -068 +031 -071 -032 +082 -020 +043 +078 +100 -013
-065 +067 +046 -070 +054 -005 -086 +037 +020 +078 -042 -013 -045 -022 -031 -036 -036 -001 +045 +046 -018 +064 +037 -014 -084 +037 +038 +005 -020 +086 -050 +044 +003 -041 +055 +006 +052 +002 -053 -080 -066 +008 -045 +064 -080 -007 -056 -024 -067 -036 -045 -038 +041 -085 +054 +006 +034 -017 -003 +064 -080 +005 -054 -023 +046 -064 -046 +008 -047 +033 -070 +070 -040 -011 -003 +018 +043 +076 -065 -034 -068 -085 -057 -016 +064 -055 -013 +035 +077 +024 +087 +051 +033 +020 +001 -063 -042 -006 -026 -028 -056 +025 -022 -028 +026 +002 -052 -055 -058 -026 +015 +013
-064 -006 -063 -052 -070 +010 +001 -012 -075 +028 -038 +037 +088 -017 +002 -018 +058 +015 -085 -070 -084 +077 -027 -043 +018 -100 -075 -018 -040 -035 +008 -064 +086 -052 +001 -031 -025 -043 +073 -084 -077 +033 +081 +080 +018 +076 +084 -017 +050 -036 -062 -044 +084 +015 -027 +084 -032 +086 +025 -034 +000 +061 +010 +020 -026 +038 +033 +086 +018 -036 -084 -032 -083 +020 -056 +005 +062 -017 -000 -041 +013 +023 -086 -020 +076 -006 -060 -081 -077 -037 +053 -027 +077 -037 -020 -058 +043 +047 -027 +082 +054 +008 +003 -004 -042 -036 -055 +013 +074 -047 +073 +075
+020 -085 -003 -078 -085 -054 +031 +048 +014 -071 -086 +087 -026 +005 +051 -080 -001 -065 +085 +025 +014 -031 +038 +072 +007 +016 -067 +008 +040 +067 -020 -028 +022 -001 -056 +064 +008 +044 -044 -046 -054 -055 +080 +043 +002 +002 +044 -057 +082 -034 -040 -038 -062 +066 -070 -013 -057 -066 +012 -074 +032 -057 -013 -070 -081 -056 +054 +003 -003 -056 +074 -035 -020 +085 +034 -011 -080 +084 -046 +035 -025 +071 +088 -068 +055 +032 -047 +077 +060 +034 +081 +053 +008 -061 +001 -067 +023 -044 -021 +005 +027 -036 +081 -053 +065 +011 -061 -054 -077 -088 +065 -080
-075 -076 +043 -040 +082 +017 +075 -056 -011 +077 +080 +011 -050 -026 -087 +002 +020 +077 -086 +041 -010 +041 +031 -032 +013 +048 +063 +081 +007 +073 -028 -065 +086 -083 +065 +003 +078 -083 -060 +032 +013 -070 -063 -014 +008 -067 -053 +018 +032 +058 -030 +025 +010 +047 -010 +032 -034 +016 -024 +054 +006 -034 -014 -022 -053 +046 -035 -046 +054 +048 -055 -028 -027 -034 -054 +047 +067 -052 +018 -042 -054 -010 -084 -082 -086 -014 -031 +045 +000 -088 +076 +057 +044 +014 -042 +078 +048 +061 +034 -040 +056 -085 -033 -072 -072 +024 -076 +030 -066 +015 -083 +027
-040 -057 -061 -050 -071 +020 -082 +068 +011 +004 +076 -032 -040 -007 -037 +030 -014 +051 +022 -084 -083 +010 +004 +034 +054 +040 +085 -035 +042 +015 -060 -087 +033 +016 +087 +022 +056 -066 -073 -066 +047 -006 +048 +076 +033 -010 -008 -036 +046 +052 +000 -015 -034 -084 +066 +088 -053 -001 +051 -027 -075 +064 +054 -014 -017 -008 +003 +073 -035 -048 -037 +064 -015 -048 +065 -024 +073 +060 -037 -070 -038 -028 +078 +007 +045 -048 -037 -041 +066 -068 +003 -017 +025 -046 -077 -072 -074 -032 +011 -042 -056 +080 -016 +016 +026 -074 -088 -003 +063 +023 +032 +062
+010 -000 -026 +052 +070 +070 +068 +081 -018 +078 +050 +038 -031 +018 +005 +010 -052 +013 +004 -084 -082 +060 +016 -072 +063 +088 -080 +038 +003 -046 +085 -074 +035 -082 +077 -068 +016 -005 -086 -055 -048 -041 -082 -043 -043 -012 -008 +085 +041 +088 +085 +001 +053 +057 -023 -041 -088 +006 -038 -064 +033 -006 -043 +058 +052 +035 +076 +034 +084 +006 +042 -040 -027 +055 +053 +086 +045 +033 +007 -072 -010 -026 +085 -065 +061 +007 +048 -002 -062 -036 -040 +058 +070 -007 -054 +004 +035 -014 -045 -067 +044 -022 +005 -050 +016 -070 -042 +071 +020 -002 -067 -032
-062 +014 +043 -021 +032 -081 -085 +053 -062 +047 -050 +025 +023 +010 +070 -003 -044 +010 +045 -046 +055 +064 -083 +007 -085 +038 +055 +010 +047 +088 +085 +068 +075 -048 -010 +052 -007 +048 +071 -014 +006 -064 +045 +007 +030 -045 +061 -007 -000 -076 -040 +022 +003 -072 -044 -054 +023 +018 +063 +036 -031 +068 +081 -053 +100 +065 -056 -050 -054 +037 +015 -004 -075 -084 +014 -064 -080 +022 -011 +012 +028 -041 -083 -005 +048 +074 +038 -055 +047 -020 +071 -005 -015 -046 -047 +030 +048 +066 +052 +026 -013 +023 +044 -038 -076 -003 +006 +082 -067 +057 +030 -075
-064 +047 +084 -007 -034 -088 +082 +017 +026 +046 +054 -045 -015 +020 -051 +057 +047 +010 -026 -056 +046 +036 +057 -051 +020 +081 -081 -084 -054 -056 -060 +030 -055 -022 +031 -100 +075 +036 -065 +003 +027 -066 +048 -028 +077 +088 +083 +056 -005 -085 +001 -071 -036 +010 -060 -053 +036 -080 +037 +052 +018 +000 -026 +017 +034 -003 -004 +055 +084 -038 -075 +037 +027 -071 -075 +061 +035 +026 -077 +022 -002 +065 -042 +031 -034 +083 -074 +007 -037 -027 -014 +052 +010 +057 +071 -005 -032 -063 +015 +016 -070 -073 -033 +014 -055 -050 -064 -047 -082 -027 +083 +080
+003 -083 -084 -083 +008 +050 +034 -050 +023 +018 +050 -085 +078 -023 -025 +085 -088 -080 -025 +031 -001 -082 -088 -045 -072 +027 +025 +016 -001 +066 -043 +077 +074 +077 +030 -002 +051 +060 -028 +078 +085 -064 -007 +060 -010 +005 -081 +016 +007 -034 +023 -086 -067 +004 -050 +004 -037 -074 +020 +058 +072 -078 -031 -001 -001 -057 -065 +022 +017 +028 +083 -078 -037 +068 +083 -008 +001 -081 +067 -014 +085 -023 -048 +074 -036 +072 -084 +080 +005 +022 -037 +010 -074 -005 +086 -015 +051 +048 +007 +082 +007 +048 +023 +084 +074 +072 +088 -055 +045 -038 +073 -046
-031 +032 -050 +081 +013 -062 +074 -021 -065 +027 +075 -077 +088 +005 -066 +046 +048 +074 -013 -066 +063 +075 -032 -085 +013 +076 -026 +066 +032 -041 +065 +073 -070 +085 -041 +051 -066 +071 -084 -067 +045 +043 -008 +064 +023 -071 +054 -032 +067 +008 -038 +030 -006 -025 -015 -072 +072 +037 +004 -084 -006 -012 +033 +031 +011 -063 +067 -063 +014 +052 +100 +087 +031 -058 +061 +066 -027 +047 +018 +000 +043 -007 +054 -070 +061 -061 +037 -071 +040 -054 +048 +003 -066 +100 +066 -051 +030 +030 +050 -073 -000 -025 +100 -070 -004 -035 -023 -007 +075 +054 +035 -041
+004 +012 -063 -026 -087 +044 -087 -011 +071 -008 +026 -074 -024 -074 +034 -012 -088 -017 -024 +027 -064 +072 -080 +067 -084 +057 +035 +016 +047 +073 +024 -068 -063 -081 +072 -028 -057 -041 -036 -007 -064 +035 -058 +027 +005 +022 -044 -054 -100 +083 +035 -048 +087 -064 -033 +022 -080 -005 -071 +022 +068 -061 -018 -011 -060 -024 +081 +058 -052 +021 +013 +073 +054 -046 +031 +058 -038 -055 -004 -047 -058 -068 +070 -043 -058 -058 -015 +074 +074 -052 +011 -023 -075 +051 -074 -004 -027 +085 +057 -075 -053 -011 -016 +071 -050 +063 -030 -048 -000 -048 +035 -011
-027 +066 +047 +078 +065 +081 -023 -063 +066 -011 +073 +023 -028 +041 +046 +058 +041 +013 -066 +088 +061 -071 -061 -083 +083 -007 -055 -015 -017 +006 -074 +016 -010 +051 -041 +044 -055 +023 +070 +038 -074 +013 -043 -036 +060 +017 -056 -056 -022 -011 +033 -006 -035 +042 +087 +022 +063 +055 -026 +080 +010 -044 +023 -014 +075 +081 +078 +036 -013 +073 -050 -065 -052 -013 -070 -048 +073 +083 -062 +004 -086 -031 -011 +033 -071 +074 +082 +038 -042 +068 +065 -067 +002 -065 +065 +030 -025 -036 -007 +100 +043 -011 -040 -087 +070 -023 +084 -073 -042 +085 -074 -044
+083 +041 -012 +026 -076 +057 -071 -022 +021 +045 -004 -062 +085 +054 -061 +026 +005 -022 -032 -050 -023 +015 -037 +016 -071 +018 -074 +052 -017 -043 -075 -038 +061 -007 +028 -046 -055 +027 -010 +034 +050 +005 +000 -034 +020 +025 -051 -018 +004 +087 +016 +084 -021 +013 +036 -063 +046 -081 +010 -050 +085 +060 -011 -027 -077 +046 -026 +065 +073 -032 +084 +042 -080 +062 +056 +041 +020 -044 -072 +020 +000 -014 -055 +040 +066 +038 -061 -086 +017 +080 +015 +005 +034 -066 -023 -020 -041 +063 +077 +035 +014 +038 +085 +088 -073 +064 -033 -016 -003 -023 -058 +044
-070 -022 -033 -085 -048 +025 +027 +085 +046 -004 +021 -021 +056 +008 +080 +087 -061 -026 +075 -020 +036 +013 +010 +058 -010 +051 +024 -034 +026 +081 +067 +061 -075 -054 -007 +013 -001 +056 -083 +035 +030 -028 +030 +032 +061 -082 +008 -032 +026 +014 +022 -023 -038 -023 +052 -008 +082 +070 -070 -031 -077 -007 -085 -077 +085 +074 +086 -003 +025 +042 -053 -071 +014 +036 +063 +085 -018 +075 -041 -040 -063 -040 -042 -031 -022 +037 -075 +052 +042 +060 -020 -024 -083 +043 +062 -032 +046 +082 +000 -030 -001 +004 +016 -022 +055 +053 -065 -048 +063 +086 +020 +085
-025 -007 +036 -005 +037 -013 +003 -037 -025 +072 +078 +056 -008 -041 -063 -077 +001 -045 +011 -014 -001 -043 +071 +075 +025 -037 -002 -022 -012 +003 -075 +023 -012 -012 +012 +083 +077 -037 +048 -074 +086 +030 -054 +084 -036 +064 +070 +013 +060 -020 +027 +041 -028 -067 +062 -018 -045 +017 -003 -024 -075 +084 +086 +067 +021 -053 +015 +044 +032 -072 +084 -085 +001 -013 +031 -047 +027 +080 -048 -081 -018 -080 -032 +076 +080 +055 +087 -037 -084 +035 +007 -017 +087 +072 -027 +035 +050 -060 +044 -043 -021 -078 +070 -088 +045 +030 -086 +013 -032 +061 -054 +075
-042 -035 -080 -038 -004 -036 -046 -030 +015 -042 -032 +084 -056 -006 +002 +081 -018 +046 -045 +051 +021 -080 -080 +036 +085 +023 +046 +080 +038 -031 +031 +100 -001 +040 -011 -087 -017 -040 -071 +053 +016 -004 -080 -028 -084 -041 -010 -087 +081 +027 +082 -060 +085 +051 +064 +055 -055 -005 +006 +045 -023 -037 +050 -018 -004 +047 +073 -062 +048 +008 +043 +033 +011 +026 -060 +044 -010 +008 +004 -013 +020 -053 +013 +064 -015 -088 -088 -027 +083 -085 -077 -042 -076 -055 +035 +015 +041 +003 -035 -067 -033 -008 +003 -022 -006 +080 +070 +062 -017 +028 -000 -052
+066 +013 +006 -024 +063 -058 +015 +067 +004 -048 +054 -075 +004 -083 +020 -088 +016 +035 -018 -066 +074 -054 +017 -021 +003 -083 -010 +017 +046 -078 -080 +031 +073 -056 +065 -047 +048 -061 -013 -042 -060 +053 +002 +014 -063 +082 -087 +052 -053 +088 +068 +087 +013 -067 -083 -073 +063 -006 -006 -088 +070 +042 +041 -082 +006 -067 -076 +026 +070 -000 -004 +047 -042 +031 +032 +085 +024 +042 -023 -064 -022 -055 +046 -051 -037 +077 +087 +016 +003 -053 -068 -072 +061 +064 -076 +058 +053 +022 +047 +040 +041 +040 +000 +053 +051 -035 -075 +012 +014 +084 +046 -017
-034 +066 -064 -058 +075 -025 -056 +074 -052 +031 -001 -033 -028 -022 -087 +054 +080 -051 +035 +044 -054 +047 -073 -021 +030 +078 +061 -068 +072 -063 +022 -075 -078 -033 -010 -085 -034 -037 -026 +067 +073 -051 -075 -034 +034 +027 -015 -076 -053 -032 +041 -057 -058 -028 +083 +054 -088 +082 +043 -077 -012 +063 +044 +007 +038 +021 -044 +010 -061 +072 -023 +080 -041 -034 -045 +074 +063 +064 +036 -003 -042 -065 -042 +013 +005 +006 -073 +066 +018 +078 -073 -076 -015 +041 -013 -045 -084 +057 -033 +061 +035 +088 +067 +020 -082 -034 -046 -038 -047 -053 -023 +054
-082 +010 +015 -055 +030 +000 -082 +054 -002 +072 -026 +017 -085 +068 +065 -000 +080 +064 -036 +054 -055 -030 +060 +086 +027 +026 +043 -030 +038 +017 -015 -021 +003 -070 -040 +077 +081 -030 +052 +077 +046 -000 +002 -007 -048 +075 +031 -040 -066 -034 -041 -085 +011 +028 -004 +032 +057 -027 -027 -038 -054 +066 +055 -027 -015 +032 -073 +021 -028 -057 -078 +027 +052 -048 +080 -021 +084 +032 +081 +038 -068 -058 -014 -001 -026 +035 -072 +031 +057 +081 +087 +068 +056 -068 +084 -011 -026 +072 -057 +012 +014 +015 -017 -033 +034 -031 -048 -033 +022 +033 -085 -050
+008 +063 -071 -081 +038 +055 -074 +073 -007 +026 -020 -038 -014 -064 -005 +038 +043 -056 +037 +036 +002 +055 +015 -032 +027 -066 +001 -074 +046 -027 +081 -021 -082 +064 +077 -035 -025 +054 +083 -038 +012 +016 +056 -038 -065 +070 -005 -033 -062 -047 +070 +070 +044 -033 +081 -082 +035 -057 -082 +057 -067 -087 -005 +100 +020 -041 -018 -081 +100 -011 -007 +070 -003 -050 +000 -061 -062 -038 +063 +055 -005 +055 -003 +014 -018 +072 -063 +073 -067 -032 +081 -067 -076 -083 -035 -062 -014 +022 +048 -061 +034 -062 -040 +012 +042 +047 -026 -056 +056 +060 -018 +052
-010 -083 -012 +054 +001 -066 +065 +060 +025 -031 +012 +056 +083 -053 +062 +014 -033 +044 -033 +036 -032 -007 +066 +075 +051 -057 +067 +067 -010 +038 -037 -031 -018 -066 +063 +013 +000 -024 -073 +042 +035 -000 -034 -012 -038 +033 -081 -012 +034 +052 -066 +087 -002 -013 +017 +052 +078 -023 -078 +004 -050 +026 -023 +027 -041 +064 -004 -057 -031 -035 -053 +058 +078 +005 -010 -064 -001 +033 -006 +004 +026 -072 -087 +006 -050 +028 +031 -021 -082 +025 -001 +067 +022 -042 +045 +034 +001 -000 -067 -083 -058 -010 +015 +034 -031 +051 -083 -015 -076 +018 +082 +051
-056 +031 -062 +067 -063 -086 +036 +077 -003 -073 -015 -017 -046 -033 +017 -046 -082 -055 -076 +067 +021 -036 +052 +017 +028 -037 +018 -066 -027 +066 -070 -056 -085 -080 -071 -014 -084 -065 -022 +026 -028 -051 -063 +075 -006 -034 +023 -084 -031 +030 -020 -050 -075 +058 -015 -021 +005 +003 -030 -066 -044 -040 +054 +047 +002 +010 -074 +075 -012 +046 +060 +071 +047 +085 -087 -016 -063 -028 +080 +006 +044 +033 +040 -075 -004 -082 -025 +082 +073 +068 +041 -072 +077 -064 +068 -083 +074 +065 -078 +055 -011 +057 -041 -033 -000 -056 +083 +062 -057 -072 -012 +033
-063 +000 -056 -071 -033 +071 +087 -062 +023 +062 -031 -058 -058 +083 +037 +070 +000 +065 +057 +038 -086 +018 +062 -064 +045 +058 -031 +056 +015 +080 -065 +051 +017 +046 -077 +001 -068 -003 +034 -016 +062 -032 +051 -065 -031 -023 +073 +048 -040 -057 -021 -066 +000 +030 -081 +071 +022 -005 -070 -074 +035 -006 -076 +005 +060 -066 -024 -030 -017 -008 -005 -061 +034 -077 -068 +077 -046 +032 -013 -017 +053 +062 +001 +045 -076 -088 +010 -031 -066 +033 +011 +023 +057 +042 -085 +012 -087 +082 +007 -061 -072 +020 -001 -041 -063 -044 -055 -072 +075 -000 +071 +012
+035 -036 +010 -078 +006 +058 -022 -051 -047 -067 +015 +076 +078 -062 +038 +017 -003 +005 -028 +038 +001 -066 -087 +067 -100 -032 +012 -055 +051 +076 +048 -058 -047 +085 -018 -056 +048 +060 -001 +066 +038 +032 -084 -062 -048 +001 -051 -050 -066 +017 -000 -035 +005 -018 +044 +087 +046 +055 -026 -004 +067 -085 -053 -055 +027 +078 +008 -057 +021 -031 -070 +023 -073 +034 -041 -087 -082 +001 +038 +054 +071 +088 +041 +034 +082 +008 -044 +040 +020 -088 -081 +012 +040 +062 -072 +050 -047 -021 -028 +003 -082 -035 -022 +047 -076 -048 -084 -006 +076 -030 +015 -005
+057 -030 +062 -066 -013 -074 +018 +001 -035 +017 +057 -011 +052 +063 +077 +035 -076 +010 +044 +026 -037 +040 -020 -023 -067 -005 -034 +033 -066 +002 -080 -028 -026 +050 +086 +082 +066 -034 +032 -073 +087 -064 -045 -044 -030 -026 -016 +086 +038 -020 -016 +015 +012 +022 +061 +045 +005 +032 +054 -006 +060 -046 +011 -063 +076 -038 -066 +014 -015 +085 -058 +003 -067 +037 -007 +038 -052 +085 +055 +073 -032 -056 -073 +018 -044 +041 +077 +023 -085 +084 +014 +020 -004 +064 +072 +017 +040 -061 -038 -033 +043 +018 -046 +033 -065 -061 -021 -100 -061 +082 -087 -022
+003 -025 -010 -014 +077 -015 -020 -044 +074 +027 -043 -054 +073 -028 -012 +035 +028 +014 -083 -044 -070 +000 -028 +085 -040 +085 -027 -044 -002 -077 +007 +087 +052 -075 -027 -086 -078 +033 -001 +008 -033 -018 -013 +010 +058 -026 +052 +075 -068 +057 +086 +038 -028 -074 +021 -028 -088 +062 +024 +023 -042 +002 +043 -017 -047 -010 +033 +045 -078 +018 +036 -003 -033 -024 -036 -087 -066 -028 -053 -074 -021 +042 +045 +043 +048 -044 -027 -031 +063 -008 +013 +033 -046 +068 -038 -054 +033 -022 -002 -041 +048 +061 +007 +036 +064 +018 +018 -023 -056 +073 -018 +052
+062 -006 +068 -070 +073 +056 +024 +076 -082 -080 +075 -023 +071 -021 +033 -061 +024 -041 +082 -072 -005 +031 -076 -022 -074 +012 -027 +070 +035 -076 +045 +027 +027 -001 +000 +075 -011 +018 +036 +085 +010 -048 -052 -071 -048 -035 -046 +051 -066 -058 -081 -056 -057 +086 -051 +071 -014 -024 -001 +035 -037 -060 -000 +017 -030 +033 -023 -036 +046 +038 +052 +024 +014 -042 +046 +025 -086 -040 -017 -001 -078 +052 +007 +082 -035 -025 -003 -037 +018 -026 +040 -081 -060 +000 +047 +045 -033 -023 +055 -015 -056 +023 -016 +023 +025 +073 +053 +074 +011 -023 +051 +067
+050 +023 +057 -072 -058 -055 -012 -067 +072 +067 -041 +040 -067 +083 -047 -051 -003 -044 +070 +020 +036 -072 -080 -054 +063 +000 +047 -034 -064 -082 +005 +015 +005 +100 -083 -055 +067 -052 -066 +004 -027 -006 +076 -024 -046 +038 +000 +070 -028 -033 +042 -004 +053 +036 +073 +033 +076 +008 +064 -055 -038 +026 -087 +072 -083 +018 -037 -037 -046 +087 +007 +085 +017 +000 -053 +058 +051 -053 +063 +045 +023 -052 -061 +003 -074 +061 +073 +050 +057 -051 -083 -087 -034 -060 +082 -074 +001 -036 +020 +061 -070 +085 +078 +025 -003 -021 +052 +060 +082 -067 -012 -063
-087 +058 +058 +010 +030 +087 +007 +034 +062 +061 -030 +064 +057 +012 -068 +011 -026 +087 +050 -011 +034 +044 +012 -083 -012 +011 -055 -066 -060 -000 +002 +018 +063 +085 -034 +001 -074 -075 +057 -027 -076 -076 +080 -068 -032 -038 +077 +038 -081 -004 +008 +026 +053 -027 -087 +061 -073 +005 +040 -056 +008 +082 -046 +061 -045 +024 -004 -015 +082 -086 +003 -066 -060 +028 -042 -026 +000 -018 +061 -041 -022 +024 -035 -014 -050 -086 +063 +042 +086 +038 +034 +012 -025 -028 -040 +008 -018 +032 +036 +085 -001 +011 -065 +084 -030 -087 +032 +082 -008 +021 -057 +024
-005 -016 -022 -078 -067 +046 +017 +031 -041 +085 +000 -046 +011 -033 +073 +048 -058 -032 -071 -013 -060 -048 -052 +038 +066 -077 +035 +022 +088 +053 -030 +064 +031 -018 -022 +044 -062 +071 +048 -000 +062 +077 -077 +040 +081 +045 +027 -063 +053 +071 +083 -013 -080 +001 +033 -077 +071 +063 +005 +011 +007 -008 +061 +072 -063 +073 +067 -017 -051 +075 +072 +015 -057 -033 -061 -017 -026 -010 +060 -037 +028 -064 -053 +085 -081 +031 +037 +027 +084 +045 -088 -027 -031 -085 -073 -030 -072 +070 +076 -060 +027 -040 -010 +014 +100 +078 -026 +065 -085 +081 -047 -073
+020 +030 -003 -054 -054 +044 +038 +021 -085 -011 +018 +056 +011 -065 +020 +045 +023 +003 +071 -043 -046 -051 -055 +020 -012 +021 -080 +071 -043 -077 -003 +022 -071 -030 -000 +047 +026 +021 +083 -071 +043 +036 -073 +010 +063 +048 -071 -083 +041 +067 -034 +042 +051 +007 +085 -005 +084 -075 +042 +087 +022 -032 +010 +051 +014 +000 +072 -004 +030 -024 -013 -004 +088 -016 -008 +057 +057 -038 -032 -013 -078 +078 -005 -043 -020 +055 -030 -042 +032 +048 -042 -058 -077 +024 +015 -043 -065 +088 -031 +028 -081 +051 +044 -048 +018 -087 +040 -027 +011 -034 -067 +031
+033 +020 -055 -027 -072 +048 +060 -068 +047 +024 -058 +085 -084 +054 +042 -011 -053 -005 +083 -005 -060 +082 +054 -047 -067 +034 -042 +072 +005 +046 -041 -026 -006 +023 -006 +068 -084 -071 -070 -010 -081 +022 -040 +018 -070 -075 -085 +017 -037 +043 +077 +088 -076 +063 -053 -076 +088 -063 +062 -015 +016 -035 -026 +080 -077 -032 +018 +000 +011 +065 -058 +082 -024 +076 +047 +082 +078 +023 +045 +023 +064 -022 -014 +007 -035 -023 +006 -022 +078 +087 +067 -024 -015 +021 +020 +002 -017 +051 -000 +050 -054 -075 -100 +075 -006 -033 -080 -024 -006 -063 -072 +015
-071 -041 -013 -074 +065 +063 +045 -053 -073 +050 -054 -031 -031 +070 +070 +071 -013 +004 -023 -056 +056 +063 +043 +020 -043 +054 -057 +040 -040 -008 -082 +011 +034 +076 -032 -086 +053 +035 -082 +078 -038 -032 -015 -061 +080 +070 -044 -080 -053 +088 +050 +040 -051 -023 -077 +074 -033 +022 -077 -000 +006 -013 -076 -053 +050 -075 -004 +040 +014 -050 -053 +018 -024 -087 +026 +100 +087 +025 -067 -012 +077 -006 -070 +043 -084 -042 +032 +032 -038 -051 +051 +000 -027 +027 +035 -084 -050 +038 +048 +072 +080 -021 +035 +033 +020 -043 -026 +060 -033 -013 +062 +008
-010 -043 +014 -028 +084 -007 +007 -027 -061 +028 +024 +002 -046 -085 -080 +080 -023 +014 -031 +071 -020 -052 -003 +076 -080 +008 -061 +002 -072 -013 +060 +032 -072 -045 -008 +030 -081 -067 +053 -066 +015 +044 -083 +050 +012 +005 -003 +004 -018 -006 +066 -062 +065 -064 +004 -007 +031 +043 +058 -080 -024 +008 +087 -008 -082 -012 -044 +024 -074 +075 -064 +056 -055 -034 -078 -088 +086 -074 +074 -034 +076 -022 +038 +030 +012 -078 +036 +084 -047 +054 +026 -065 +067 -044 +015 +081 +051 -088 -031 -087 +023 -074 -066 -013 -045 +033 +056 +072 +047 -080 -100 +071
+051 +008 +051 -087 +083 -040 -076 -013 -064 -024 -017 +038 +023 -004 -015 -070 -042 -086 -011 -045 +036 -073 +006 +006 +042 -083 +070 +080 -052 +064 +007 +047 -088 +055 -031 +050 +010 +077 -055 -020 +048 -030 -034 -037 +004 -015 +077 -017 -100 -038 +082 -062 +084 +022 -081 -025 -066 +020 +001 -036 +040 +046 -044 -005 -046 -056 -045 -035 +007 +064 +070 +085 +001 -085 +051 +058 -065 -062 -013 +087 +040 -034 -077 +062 -072 +012 +070 -034 -075 -058 -081 +006 -027 +033 +058 +036 -018 +016 -037 +073 -077 +008 -085 -043 +013 -032 -014 -018 -018 +081 -026 -074
-008 -051 +006 -048 +073 +054 -036 -001 +087 -064 +087 +063 +042 +061 -070 +025 -070 -084 -065 -043 +000 +006 +085 -002 -005 +056 +022 +007 +087 +066 +005 +048 +014 -016 +003 +008 -086 +063 -085 -041 +013 +072 -047 -074 -025 +086 +055 -047 -075 +085 -043 +083 -061 -056 -048 +078 -076 +086 -002 -008 -057 +028 +086 +034 +051 -023 +022 +061 -020 +084 +065 +020 -007 -063 +088 -003 +052 -073 -014 +063 +066 -023 +038 +054 +000 -055 -067 +023 -086 +088 +040 -041 +072 -074 -044 -084 +015 +027 -077 -082 -054 +021 +084 +047 -003 -032 +061 +073 +001 +020 +071 -043
-034 +007 +054 -044 -064 -040 -033 -045 +016 -061 +060 -011 +035 +008 +073 +030 -085 -065 -033 -032 +027 -032 +018 -074 -026 -058 +008 +074 -080 -051 -054 +031 +045 -000 -021 -070 -027 -005 +073 +008 +052 -045 -086 -037 -005 -080 -064 -036 +008 -072 -045 +045 +062 +083 +045 +068 +064 -054 +067 +051 -030 +022 -016 +027 +086 +024 +018 -075 -018 -063 -088 +048 -021 -044 +084 -007 +058 +080 -017 -073 -031 +045 -073 +015 -016 -020 -063 +074 -068 -051 -021 +063 +045 -074 +072 +015 +018 -026 -042 +011 -033 -088 -066 -005 -068 -028 -086 +060 +001 +028 -086 +066
+043 -057 -074 +084 -028 -063 -045 +031 -027 -037 +058 -063 +006 -084 -053 -038 -065 +070 -052 -030 -063 +025 -037 -054 -060 +083 -042 +088 +044 +026 -044 +067 -041 -003 -015 -058 -087 -030 +077 +064 +062 +066 -036 +036 +030 +034 +021 -058 -030 +018 +064 -080 +000 +083 +028 +075 -010 -070 -064 +085 -006 +056 -017 -018 +011 +036 -077 +034 -041 +061 +087 -057 -046 +017 -020 -014 +034 +071 +004 -013 -065 -018 -021 +071 -040 +001 +047 -075 +014 -080 -021 -077 -073 -085 -053 -031 -003 +036 +005 -057 +011 -000 +025 +076 +015 +053 +055 +058 -026 +012 +054 +061
-075 +071 -031 -078 -000 +038 -058 +060 -035 +078 +088 -056 -063 -010 +046 -032 -085 -046 -011 +084 -045 +033 -075 +010 +040 +048 +013 -057 -038 +084 -056 -014 -085 -011 -060 +062 +060 -035 +016 +040 +063 -075 -084 +005 -046 +037 +055 +010 +045 -012 -030 +011 +066 +007 -013 -032 +007 -081 +023 +084 +083 +006 +081 -062 +054 +004 +021 +002 +037 +001 -046 +082 -024 -081 +020 +051 +006 -057 -087 -047 -004 +008 +061 -010 -001 +023 -001 -012 -061 -047 -052 -074 -025 +082 -076 +080 +056 -067 -000 +087 -072 +086 -055 -052 +038 -007 -060 -034 -068 +014 +074 +033
-046 -004 -037 +066 +012 +051 -033 +046 +018 -081 +042 -081 -018 +055 +036 +067 +045 -033 -077 -014 -003 +034 +066 -051 +041 +035 -068 +038 +001 +071 +014 +065 -018 +024 -086 -042 +072 -056 +085 +013 -002 -082 +046 +078 +003 -013 +080 -011 +002 +046 -066 +022 +050 +006 +006 -011 -021 -065 -013 +081 +003 +057 +083 +040 -064 +074 -056 -073 -027 -066 +043 +048 +061 -014 -027 +077 +078 -062 +052 +077 -025 -013 +051 -013 +030 -007 -033 +042 -046 -035 +028 -053 +076 +085 -063 -080 -044 +078 +080 +063 +100 -073 -072 +001 -085 +047 +040 +016 -042 +070 -006 -020
+020 -056 -041 +006 -062 -024 -000 -021 +034 -038 +025 -022 -008 -080 -046 +076 +018 +002 +062 -068 +066 -053 -071 -100 +035 -050 -034 +068 +051 -047 +033 +078 +042 -058 -037 -041 +017 -013 -054 +063 -088 +022 -056 +068 -005 +008 -015 -077 +004 +033 +020 +026 -003 +081 +057 +081 -036 -077 +041 -037 -034 +010 -086 -025 -026 +040 -007 -061 +010 +033 -062 +056 +085 -082 +088 -055 -004 +051 +080 -042 -052 +045 -052 +068 +014 -044 -011 -005 -015 +004 -033 -047 -024 +024 +053 +005 +008 -010 -032 -067 +078 +070 +063 -100 +015 +005 -042 -053 +015 -013 +021 -066
-058 +053 -037 -048 -086 -057 +036 +030 +066 +050 +068 +021 -028 +026 +013 -073 -074 -023 +088 -021 -064 -006 -058 +003 -056 +007 +048 -046 +018 -008 +033 -051 +001 -030 +025 +005 +071 -075 -028 -037 +083 -040 +035 -063 -004 -078 -021 +025 +068 +078 +001 -006 -087 +086 +078 -007 -074 +075 +027 -050 +002 +068 -085 -086 -024 -080 -010 +074 +015 +065 +055 +002 +021 +061 +015 -066 +085 +003 -024 +001 -042 -060 -036 +087 +045 +053 -078 -027 -085 +036 +034 -023 -017 -065 +043 +005 +078 +038 +035 +015 +010 +045 -057 +023 +067 -057 +038 +022 +023 -015 +016 +081
+045 -030 -036 -003 +012 -062 -015 -030 +087 +012 +014 +081 -031 -037 +044 -015 +047 -043 +054 +043 -028 -003 -044 +064 +048 +026 -035 -067 +006 +087 +053 -022 +056 -035 +100 +008 +065 -037 -056 -012 -031 -073 +006 -050 -073 +032 +080 -060 -018 -088 +028 +057 +011 +034 -063 +031 -024 +080 +088 -064 +005 +011 +055 -010 +011 -078 +086 +033 -071 -010 +036 -002 +008 -077 +076 +038 +070 +026 -035 -023 -002 -037 +018 +023 -078 -000 +033 -085 -066 -077 +038 -033 +021 +023 +013 -077 +012 +068 +017 -082 +088 -050 -054 -051 +057 +050 +044 -083 +026 -065 -000 -053
-058 +018 +025 -002 -061 +011 +011 -046 +067 +088 +012 +058 -062 +065 +027 +036 +028 +062 -055 +071 -062 +041 -026 -004 +010 -025 -068 +044 -028 -025 -053 +055 +016 +073 +054 -087 +088 -032 +070 -033 +032 +038 +036 +050 +084 +050 -041 +075 -058 -046 -047 +060 +003 +063 +028 +010 +036 +037 +086 +075 +065 -021 -072 -070 -041 -016 +080 +024 -036 -063 +004 +067 +061 -067 -035 -015 -044 -031 -053 -062 +013 +077 +081 +050 -020 -045 -010 +037 +033 -088 -005 -065 -078 -072 -058 +047 +076 -015 +042 -040 +020 -060 +023 +077 +076 -070 -003 +035 +066 -073 -037 -080
-025 -050 -066 +081 +075 +085 +080 +026 -014 -065 -061 -015 -040 +023 -021 +082 +018 -035 -001 +021 -066 +088 +011 +008 -050 -008 -000 -052 +040 +033 -065 -017 +056 +035 -053 +038 +100 +075 -011 -033 +088 -005 -045 +000 -066 -034 +072 +001 -038 +003 +085 +046 +061 -047 +042 +014 -042 -025 -040 -026 -007 +004 -074 -037 -028 +005 +084 +040 +085 +026 +067 -048 -044 -045 -003 -044 -042 -054 -021 +084 +011 +075 +015 +014 -013 -076 -011 -087 +000 -075 -058 +054 +076 +085 +040 +003 +077 -023 +027 -007 +025 -012 +035 +004 +055 -046 -016 +030 -076 -038 -036 +033
-006 +054 -006 -052 -083 +020 -046 -007 -010 -084 +020 -057 -043 -014 +025 +052 -074 -037 -025 -028 +044 -015 +083 -032 +041 +005 -053 -077 +013 -012 +060 -077 -003 -070 +061 +085 -021 -083 -033 -018 -041 -060 -023 -022 +033 -000 +021 -081 -082 +013 +001 +021 +073 -075 +021 +031 +011 -020 -081 +058 +031 +012 -013 +022 +041 +025 +028 +085 +062 +078 +036 -065 -058 -035 -033 +050 +002 +057 -018 +025 -015 +052 -026 +037 +023 -057 -025 -073 +016 -006 +063 -007 -063 -082 +048 +022 +063 -027 +016 +082 -085 +067 -001 -072 +054 -025 -074 +054 +074 +073 +027 +020
+017 -084 +054 +048 +020 +068 -088 -020 -074 -016 -025 +066 +077 +032 -012 -041 -042 +033 +073 -012 +026 +003 +038 +015 -045 -036 +088 -007 -020 +072 +011 +040 +066 -077 -064 +064 -076 -003 -060 +018 +036 +008 +066 +001 +085 +017 +037 +073 +001 +001 -064 -017 -058 -044 +076 +084 +078 -076 -005 -031 +046 +026 -008 -066 -033 -040 -074 +048 -026 -005 +077 -024 -074 +010 +076 +080 -078 -077 +075 +031 -080 -087 +004 +006 +007 +036 -022 +026 +058 -054 -043 -074 -035 -006 -002 +072 -043 +017 +005 -085 -022 +052 +065 -014 +005 -018 +068 +076 +077 -053 -022 +052
-005 +041 +032 +071 +044 -067 -030 +020 +060 +081 -012 +078 +040 +082 +053 -077 -084 -058 +006 +085 -014 +088 -044 +032 +043 -017 -008 -087 +031 +010 +085 -080 -061 -016 -088 -087 -033 +022 +068 -014 -036 -042 -071 -017 +005 -050 -020 +061 -027 +015 +048 +005 -047 +057 +087 -076 -067 +037 -035 -023 -026 +087 +086 +054 -083 +032 +017 +043 +026 +008 +057 -052 -062 -050 -046 -028 +052 +013 +045 -037 -087 -032 +058 +077 +053 +057 -067 +038 -070 -068 +052 +023 +067 -050 -081 -060 +062 -021 +005 -052 -020 -047 -082 +075 +012 -022 +030 -066 +086 +033 -030 -038
-063 -046 -055 +040 +100 +058 +058 -080 -067 +010 +086 +100 +007 +051 +022 +063 +013 +018 -011 +023 +060 +012 +031 -087 +047 +035 +002 -060 -004 +020 -043 +074 +002 +041 +032 +027 -013 +033 +008 -087 +058 +007 +013 +014 +052 +037 +031 -042 -067 +006 +051 -066 -003 +062 +060 +038 -047 -052 -060 -063 +005 +047 -058 -037 -055 +060 -053 +070 -045 +066 +022 +053 -081 -034 +048 -020 -034 -030 +083 +014 -087 -032 +075 -080 +042 -005 +000 -088 +085 +022 +027 -051 -031 -032 -081 -005 +086 +038 -015 -014 -002 -033 -050 +045 +021 +085 +067 -085 +058 -048 -050 -088
+008 -048 +028 -012 -086 +023 -036 +070 -005 -012 +043 -035 +012 +032 +014 -036 +074 -038 +077 +058 -054 +078 +038 +025 -030 -076 +075 +041 +077 +065 +081 +032 -064 -034 +048 +057 -081 -064 +036 +024 -046 -055 -088 -084 -017 -066 +037 +043 -027 +057 -064 +025 -073 -062 -067 -040 -006 -085 -036 -100 +072 -085 -077 +000 +045 +028 -067 -067 +064 +085 +067 -027 -026 +055 +062 +001 -076 -027 -076 +020 -083 -022 +006 +071 -004 +000 +006 -023 +080 +011 +052 +063 -036 +012 -082 -010 +010 +040 -060 +063 -050 -047 -012 +060 -077 -012 -075 -004 -085 -011 -070 -014
-030 -032 -038 -011 -040 +035 -072 -016 -002 +081 -080 +018 -026 +034 +088 -047 -064 +063 -023 -054 -086 +050 +062 -040 -018 -087 -051 -041 -042 +040 -010 -073 -066 -003 +003 +023 -006 +033 -034 +088 -024 +070 -015 -003 -047 +065 +010 -031 -065 -032 +062 +034 -015 -057 +036 +036 -087 -030 -088 +041 +075 -051 -007 +011 +087 +021 -030 -047 -010 -024 +080 +081 -066 -056 +020 +074 +088 +031 -072 +074 +042 -077 -068 -044 -024 -043 +010 +020 +006 -015 -035 +038 -063 -070 +050 +018 -068 -065 -020 +033 +050 +041 +048 +053 +042 +068 +036 +026 +005 +022 +024 -047
-056 +022 +025 +003 +077 +007 -042 +006 +016 +033 +065 +036 +080 +016 -025 +003 +071 +068 +074 +060 -055 -036 +013 -021 -000 -056 +013 -037 +058 +086 +037 +005 +027 -085 -011 +014 -074 -087 -020 -003 +041 +053 +046 +063 +085 -015 +044 +014 +073 +053 -050 +020 +018 -053 -020 -073 +075 +043 -037 +013 -010 -026 -002 -018 +076 -030 +024 +053 -024 +012 -081 +077 -083 +050 +057 +060 -036 -054 -004 +035 +080 -014 +024 -006 -002 +035 -043 +065 +065 +005 +061 -084 +038 -016 -035 -027 +036 +032 -080 -035 -004 -081 +041 +026 +035 -006 -018 -052 -035 +043 +058 +077
-002 +057 +026 -067 +070 -082 +072 -005 +087 -004 -080 +045 -043 +021 +077 -048 +031 +021 +051 +038 +055 -075 -013 -033 +084 +088 +012 -012 +057 +063 -085 +052 +082 -025 +081 +000 -065 -033 -012 -084 +026 -014 -077 -017 -027 +035 +063 -024 +024 +081 +044 +025 +012 -002 +064 -018 -051 -052 +000 -050 -036 -063 -013 -072 +041 -070 +005 -035 +017 -007 +051 +100 +023 -013 +078 -022 -062 -043 -084 +048 +016 -002 +037 +075 +012 -025 -020 +064 -025 +030 -016 +086 +087 +028 +065 -001 +061 -078 +016 -077 -004 -033 +018 -068 -072 -055 -064 -005 -021 +003 +078 -063
-044 -060 -014 -011 -061 +034 +082 +033 +037 +040 -063 +085 -065 -070 -074 -022 +015 -073 -002 +026 +036 +081 -026 +032 +022 +100 +001 +048 -074 -063 -047 +028 -081 +042 -085 +012 +030 +027 +014 +004 -068 +051 -002 +032 -016 -033 +004 +028 +056 +051 +014 -005 +051 +008 -027 +003 -045 +068 +085 -028 -015 +078 -040 -015 +045 -088 +037 +023 +071 -065 -058 +036 -046 -083 +043 +014 +038 -057 +038 -075 -002 +076 -030 +052 -070 +013 +022 -010 +068 +052 -076 +072 -015 -002 -030 +084 -025 +015 -087 -076 +056 -033 +086 +065 -056 -047 +013 -017 +024 -003 -056 -061
-083 +073 -036 -072 +077 +075 +071 -055 +084 -076 -008 -047 +050 +061 -072 -051 -074 +083 +066 +058 -021 -076 -014 +064 +062 -064 -061 +082 +018 -018 +071 -014 +067 +061 -023 -008 +031 +063 -035 -084 -056 -081 +068 +067 +068 -064 -020 +072 -031 +051 +002 -016 +017 +007 +003 +025 -073 +033 -003 -001 -022 +083 +006 +052 +001 +041 -022 -083 +020 +028 -012 +084 -086 -062 +050 -012 +031 -085 +047 +073 -054 -073 -021 -061 -077 +075 -080 -036 +056 -023 -032 -000 +056 +051 +024 +033 +006 +012 -044 -012 +065 +070 -077 +048 +075 -038 +067 +016 +085 +014 -068 +021
+057 -026 +016 +010 -010 +042 +071 -057 -068 +086 +027 -083 -007 -004 +037 -078 -012 -047 +016 +061 +044 -064 +017 -026 +001 -022 +063 -071 +050 -031 -075 +000 -030 +005 -076 -003 +074 +001 -087 -058 -018 +001 -015 +082 -056 -045 -064 +032 +004 +057 +087 +005 -023 +066 +071 +021 +031 +010 -037 +052 -007 +014 +038 -043 -008 -052 +056 +011 -028 +083 +020 +015 +012 +016 +076 -027 +012 +071 -048 +036 +034 +084 +035 -084 +000 -045 -067 +087 +002 +036 -076 +024 +030 -058 -031 +071 +017 -074 +046 -014 +005 +073 +058 -043 +064 +024 -025 +033 +023 -070 +023 +075
+034 +025 +072 +031 +025 -068 +030 +081 +002 +000 -055 +006 -040 -002 +033 -080 -006 -057 -040 -042 -060 -056 -056 +012 -080 +032 -047 +018 +077 +064 +042 -073 -064 +050 +010 -072 +085 -026 -064 +025 -078 -023 +043 -022 +032 -023 +038 +015 -048 -076 +022 +044 +007 -052 +056 +015 -056 +063 +038 +087 +060 +020 +016 +072 -073 +085 +081 -008 +086 +070 -058 -083 -057 -042 -013 -051 +042 +082 +012 +021 -005 +032 -042 +027 -046 -062 -017 +014 -010 +035 +005 +062 +020 +086 -060 +025 -003 +063 +056 +050 -085 +057 -040 +066 +005 -036 +086 +052 +024 -047 -038 +068
-034 -085 +035 -078 -030 -057 -026 -047 -078 +044 +066 +024 +085 +082 +071 +051 +071 -023 +086 +038 -012 +010 +077 -021 +061 +076 +064 -050 +026 +011 -076 +008 -034 +078 +054 -021 +062 -035 +048 +083 -032 +001 -064 +008 -006 -021 +024 +081 +002 -028 +028 +072 -087 -068 -018 +000 +088 -071 +050 +031 +011 -047 -065 +034 -082 +036 -087 +012 +060 -028 -058 +076 +036 +006 -028 -011 -056 -088 +012 +028 +015 +041 -034 -042 +008 +006 -072 +040 +005 +023 +075 +020 +060 +047 -022 -077 -046 -057 -051 -048 +048 +016 -074 +003 +014 -064 +020 +074 -060 -007 -007 -020
-071 -052 -086 +045 -058 +065 -087 -071 +100 -065 +057 -087 +085 -004 -068 +003 +070 +073 +041 -034 -072 -036 +061 +074 -013 +086 +001 -083 -054 -050 -062 +052 -076 -054 -076 +100 -082 +038 +100 -038 +017 -070 -062 -074 -047 +045 +006 +062 +017 -088 -033 -011 -015 -085 +026 +008 +001 +076 +031 +022 +083 +025 -014 -008 +050 -041 +035 -075 -084 -000 +061 -064 -052 -057 -016 -048 +051 +065 +044 +011 -004 +033 +042 -036 -056 -051 -060 -025 +022 +023 +014 -042 -088 -024 +056 +038 +073 +030 -033 -007 -028 -072 -064 -070 -065 -037 -046 +064 -036 +071 +084 +036
-087 +053 +040 -001 -061 -052 -042 -037 +020 +067 -081 -086 +023 +017 -085 -032 -083 -025 +020 +082 +021 -013 -080 +030 +022 +003 +042 +033 +065 -037 +030 -044 +075 +037 +077 +000 -004 -033 -086 +053 -001 -033 +070 +037 -023 -045 +063 +060 +056 +060 +075 +018 +002 -014 -077 +034 +068 +031 -021 -044 +044 +003 -045 +017 +055 -070 +040 -088 -001 +017 +004 +038 +066 -014 +026 -048 +014 -061 +064 -077 +074 -040 +016 -024 +051 -022 +008 -055 -014 -004 +040 -056 +061 +036 +051 +012 -030 -051 +030 -038 -010 -074 +003 -048 +085 +024 -013 +034 +082 +074 -075 -022
+000 -010 +042 -017 -057 -012 +018 -011 -038 +072 -051 -076 -072 +040 +065 +055 -066 -033 +038 -052 +031 -008 +075 +034 -037 -025 +086 -022 -086 +046 -040 +005 -013 +004 -046 -027 -061 -011 +083 -068 -005 +077 -040 -054 -032 +035 -030 +077 -025 -017 -074 -033 +076 +028 -045 +002 -071 -026 +030 -046 -050 -007 -064 +064 +044 +014 +004 +054 -011 -028 -036 +051 -067 -078 -077 +072 +016 +031 -045 +000 -067 +032 +048 +080 +047 +018 +005 +088 -063 -027 +067 +073 -053 -005 +018 -017 +065 -036 +008 -026 +087 +076 +046 -083 -063 -040 +023 -004 -038 -031 -087 -036
-030 -038 -033 +033 -006 -014 +088 -042 -037 -024 +025 +005 +051 -027 -082 +011 +042 +076 -057 +016 +044 +076 +025 -074 -002 +055 -031 -062 -078 +024 -053 +021 -062 -040 +057 +070 -005 +031 -056 +045 -060 -021 +045 +072 +037 -004 +013 -054 +072 -081 -041 -012 -014 +042 +074 +001 -066 -033 +087 -031 +004 +034 +020 +020 +077 +012 +000 +033 -061 -008 +040 +005 +067 -045 +055 -086 +053 -073 -053 +065 +071 -083 -062 -003 -083 +065 -002 -015 -078 +054 +012 -088 -075 -025 -012 +072 -053 -051 +066 +045 +073 +080 -008 +005 -073 -001 -006 +023 +087 -015 -040 +013
+056 -076 -006 -020 +031 +052 -040 +003 -015 +068 +044 -056 -078 -041 -016 -008 +061 -071 +032 +000 -075 -020 -041 -064 -071 -026 -075 +067 +072 -017 -034 +017 +018 -073 -015 +025 +047 -024 -015 -062 -085 +006 +051 +007 -082 -021 -003 +044 +023 +042 +040 +054 -072 -051 -015 -053 -007 +023 -006 +053 +073 -054 -004 -085 +037 -013 -078 -023 +088 +054 -043 -041 +027 -063 +034 +063 -005 -066 +001 -034 -056 +050 +058 +020 +022 +078 +017 +012 -084 +042 -068 -038 -075 -073 -028 -011 -007 +064 -003 -043 -010 +028 -023 -021 +042 -061 -056 +000 +001 -052 +075 +030
+028 +078 -033 +031 -023 -027 -041 +046 +014 -026 -024 +023 -024 -055 +018 +013 -072 -031 -053 -025 +084 +072 -088 -080 -047 +018 +066 +086 +057 +013 -017 -070 +012 -022 +057 +035 +086 +080 -010 +068 +087 -080 +015 +014 -067 +015 -040 -058 +063 +074 +046 -023 -008 +008 -053 +058 +070 +075 -043 +017 +032 +014 -064 -032 -062 -044 +088 +070 +071 +016 -058 +066 +043 +008 +016 -018 +076 -076 -051 +083 +041 +042 -055 +086 +074 +065 -062 -044 +026 +084 +084 +006 +027 +058 +070 +062 -057 -014 +031 +033 +065 +082 +087 +084 +032 +065 -027 -045 -021 -051 +023 -038
-006 +026 +042 -037 +053 -058 +055 +036 -024 -062 +070 -028 +055 -038 -026 -035 -065 -004 -078 -028 +026 -023 -082 +071 -025 +082 +075 +007 +030 +033 +040 +032 -075 +014 +066 -076 -041 +085 -083 +021 -027 -033 +040 -022 +017 -010 -047 +044 -054 -058 +020 +032 -082 +070 +072 -000 -016 -006 +020 -024 +018 -016 +006 +021 -051 +063 -026 -002 -048 -016 -070 +007 +083 -085 +078 -085 -074 +026 -070 +077 -087 +037 -038 -062 +052 -027 +027 +058 +013 +012 +004 +004 +013 +011 -051 +068 -055 -044 +012 -088 -061 -045 -080 -015 -074 -072 +066 -016 -065 +011 +030 -034
-021 +017 -026 -043 +071 -050 -028 -064 -030 -004 -012 +025 +001 -085 +040 +008 -033 +083 +037 -086 -078 -054 +057 -055 -026 -078 -020 +021 -067 +040 +030 -018 -054 -051 +067 -030 -047 +050 +028 -043 +027 +067 -032 +066 +051 +051 +077 -002 -010 -077 -001 -064 -070 -083 +076 -017 -050 -001 +037 -057 -083 +058 +083 +078 -021 -012 +002 +075 -046 -027 -081 +075 -030 -072 -007 -077 -060 -046 +083 -026 -074 -036 +003 -008 +085 +073 +046 +026 +007 -042 -072 +077 +044 -010 -025 +014 +040 +016 +086 -004 -082 +078 +030 -045 -008 +080 +058 +054 -072 -043 +078 +002
-087 -017 +014 +076 +023 -037 +032 -073 +066 -085 -040 -020 +045 +068 -070 -045 +088 +077 +070 +061 +012 +088 -086 -001 -078 -006 -027 -038 +082 +035 -051 +075 -064 +044 +044 +047 -071 +048 +060 -032 -008 -075 -052 +020 +050 +058 -022 +065 -077 -083 -024 +014 +034 -028 +100 +084 -028 -043 +078 +073 +050 +067 -025 +018 -014 -035 +042 +072 -071 -054 -075 +007 -001 +052 +037 +048 -040 +067 -013 +038 +061 +012 +082 -063 +032 +000 +031 +036 -028 -063 +005 +015 +052 -025 +035 +056 -007 -054 -054 +024 -067 +068 -047 -027 -020 +026 -067 -008 +074 -033 +005 -022
-074 +070 -022 -070 -085 +013 -038 +073 +053 +041 +086 -056 -064 -067 -067 -044 -047 -036 +032 -086 +043 -088 -065 +048 +038 -004 +061 -083 +001 -067 +003 -054 -050 -043 -018 +040 +074 -032 -043 +021 -058 -010 -031 -037 +001 +053 +021 -003 +073 -060 +007 -003 -080 -033 -075 -085 -006 +004 -020 +042 +012 -074 -053 -024 +010 -031 +005 -043 +063 +022 +067 -030 -083 -063 +026 +056 +000 -072 -054 -076 -024 +076 +020 -037 -004 -027 +055 +021 +044 -030 +023 -076 -007 +012 -045 +004 -004 -061 -066 -072 -068 -025 -045 +034 +013 +087 -083 -055 -040 +067 -001 +063
-068 +036 -012 -006 +003 -056 -085 -086 +075 +028 +053 -053 -025 +038 -073 +014 +046 -074 +033 -058 -068 +027 -017 +050 +088 +087 -032 +057 +050 +007 +001 +064 +014 +041 -028 +005 +015 +100 +015 +001 +071 -087 -078 +072 -001 +012 -082 +086 +066 -033 -078 -054 +023 +083 +017 +040 -031 +084 +045 +007 +080 -025 +003 +064 +087 -046 -018 +018 +067 +040 -024 -048 +002 +084 -087 +070 -054 -050 +038 +026 +072 -065 +013 +068 -080 -064 -087 -081 +087 -023 +063 -061 +045 -018 -071 -085 +076 +081 -023 -016 -073 +077 +046 -072 -055 +004 +082 -007 -065 -054 +018 -008
+065 -017 -070 -025 +076 +063 -087 -018 +016 +050 +023 +004 +065 -012 -080 -088 -037 +036 +065 -004 +015 +002 -087 -077 +038 -024 -078 -065 -067 -054 +054 -041 +025 +064 +072 +072 +072 -033 +026 +005 -012 -077 -015 -058 -023 -065 -070 -067 +017 +008 +001 -036 +065 +043 +082 -053 +026 +073 +067 +050 -062 -061 -085 +004 +010 +008 +054 +018 +035 +070 -086 +076 -088 -038 -076 +066 +050 +032 -020 -000 +078 +008 -076 +084 -083 -012 +043 +025 -070 +058 -084 +086 -068 +035 -008 -052 -073 -002 +010 -010 +055 +048 +064 +072 +073 +100 -052 +070 +005 +070 -083 -074
