+040 +077 +026 -014 +007 +100 +000 +063 -033 +040 +012 -022 -001 +070 -007 +056 -088 -082 -037 +045 -022 +020 +082 -065 +004 -046 +077 +021 +014 -063 -025 +047 +002 -084 +087 +008 +078 +014 +032 -057 -045 -003 -016 -021
+027 -041 -057 +060 +071 +037 +044 +054 -015 +035 +057 +053 -033 +024 -016 +034 +034 +014 +047 -007 -053 -027 -061 -070 -001 +012 +053 +075 +021 +002 -054 +024 +050 -076 -043 -001 -052 -023 -026 +062 -032 +068 +032 +073
+043 +085 +051 +032 -024 -060 -007 +076 -051 +004 -056 +036 -056 -000 -017 +068 +060 +065 +050 -010 -087 -036 -084 +084 +076 +065 +013 -023 +062 -067 -084 -067 -045 +042 -074 +020 +048 +000 +058 +001 +013 -033 +031 +100
-020 +046 -008 +075 +012 +064 -083 +056 +087 -063 +015 +076 +067 +082 +046 -028 +078 +032 +004 -066 -012 +081 -052 +018 +036 -067 +087 -075 -017 -071 -014 -052 +010 +028 -021 +030 +084 -047 +046 +031 +015 +053 +057 -058
+055 +050 -001 +083 -010 -074 +073 -024 -037 +078 +055 -024 -051 -024 +001 +062 -070 -015 -035 -026 -026 -025 -032 +067 -004 -018 -042 +025 -052 +076 -070 -022 +000 +088 -034 -023 -015 +058 -001 +001 +007 -078 -048 +064
+027 -085 -007 +047 +054 -061 +018 +017 -002 +060 +085 +024 +075 +014 -060 +056 +025 -087 +055 -028 -041 +013 -077 -073 +081 +035 -048 -057 -047 -025 -080 +057 +012 -054 -050 -061 +011 +061 +015 -086 -018 -034 -048 +028
-001 -026 -013 +087 -047 +026 -054 -057 -063 -087 +007 -066 +050 +035 -008 +043 +001 -046 -062 -042 +070 -048 +083 +021 -040 +048 +061 -080 -076 -021 +061 -076 +082 +023 -006 +058 +022 +015 -025 +040 +073 -017 -088 +035
-014 -022 -054 +020 +030 -034 -052 +057 +076 -000 -086 -061 +000 -011 -007 -073 +055 +063 -025 -078 +077 -078 -075 +035 +016 +025 -002 +077 +073 +025 +010 +043 -083 +048 +034 +088 +076 -010 +061 -068 +055 -070 -088 +067
+032 -053 -010 -048 -000 -085 -026 -030 +045 +008 -051 -060 -044 -071 +028 +085 -003 -040 +040 -041 -046 +081 -031 -100 +042 +044 +034 -032 +010 +067 +024 -085 +013 -066 +008 -043 +035 -057 -076 +075 -080 -086 -026 +004
-023 +025 -021 -031 -033 -022 +034 -024 +052 +048 +035 +036 +026 -064 +068 -046 +000 +083 +062 -068 -008 +024 +068 +001 -067 -085 -034 +057 -053 -056 -052 -023 -038 -010 -005 +013 -034 +066 +030 +074 +061 +007 -087 -077
-068 -051 -036 +088 +033 -034 -020 +020 +066 +062 +040 +074 -051 +076 -080 +000 -016 -068 +010 -018 +046 +042 +033 +054 +044 -010 +012 +073 -042 +008 -074 -083 +024 +043 -026 -037 +047 -002 -048 -074 -037 -015 -021 +005
+054 +083 -012 -056 +026 +061 +008 -030 -088 +086 -028 +045 +044 -052 +005 +063 +053 +022 +002 +044 +087 -035 -064 +013 +034 -053 -003 -045 +043 -037 +001 +068 +067 -042 +085 +041 +068 +060 +076 +042 +061 +088 -077 -080
+035 -051 -001 +085 -073 -046 +050 +014 -003 +063 +087 -047 +040 +086 -034 -025 -071 -064 +015 +074 +050 -032 -054 -007 +037 -001 +028 -080 +022 +075 +041 +034 -087 -086 +082 -045 -034 +018 +045 +046 +053 +005 -018 -033
+026 +041 +026 -006 -045 -025 +061 -077 -077 -020 +100 -021 -000 -058 -077 +041 -066 -083 -083 +078 -077 +011 +038 +007 -016 -020 +071 +025 +030 -034 -056 -025 -023 -044 -000 +032 +024 +045 -080 +082 -021 -084 -046 +025
+034 -065 -066 +005 +050 +084 +021 +004 +023 -000 +074 -015 -045 +042 +034 +054 -028 -031 -072 +086 -002 +015 +034 +028 +064 +081 +044 -081 +050 +074 -061 +078 -025 +030 +027 -070 +083 -026 +080 +037 +036 -016 +021 +050
+004 -023 -062 -077 +041 -045 -074 +052 -006 -060 +081 +066 +001 -082 -065 +000 +067 -034 -053 -080 -046 -021 -026 -030 -000 +023 +005 +056 +067 +050 +025 -075 +065 -016 -030 +076 +014 -085 +000 +065 -033 -064 -037 -081
+087 -026 -080 -086 +072 +044 +075 +026 -052 -027 -011 -060 +084 -052 -061 +048 -080 -048 -046 -068 -014 -034 -030 -015 +071 -011 -025 +038 +014 +084 +012 +033 +022 -001 -060 +001 -081 +015 -073 +071 -087 -086 +026 +031
+070 +067 +082 +006 +066 +085 -088 +030 +008 +066 +045 +054 +010 +080 +086 +010 +081 +075 -033 +070 +058 -033 -020 +081 -037 +000 -033 -082 -074 -081 +018 -080 +070 +075 +048 -083 +037 -070 -008 -066 +042 +032 +057 -055
+046 +043 -073 -064 -028 -015 -086 +005 +075 +080 -027 -006 -020 -063 +043 -083 +054 +002 -011 +088 -040 -018 -003 -076 -041 +003 -038 +081 -073 +018 +021 -071 +072 -076 +041 -043 -023 +073 -071 +025 +057 -001 -084 +024
+022 +071 -035 -025 +085 -057 -085 -038 -085 -044 -067 -047 -011 -067 -023 +005 -016 +083 +076 -050 -027 +068 -016 +058 +014 -041 +060 -013 +074 -082 -030 +068 +065 +038 -051 +055 +052 +082 -062 +083 +073 -032 -036 -047
-057 +004 +067 -053 -001 -051 +036 +047 -030 +033 -047 +057 -035 +016 +005 -024 +013 -073 -032 +066 +058 -087 -038 -003 +040 -050 -006 -046 -038 +013 +074 -076 +060 +050 -075 +073 -001 +020 +030 -050 +060 +081 +087 -016
+038 -005 +051 -078 -083 -075 +054 -066 +080 +036 +048 +070 +044 -030 -018 +045 -071 +051 +037 -002 +025 -065 -075 +022 +068 -060 +010 -011 +081 -033 -021 -043 -058 +062 +057 +026 +068 -080 +048 +080 +012 +065 -012 -001
+055 +072 +053 -012 +080 -005 -071 -048 -027 -007 +085 -087 -017 -001 -078 -012 -031 +083 -025 -001 -041 +043 -020 +012 -002 +016 +081 -078 -040 -006 -061 +087 +048 -053 -014 +088 +001 -027 -030 -010 +003 -035 -084 +075
+075 -030 +074 -036 -012 -065 +023 -100 +061 +008 +008 +002 -067 -063 -073 -074 -054 -003 +037 +032 -040 -010 +047 -051 +028 +031 -014 -082 +004 +078 +070 +021 -083 -052 -007 -078 +005 -087 +076 +030 +062 +002 -087 -056
+023 -072 +035 -064 +033 -031 +083 -033 +045 -020 +065 +023 +084 -022 +072 +018 -065 +006 +014 +024 -011 -034 -008 +071 +055 -025 +014 +074 -056 -027 -012 -000 -033 -065 +026 +077 -062 -068 +057 -065 +050 +020 -063 -065
-033 +007 -036 +010 -054 +016 +066 +071 -011 +058 -026 +042 +007 +018 +075 -085 -017 -056 -076 +072 +047 -043 +042 -002 +051 +021 -037 -088 -011 +003 -043 -032 +100 +086 -004 +058 -070 -002 +084 +052 +066 +005 -038 -056
+001 +007 -076 -063 -081 -088 -030 -056 -045 -012 -016 +067 +065 -063 -017 -046 -067 -055 +036 +037 +028 +050 +066 -060 +004 +056 -087 +021 +044 -077 -074 +044 +084 -022 +038 +075 +012 -058 -031 +100 +071 -027 -037 -034
+058 -003 -040 -008 +068 -046 +065 -087 -025 -041 -037 -074 +002 +022 +076 -074 +070 -041 -015 -030 -021 -042 +070 -045 -040 +066 -085 +000 -043 +068 -002 +002 +082 -063 +013 +078 -062 +071 +055 -033 -051 +010 -040 -050
+080 +024 -037 -035 -076 -078 -070 -001 -057 -047 -066 +080 +036 -021 -017 -082 +014 -043 -081 -065 -001 -072 -028 +068 +005 -082 +075 -023 -022 -067 -078 +044 +032 -020 +058 -017 +082 +004 +087 -083 -041 -035 -058 +085
+015 -021 +071 +065 +012 -084 +043 -001 +008 +030 +078 -044 -055 -004 +062 -100 -038 +052 +025 +037 +018 +050 +021 +054 -047 +061 -006 -062 +028 -077 -058 +082 -074 +074 +085 +024 -054 +003 +064 -005 -007 -057 +023 +074
+021 +021 -088 -007 +000 +003 -082 +064 -050 -027 -048 -024 -080 -058 +073 -024 +017 +001 -062 +026 -041 -061 +024 -004 +068 -016 +065 -008 +073 +043 +046 +063 +011 +040 +068 +044 +083 -043 +047 +018 -062 -008 -016 +026
+071 -023 -034 -032 +008 +017 +032 -084 -047 +025 +073 +051 +023 -061 +077 -024 -016 -063 +034 -008 +043 -081 -064 +068 +087 +056 +048 -025 -046 +063 +083 +044 -072 +033 +058 -075 -000 -034 -021 -004 -025 -075 -061 +015
+020 -100 -043 +077 +014 +078 +011 -075 -051 -047 +048 +032 -004 -007 +031 +041 -057 -000 -022 +073 -067 -066 -020 -064 -000 -007 -050 -004 -064 +083 +088 +014 -081 +088 -082 +087 +005 +066 +014 -011 -028 +038 -042 -023
+061 +053 +014 -100 +100 +044 +087 +011 +012 -067 -042 -053 +075 -062 +073 +006 -001 -026 +006 -045 -012 +025 -047 -004 +040 -056 +045 +087 +017 -011 -055 +055 -008 -086 +031 +072 -068 +047 -087 -022 +020 -018 +032 +012
+037 -025 +078 +087 +041 -063 -030 +065 -037 -043 +002 +026 -005 +026 +084 +015 +004 -084 +006 +023 -022 -063 +054 +064 -076 +004 +010 -034 -044 +048 +087 -045 +060 +086 +087 -050 -000 -032 -052 -027 +016 +057 -044 -040
-052 -080 -072 -067 +035 +028 +047 -008 -005 -036 -018 +006 -043 +026 +046 +012 +051 +026 -062 -084 +013 +051 +070 +018 -034 -034 -027 +070 +017 +026 +020 -002 -053 +048 +017 -020 -002 -070 -068 -006 +073 -071 -028 -014
+058 +061 -014 +058 -031 +081 -018 +033 +018 +036 -012 +064 -030 -051 -077 -002 +068 -070 -036 +017 -035 -087 -057 +013 +018 +018 -084 -081 -021 +082 +062 +077 -038 +074 -017 +061 +078 +084 -073 +076 +041 -062 -028 -056
-021 -088 +056 +032 +037 -077 -048 +057 -045 +011 +044 +035 -024 -008 -032 -020 -056 +014 -013 -082 -038 -081 +052 +027 -017 -010 -013 -047 +025 +031 +006 -062 -027 +073 +026 +056 +077 -041 -025 -048 +026 -037 +076 -073
+075 +062 -026 -044 -026 -006 -058 +021 +050 -000 -082 +013 -034 +064 +002 -083 +063 -076 -084 +061 -050 -022 +012 +080 -033 +078 +047 -048 -007 +012 +032 +070 -038 +052 -027 -004 -030 +003 +061 -072 +048 -070 -067 -056
-027 -050 +020 +027 +076 -083 +026 -037 -065 +100 -012 +002 +084 -023 +033 -022 -065 -040 +015 +051 -072 +070 -100 +013 -078 -016 -003 -075 -040 +048 -053 +076 +025 -083 -086 -024 -004 -072 +033 +021 +034 -070 -054 -057
-035 +012 +034 -015 -064 +072 +073 +013 -043 +085 +072 +018 -065 +044 +022 -051 +080 -015 -028 +043 -071 -062 -076 +083 +045 -055 -077 +020 +010 -045 +050 -062 +060 +030 -041 +027 +043 +037 +056 +000 -035 +036 +077 -087
-024 -063 +050 -064 -030 +036 -028 -041 -044 +028 +087 -043 +027 -075 +030 +085 +061 -048 +033 +067 -086 +036 -044 -071 -054 +050 -030 +087 -035 +086 +002 +057 +041 -081 +030 +000 +024 +030 +052 -082 +023 +061 -048 +054
+068 -058 -020 +081 -071 +005 -054 +011 -037 +036 +056 -044 -002 -010 +056 +074 -008 +013 -046 +058 -055 +037 +006 +065 -074 +086 +081 +042 -051 +016 -088 +053 +071 -075 +024 +057 -041 -003 -066 -030 +000 -005 -050 +068
-038 +064 +061 -071 +017 +028 -076 -002 +014 -047 +051 -024 +013 +054 +061 +015 +050 +070 -044 -100 +076 -017 -050 -078 -053 -062 -074 -074 +053 -055 +008 -045 +037 -041 -030 +038 -030 -088 -060 +008 -014 -045 +025 -015
+054 -042 -088 -050 +024 -004 +012 -020 +075 -002 +038 -066 +028 -011 -010 +013 +026 -032 -026 -018 +082 +071 -038 -074 -030 -037 -023 +033 -042 +022 -085 -054 +028 -013 +003 +003 +044 +064 -003 +005 -072 -058 +025 -032
+057 +002 +050 +033 -051 +028 -042 -007 -035 +051 +008 +014 +024 -072 +062 +034 +076 -031 +083 -067 -008 -008 -016 +084 +025 -025 +051 +033 -043 -034 +055 +055 -027 -075 +033 -046 -038 +065 +073 +031 +065 -002 -014 +025
+054 -042 +010 +034 -078 -045 +033 -033 +028 +074 +040 -017 +006 +002 -041 +016 +032 -071 -032 -055 +003 +080 -001 +042 +035 +011 -085 -053 +085 +005 -031 +036 +026 +034 +002 +035 +070 -036 -025 +003 -012 +034 -083 -051
+041 -048 -004 +067 +065 -087 +005 -083 -023 -046 -043 -070 -064 -073 +087 -015 +063 -080 +011 -038 +007 -047 -024 -001 +025 +088 -060 +050 -025 +035 -013 -021 +012 -027 +017 +046 +064 -007 +041 -036 +022 +082 -008 -064
-073 +056 +070 +018 +081 +086 +066 +033 -032 +080 -004 +048 -054 +012 +017 -033 +017 -021 +080 -024 +067 +075 -046 -058 -015 +072 +067 -046 +001 +085 +063 -003 +062 +013 -045 -030 -053 -024 +070 +026 -086 -057 -018 +074
-011 +001 -075 -057 +074 +062 +087 +034 +074 +085 -045 +060 -065 -021 +028 -055 +053 -012 -035 -021 -046 -046 +076 +011 -086 -058 -018 +064 +021 +056 -051 +035 -051 +028 -043 +061 +030 -100 -074 -051 -016 -001 -085 -052
+056 +057 -014 +075 +076 +007 -076 +003 +023 +046 +023 +007 +047 +024 -080 -087 -080 -063 -056 +055 -080 -031 -050 -072 +014 +005 -066 +073 -066 -010 -074 +043 -056 +065 -033 +011 -068 +035 -010 -045 -037 +047 +015 +061
-011 +083 +030 +025 +004 +042 +034 -030 +052 -044 -005 +052 +053 +051 +016 +002 -035 +035 +021 -047 +000 -026 +061 +024 +025 -014 +012 -033 -003 -082 +066 +080 -051 -037 -054 +058 +066 -085 +036 -072 -014 -055 -030 +020
-028 -001 +032 -068 +015 -064 -001 +022 +004 +048 +065 +063 -045 +028 -030 +055 +076 -083 +035 +050 -087 -031 +024 -076 +005 -060 +020 +035 -022 -063 -086 -034 +062 -071 -027 -085 +060 +061 -043 -035 -007 +075 -080 +047
-078 -052 +070 -088 -056 -073 +024 +084 -046 -010 -066 +014 +075 +085 +078 +025 +076 -026 -007 -001 -037 +030 -052 -047 +062 +066 +016 -068 +030 +046 +080 +013 -035 +020 +021 -088 +010 +055 +072 -046 +087 +071 +068 -045
-075 -043 -080 +052 +054 -021 +036 +057 -052 -037 +060 +063 -030 +033 +026 +075 -073 +001 -076 -014 -022 +016 +051 -013 +056 -005 +067 +036 -036 -063 -042 +043 -077 -027 +026 +014 +004 -057 +018 -053 -043 -054 -015 -020
