+086 +071 +020 -022 +077 -043 -025 +078 -085 +024 +034 +013 +088 +034 +063 -022 -070 +081 +060 +087 -068 -077 +052 -028 -078 +044 -068 +015 -035 +038 -058 -036 +008 -022 -100 +034 +075 +050 +026 +058 -088 -071 +007 -081 +014 +014 -053 +018 +021 -007 +008 +018 +030 +100 +064 -074 -100 -041 -074 -077 +078 +060 -040 -027 +042 +086 -026 -030 +050 +033 -005 -082 -071 -034 +005 +074 -034 +024 +072 +034 -000 -001 +047 +050 +048 +055 +021 +044
-002 -087 -031 -088 +054 +078 -028 +034 +023 -012 -022 -081 +044 -051 +065 -047 +056 -044 +026 -041 +026 -065 +041 +078 +061 -001 -081 +033 -083 +013 -003 -087 +045 -023 +030 +084 +076 -006 -031 +040 -030 +005 +003 -077 -083 -016 -072 +053 +056 -005 -027 -077 -086 -060 +015 -024 +045 -054 -057 +043 +041 -070 -008 +000 +014 -077 +013 -044 -017 -018 -081 +068 -068 +024 +064 +031 -013 -082 +037 -081 +035 +004 +036 +076 +048 -071 -071 -084
-000 +081 +042 -063 +068 +064 -063 -043 -025 -051 -058 +040 -038 +067 -083 -042 +047 -008 -053 +077 +088 +075 -025 +017 -084 -046 -040 -040 -071 +056 +048 +063 -035 +038 -007 +072 +054 +061 +048 -051 -037 +067 -064 +023 +037 +050 -040 +057 -070 -024 -006 -080 +020 +057 -060 +072 -016 +051 -053 -045 +027 -018 +047 +043 -053 +038 -060 +022 -012 +013 +074 +000 -025 -064 +053 -027 +032 -042 -011 -071 +068 +011 -016 -061 -000 +073 -076 +046
+060 -025 -001 +036 -082 -004 -018 +024 -016 -043 +022 +064 -014 +020 +011 -044 -005 +032 +013 +078 -068 +068 -038 +037 +021 +045 -046 -012 +067 -044 -086 +020 -023 +057 +010 -042 +061 +071 +045 -055 +035 -080 -030 +067 -043 -042 +076 +033 -086 -067 +028 +076 -022 +086 +016 +044 +043 +001 +020 +051 +057 +064 +045 +088 -053 +074 -040 +021 +057 +040 +046 +044 -057 +011 +035 -005 +045 -028 -064 +021 +025 +051 -068 -066 -071 -080 -085 -058
-086 +022 +060 -081 +017 +087 -005 -053 -012 +003 +066 +076 -047 +051 -085 +012 -040 -034 +051 -022 -034 +066 +014 +050 -060 -041 -068 +036 -004 -005 -100 -002 -038 +086 -018 +060 -036 -013 -038 -001 -082 +017 -010 -088 +012 +020 +035 -062 +025 -021 -074 +064 +047 +076 -028 -007 +042 +085 +037 +057 +031 -068 +037 -022 -014 -000 +061 -003 -073 +032 -054 -015 -060 +076 +084 -028 +047 +087 +035 -002 +076 -005 -058 -005 +052 -025 +063 -064
-024 -042 -077 +006 +076 -027 +048 -071 -077 -070 -003 -050 -083 +011 +036 +068 -052 +081 +008 -083 -045 +074 +081 +063 +053 +012 +020 +100 +031 +037 +032 -001 -053 -007 -058 -038 +056 +076 +008 -057 -008 +010 -066 +067 -062 -082 +046 -028 -080 +038 -057 +010 -047 -071 -073 +047 -072 +031 -037 -004 +014 -060 +084 +041 +050 +076 +008 +030 +084 -025 -078 +081 +012 +086 +016 -074 -006 +071 -075 -054 -076 +077 -010 +068 -045 +082 +004 -073
+085 +056 -044 +011 +035 +042 -012 +046 +023 -085 +083 +030 -066 -071 -036 +007 +010 -017 -067 -080 +086 +044 +028 -021 +021 -033 -008 -038 +040 +058 -035 -033 +045 +015 +071 +021 -006 -013 +014 +014 +043 +073 -003 +010 -068 +078 -086 -007 +083 +084 -088 +040 +012 -037 -063 +086 -008 +038 -072 -051 +014 -074 -004 -068 +034 -036 -012 -086 +040 -000 +020 +036 -087 -012 -000 -027 -064 -046 +046 -045 +083 -007 -077 -077 -084 +033 +035 +067
-053 +033 -048 +073 -016 -064 -080 +023 -085 -062 +068 +044 +005 +036 -040 +085 -037 +077 -034 +027 -000 -021 +065 +003 -083 -056 -017 +001 +000 +013 +036 -051 +053 -078 +016 -048 -064 +056 +070 +062 +032 +068 -076 +032 +058 +041 -010 -018 +052 -082 +026 +003 -065 +058 -017 -062 -032 +030 +085 -056 +021 -067 +087 -025 -073 -070 +086 +004 +062 +003 +008 -010 -017 +038 -010 -071 -082 -038 -044 -025 +011 +062 +067 -004 -068 -061 +021 +042
+034 +020 +038 +073 -055 +080 +031 +016 -032 -055 -008 -065 -061 -085 +033 +002 -063 +053 -023 +016 +027 -062 -037 +021 +066 +030 +003 +081 +040 +078 +028 -032 +077 +068 +046 -084 +054 +011 +011 -032 +078 +074 -023 -088 +052 +044 -083 +083 +045 +080 +038 +020 +057 -047 -004 -047 +058 +082 +080 -081 +045 +020 +052 +011 -034 -072 +064 +045 +008 -042 -048 +026 +025 -047 +021 +006 -007 +003 +013 -054 -045 -026 +024 +010 +020 -050 +015 +066
+088 -081 +100 +061 +084 +050 -066 -100 +068 -035 +020 +088 -071 +045 -027 +066 -051 -088 -041 -011 -086 +014 -023 -066 +022 -011 +036 -042 -024 +003 +072 +064 -008 +002 -011 +025 -002 -041 -040 +051 -026 -000 -058 +027 +050 -037 -075 -084 +018 +088 -084 +018 +035 -074 -006 +066 -037 -070 -045 +014 -022 -027 +002 +014 -022 +018 -063 -078 -077 +080 +026 -022 -002 -088 -083 +034 -041 -043 +005 +020 -030 +030 +052 +028 +016 +045 +072 +057
+026 +056 +021 +085 -020 -046 +083 -082 +042 -000 -073 +035 +065 +001 +056 +003 -063 -076 +074 +042 +008 +017 +017 -021 -066 -032 +050 -087 +006 +032 -054 +087 -085 -051 +001 -026 -063 +007 -035 +022 -010 +066 -067 -100 -006 +071 +048 -056 +031 +062 -071 +081 +057 +042 -010 -075 +061 +083 -084 +037 -030 -017 -030 +081 -043 +073 -036 +005 +073 +048 -068 -073 -003 +016 +022 +000 -047 -050 +022 +038 -012 +040 -014 -018 -055 +010 +034 -054
+034 +005 +100 -074 +052 +028 +062 +055 +031 +028 +081 -036 -048 -056 +041 -008 +081 +081 +005 -063 -001 +003 +042 -023 -031 +062 +076 +072 +045 -012 +044 -084 +082 -056 +051 +052 -050 -014 -005 -086 +087 +014 +005 +035 +026 +003 +007 -018 +050 +075 +065 -000 -082 -046 -064 -007 +025 +067 -063 -065 -035 +087 -023 +012 -043 -048 -051 -012 -082 +025 +062 +037 +035 -007 -075 +016 -060 +016 +007 +084 +010 -058 -063 -086 +063 -047 -074 -016
-040 +071 +083 -005 +056 +067 -054 +034 -076 -006 -016 +002 -024 -056 +048 +055 +024 -082 +027 +010 +051 -011 -023 -067 +088 +035 +063 +077 +021 -052 +025 -048 +011 -015 +077 +083 +068 +040 -086 +071 +018 -012 -018 -037 -088 -024 -080 -086 +027 +043 +083 -050 +025 -005 +056 +002 +083 -063 -073 -012 +073 +055 +032 +063 +035 -051 -084 +080 -034 +016 -014 +037 +017 +047 -081 +047 +047 +083 +007 -023 -062 +001 +026 +056 -027 -048 +004 -040
-061 +074 +047 -038 +073 -032 +043 +000 -054 +021 +087 -033 +068 +020 +045 +035 +036 +055 +065 +057 -012 -082 -012 +013 +032 +057 +041 -010 +081 +055 -056 +004 -051 -020 -076 +020 +051 -081 +074 -017 -064 -060 +025 -024 +045 -013 -038 -034 -060 +051 +015 -001 +014 -012 +074 -021 -066 +010 -020 -060 +057 +066 -084 +038 +020 -061 -018 -057 +071 +052 -052 +030 -013 -008 +058 -020 -071 -023 -068 -017 +000 +000 +024 +015 -078 +027 -070 -086
-086 -030 +006 -071 -073 +081 -014 +087 +007 +044 -024 +088 -046 -003 +058 +054 +076 +020 +045 -043 -058 +043 +040 +031 +058 -027 -016 -063 -072 +003 +025 +055 -048 +056 -074 -024 -058 +055 -037 +056 -047 +050 -003 -041 -047 +080 -053 -078 +053 -001 +020 -054 +060 -026 +087 -026 -085 +038 -013 +026 -028 -073 -006 -030 -041 -017 -083 +041 -085 +034 -011 -024 -077 +050 -100 +031 -082 +067 +056 -005 +062 +001 -011 -064 +006 -016 -026 -041
-022 -051 -066 -023 -002 +078 +031 -057 -035 -046 +018 -061 -004 -038 -006 +055 -016 +043 -074 +033 +014 -063 -087 +032 -014 -065 +032 +055 +004 +074 -100 -064 +033 +030 +018 +062 -004 +077 +037 +027 -036 +034 +042 +081 -078 +053 -086 -088 -011 -022 +024 +021 -051 +008 +058 -052 -084 +051 -035 -084 -052 -013 -076 -001 -088 +100 -014 -025 -015 -053 +076 -076 -021 -008 +041 -034 +054 -002 +027 +078 +057 -055 +000 -033 +010 -001 +080 +074
+074 +063 +056 -058 -054 +023 -068 -065 +032 -037 -078 -041 +087 +048 -031 +058 -030 -074 +085 -041 -041 -048 -085 +063 +077 +054 -053 -018 -026 -074 -064 +053 +042 +060 -100 +086 +027 -025 +041 +081 +087 +035 +064 -053 +087 -031 -066 -033 +063 +067 +043 +030 +072 +002 -014 -075 -064 +071 +052 +028 -070 -055 -036 +042 -010 +088 -024 -082 -074 -021 +074 -020 +061 +023 +052 +024 +071 +078 -043 -084 +074 -077 -083 -070 -033 +088 -031 +011
-000 -017 +068 +022 -083 +055 -056 +046 -014 -050 -070 -038 +061 -030 -076 +051 -054 -061 -074 +012 -037 -075 -074 +023 -035 -010 -088 -040 -018 -086 -007 +000 -043 +065 +055 -048 +043 +022 -080 +006 +052 -013 -085 +011 -055 -057 -012 -018 +055 -047 -041 +035 +068 +022 -081 +077 -064 +028 +066 -080 -063 -036 +002 +047 -008 -032 +007 -076 -064 +017 +008 -055 +034 +085 -016 -048 +058 -054 -086 +084 -043 -061 +006 -045 -037 -000 -088 -046
-016 +048 -075 +010 +084 -030 -081 -064 -077 -032 -032 +064 -065 +068 -054 -060 -042 +077 -071 +034 +000 -087 +053 +020 -026 -080 -076 -021 +013 +008 +053 -067 -046 -073 +054 -005 -068 +066 -042 -008 -082 -014 +046 +022 -058 +051 -047 -022 -071 +018 +023 -045 -020 -048 -018 -004 +036 +024 +044 -056 +018 +075 +008 +051 +038 +083 +001 +016 +050 +081 -087 -035 -036 +031 -072 +000 +065 +013 +027 +005 -012 -054 +023 -080 +025 -031 +073 -075
-068 +010 +051 -013 +043 +067 +022 +030 -067 -035 -036 +034 -027 -016 +074 +030 -060 +060 +007 -081 -078 -006 +046 -027 -068 +051 +003 -068 +024 +042 +087 -041 +011 +024 -002 -036 -073 +060 +056 +000 +062 -088 -048 +065 -014 -058 -038 -013 +048 +021 -054 -050 +025 -086 +040 -074 -020 -034 +028 -076 -077 -004 +100 +064 -037 +045 -051 +033 -003 -052 -067 -021 -076 +000 +023 -083 -008 -003 +016 +013 +068 -056 +047 +044 +032 -071 -086 +057
+003 +023 -037 +025 -073 +053 -084 -045 -022 -024 +013 -021 +057 -058 +044 -010 -073 +030 -054 -015 -044 +017 +003 +020 -080 -053 +068 -067 +008 +008 -058 -065 -083 -062 -011 -015 -038 +063 +001 +024 -078 +042 +053 +086 -042 -060 -085 +048 -011 +085 -062 +013 -034 -077 -084 -084 +037 +000 +064 -018 +024 -087 -067 +006 -061 +066 +004 +021 -052 +002 +047 +002 -046 -028 +010 -001 +085 +037 -037 +041 -016 -081 -067 +026 +018 +012 +002 -053
-056 +014 +045 +064 +085 +020 -030 +078 +043 -033 -045 +031 -042 +016 -014 +066 -012 -012 -015 -024 +055 -046 -033 -020 -011 +032 -062 -086 -044 +086 +050 -055 +086 +050 +002 +057 +038 -052 -040 +068 +064 +012 -060 -020 -053 +000 +042 -020 +067 -037 -010 +021 +015 +031 -057 -065 -013 +012 -022 +002 +012 -034 +038 -030 +082 -070 -077 -048 -066 -007 +053 +078 +017 -007 -037 -066 -021 +100 -016 -010 +020 -085 -003 +084 -010 -080 +080 +050
+005 +036 -003 +018 +042 -001 -070 +052 -065 -067 -026 -022 +044 -075 +066 -050 -032 -050 +077 -017 -043 -053 +022 +085 -010 +066 +022 +021 +057 +058 +035 -050 -036 +007 -063 +070 -031 -056 -076 +073 -038 +083 +045 +050 -076 -001 +036 -018 -022 -021 +046 -088 +074 +015 +002 +020 -035 +025 -074 +006 -037 +014 +038 -046 -006 -030 +048 -004 -013 +030 -067 +020 +022 +075 -012 +012 -050 +028 +037 +065 +010 +060 -025 -073 -073 -081 -050 -082
+010 -015 -003 +036 -068 +073 +011 +067 -065 -085 -020 -073 -042 -052 +037 -047 -058 +004 -020 -027 -034 -016 +002 +085 -024 +070 -000 -000 -081 +047 -004 +060 +088 -056 +043 -064 +043 +066 -067 -063 +035 +016 +025 +086 -081 +003 +024 -038 +026 -012 -043 -001 +066 -004 -051 -018 -063 -057 -067 +025 -028 -040 -067 -047 -071 +031 +048 +026 +082 -081 -076 -040 -062 -060 -058 -067 -083 -007 -075 +000 +006 -034 +026 +006 +008 +081 -004 -021
+072 -028 -012 -072 -087 -005 +087 -061 -044 -100 +064 +005 +030 -041 +032 +010 -032 -032 -068 -025 +046 -057 -066 -025 +004 -041 -080 -060 -088 -064 +041 -074 +065 -081 +067 -031 -003 -066 +028 -017 +077 +016 -015 -083 -017 -037 -085 +080 -036 -004 -088 +037 -052 +058 -012 +007 -003 -067 -035 +054 +008 +083 +060 -024 +041 +068 -017 +064 +047 -031 +087 +042 +066 +011 +072 -073 +080 +020 +051 -037 +088 -010 -076 -043 +033 -023 -085 -020
-018 -052 +031 -037 +064 -068 +023 -013 -042 +067 +061 -047 +031 -088 +078 -008 +034 +020 -006 -055 +020 -058 +004 +020 -025 -064 +026 +065 -088 +074 +015 -073 -100 -012 +011 +042 +067 +063 -002 +003 +036 +053 +015 -055 +032 -057 +075 +025 +053 -038 +052 -081 -070 -083 -045 +086 -004 +031 +058 +064 +084 -086 +053 +033 -001 -073 +001 +065 -086 -046 +048 -016 -081 +084 -026 +066 +055 -100 -068 +038 +058 +010 -006 +082 -041 +034 -040 +017
+004 +051 +063 -074 -030 -046 +018 +051 +055 -038 +058 +053 +036 +008 +060 +033 -018 -003 +065 +071 +041 +024 +036 -064 +055 -065 +073 +055 -067 -078 +068 -051 +021 +006 +027 +007 +056 +082 +064 -072 +047 -034 +005 -060 -081 -025 +057 +052 +017 -004 -070 +033 -072 -077 +014 -064 -035 +043 -071 +011 +008 -057 +036 -077 +068 +080 -044 -075 -027 -077 -060 -062 -023 +058 -030 -088 +041 +080 +035 -060 -008 -045 +045 +043 -046 +073 +008 -016
+081 -003 +072 +080 -022 +037 +033 -012 -027 +072 -014 +010 +004 -033 -085 -077 +067 -062 -077 +008 +080 -000 +020 -027 +016 +065 +044 -024 +008 +030 -033 +083 -008 -016 -005 +050 -073 -068 -040 +082 +066 +057 +003 +034 -068 -061 -038 -010 +077 -071 -085 -000 -044 +071 -058 -064 -084 +006 +086 +100 -035 -006 +088 +085 +058 +000 +060 +043 +055 +025 +088 -015 -024 -052 -002 -065 +060 -046 +031 +042 +046 -040 +082 -034 +077 +003 -031 +065
-081 -041 +081 -051 +011 -001 +054 +012 +037 -017 -068 -030 -064 +027 -007 +042 -028 -043 -001 -053 -060 -068 +026 +014 -081 -063 -044 +037 -041 +071 +020 -061 +035 +078 -020 -033 +067 +004 +080 +033 -047 -021 -082 +072 -054 +033 +060 +011 -013 +063 +055 -083 -034 +015 -085 +037 +075 +025 -057 -012 +053 +086 +055 -027 -041 -017 +024 -003 -013 -027 +025 +084 -013 +062 +066 +024 -041 -056 -065 +055 -014 +075 +014 +031 -058 +008 -056 +068
-027 -060 -045 +007 +035 +081 -022 +047 -084 -083 -083 -078 -088 +038 -043 -037 +080 +027 +011 +020 +052 -058 +068 +058 -004 +011 +003 +013 +066 +050 +043 -067 -026 +014 -008 -028 -016 -027 -064 +023 +033 +032 -053 -035 -035 +033 +030 +023 -063 -080 +042 +066 +080 -012 -004 -042 -081 -086 -002 -034 +070 +068 +066 -032 +041 +063 -064 +067 +074 +022 +036 -016 +075 -022 -038 +041 -080 -011 +004 -021 +050 -047 +088 -083 -025 +002 -100 +084
-085 +000 -082 -076 -000 -087 -024 +082 -006 +047 +041 -010 +071 +025 -032 +050 -075 +020 +074 +007 +035 -065 +067 -070 -035 -083 +054 -063 -027 -056 +000 -055 +007 -036 -018 -025 +072 -034 -072 -051 +045 +087 +050 +046 +082 +070 -015 -046 +037 -022 -036 -057 -014 -088 -000 -035 -065 -037 +055 -012 +022 -008 +020 +073 -023 -075 +063 +015 -041 +002 +080 -027 +024 +017 -085 +007 -002 -037 +032 +043 -064 -005 +046 +044 -065 -070 -051 -010
+015 -058 -051 +088 -006 -037 -028 +071 -050 -020 -025 +021 +030 +034 -055 -083 -022 +022 +044 +014 +072 -058 -041 -051 +018 +073 +070 +026 +087 -065 -081 -084 -077 +044 -072 -057 +052 -012 -080 +045 -011 +024 +038 -076 +043 +085 -058 +078 +017 -012 -015 +040 +086 -027 +088 +044 +086 +000 -088 -064 -065 -056 -062 +040 -013 +061 -075 +045 +078 +012 +085 -014 +082 -005 +047 -038 +022 +043 +003 -008 -058 +015 +064 -048 -027 -074 -045 +024
+057 -037 +078 -011 +073 +085 +043 +014 +076 -068 +045 +003 -045 -031 +067 +017 -076 +045 -038 +002 +002 +073 -013 +052 -042 -028 +034 -043 +084 +034 +064 +070 -052 -056 -058 +057 +002 +023 -088 +035 -057 -042 +067 -000 -040 -076 +085 +022 -068 +030 +037 +003 -042 +040 -033 -045 -038 +074 -001 +057 -020 -066 -060 +011 -004 -017 -068 +082 -001 +006 -037 -005 +000 +028 -076 -064 -036 +023 +055 -053 -015 -032 -048 +031 -036 -015 +004 -046
+054 +036 -027 +014 +082 -060 -014 +086 +032 +015 +062 -025 +061 +061 +038 +030 +004 +088 +033 -005 +054 -032 +024 -085 +036 -032 -034 +033 +036 -077 -031 +001 -034 +006 +063 -087 +061 +014 +022 -023 -075 -025 -067 -086 -085 -017 -082 -000 +027 +035 +018 +030 +030 -052 +063 +046 +007 -061 +085 -041 +037 -077 -022 -084 -048 +038 -051 +087 -040 -062 -086 -088 -003 +063 +002 -066 +051 -081 -065 -065 -056 -062 +076 +014 -085 +085 -015 +017
+007 -056 +072 -008 -036 +041 +033 +005 +051 -050 +073 -045 -055 +030 +064 -056 -068 -050 -044 -016 +036 -004 +076 -031 +070 -031 +075 +010 -005 -050 -022 -025 -047 -025 +030 -034 +012 +006 +000 -062 -068 -078 +028 +084 +040 +075 -067 -041 +011 -036 -015 +087 +054 -073 -014 -006 +068 +070 +086 -036 -056 +074 +047 +064 +004 -075 -004 +021 +026 +041 -008 -086 +017 -016 +068 -077 -000 -082 +066 +024 -051 +057 +003 -085 +046 +021 -078 +040
-051 -071 -065 -006 -024 +084 +065 -058 +021 -080 +003 -018 -013 +080 -075 -013 +064 -023 +010 +052 -046 +054 +083 -030 -087 -028 +012 -036 +036 +078 +084 -020 -012 -001 -000 +081 -033 -061 -053 -018 -050 -013 -051 +055 +038 +087 +062 +036 -026 +063 -012 +016 +005 -026 -070 +040 +066 +063 -057 +004 -017 +031 -088 -053 +070 -074 +021 -011 +000 +063 +075 -001 -085 +046 +047 -033 -001 -074 +013 -068 -035 +018 -075 +088 -087 +064 -045 +031
-014 +041 +082 -068 -043 +078 +020 +033 +033 -085 +047 +058 +047 -010 +043 +088 -060 -033 +055 -000 -004 -021 +065 +023 +087 +012 -027 -042 -074 +017 -047 -006 -058 +034 -063 -001 +035 -024 +014 -040 +067 +018 -077 +027 +085 +000 -080 +074 -002 +038 -061 +058 +044 +043 +022 -017 -068 +000 +066 -002 -032 +056 +036 -075 -024 +030 -011 +021 -053 +038 +006 +006 +000 +074 +080 +028 +075 -071 +076 -057 +065 +043 +063 +026 -010 -030 -068 -070
-025 -046 +008 +070 +070 +072 -072 +085 -008 +054 -064 +075 +076 +055 -013 +057 +025 +066 +053 +043 -033 -086 +010 +046 +084 -003 +025 +046 -016 -080 +078 +032 +020 -043 -004 -033 +054 +033 +031 +064 -018 +043 -022 -085 -055 +008 -002 -066 -035 +045 +037 +040 +070 -066 +067 -081 -041 -078 +028 +026 -010 -056 +012 +047 -008 -035 +053 +017 -022 -077 -066 -068 +024 +026 +015 +062 +048 +022 +026 -036 -026 +005 -031 +081 -051 -057 +027 -086
+072 -017 +055 -034 -078 -064 -040 +031 +071 +028 -017 -024 -000 -037 +045 -037 -051 +077 +006 +070 -058 +046 +056 -088 +024 +068 -065 +044 +040 +056 -078 +044 +005 +006 +016 -085 +081 +003 -056 +001 +030 -021 +002 -087 -005 -061 -063 +006 +011 -023 -041 -021 -023 -048 +078 +065 +087 -031 -056 +056 -085 +031 -058 +051 +052 -058 +011 +054 +012 +062 -080 -022 -077 -073 -030 +038 -064 -071 +084 -071 +065 +045 +005 +083 +073 -003 +018 +036
+077 +081 +080 +017 +026 -060 +055 -088 +065 -076 -056 -046 -074 +022 +057 -072 -055 -073 +073 -052 -063 -088 -072 +016 -075 -003 -067 +010 -015 +070 -025 +011 -058 +005 -004 -038 -084 -056 +077 +000 +085 +066 +034 +046 +004 +006 +025 +072 +034 +070 +031 -088 +016 +038 -085 +044 +075 +013 +003 -086 +017 +022 +078 +010 -026 +043 +052 -032 -063 +088 -065 -027 -054 -040 +027 +015 +075 -067 -083 -020 -017 +086 +051 -017 +087 -035 -012 -052
-026 +021 -008 +038 -072 -041 +054 -051 -008 +040 +022 +075 +043 +087 -074 +014 -078 +052 +085 -054 +031 -083 +035 -004 +077 +064 +015 -047 -006 -007 +033 +021 -070 +045 +036 +065 +006 -040 -065 -056 -001 +032 -046 -051 +043 +026 +000 -083 +038 +044 -058 +040 -006 +003 +050 +064 -047 -078 -013 -024 +033 -031 +066 +051 +020 +000 +010 +084 -042 +015 +017 -047 +067 -035 +005 +018 +036 +024 -063 -052 -010 +074 +047 -016 -042 -006 -016 +054
-066 +044 +048 -073 -012 -041 -086 +035 -020 +046 +058 -063 -067 -001 -027 +025 -074 +052 -038 +067 -051 +025 -082 -041 -032 -066 -007 -074 -021 +075 -036 +035 -025 -088 +070 +033 -005 +087 +070 -040 +086 -027 -018 -044 +072 +056 -034 -027 -031 +054 -087 +011 +078 -063 -007 +050 -057 +040 +063 +056 +003 -066 +044 +061 +010 +075 +004 +023 -012 -055 -061 -043 -015 +068 +016 -043 +085 -015 +088 +083 +037 -017 +060 -021 +071 +018 +010 +087
+000 -061 -071 +060 +004 -021 +063 +005 +040 -018 -100 +073 -077 -068 -025 +072 -042 -081 +017 +076 -043 -031 -013 +048 +006 +036 +002 +017 +044 -005 -061 -018 +078 -032 -012 -031 -007 -017 +008 +020 -070 +011 -070 +001 +057 +056 -063 +078 -025 -051 -083 +076 +073 +073 +024 -070 +017 -046 -061 +014 -056 -084 -081 -004 -001 +015 +015 -010 +087 +057 -034 +003 +021 -061 +026 +062 -023 -027 -036 +003 +062 +064 +006 +054 -028 -053 +028 -062
+052 -000 +087 +003 +062 -080 +001 -054 -062 -066 +036 -023 -028 +011 +011 +034 +030 -070 +018 +004 +021 +023 -021 -086 +012 +067 -068 -024 +014 -074 -068 +024 -053 +003 +026 -034 -025 +027 -006 -042 -020 -070 -040 +008 -012 -083 -100 +080 -021 +073 +053 +067 -058 +073 -016 +038 -003 -055 -061 -054 -041 +082 +077 +082 -026 -075 +005 -004 +035 -030 +001 -086 -048 +081 +007 -017 -033 -014 -061 +083 +051 +005 +010 +100 -047 +007 -054 -081
+056 -048 +083 -082 +071 +008 +015 -037 -076 -052 -052 -012 +087 -067 +047 -047 +040 +067 -060 +056 -013 -045 +086 -062 +031 +087 -064 -063 +008 -072 +035 +057 +027 +008 -057 +053 +063 -072 +038 -027 -012 -068 +073 -024 +046 +042 -006 +020 -043 -042 +073 -007 -014 -086 +056 +037 +067 +048 -042 -054 +076 -086 +072 +041 -088 -032 -027 +055 -001 +038 -071 -070 +004 +043 -014 -007 +000 +041 +061 -082 +066 -028 +024 +002 +018 -063 -011 -057
+020 +035 +085 +100 -037 +054 -027 +034 -078 +014 +008 -045 -066 +082 +070 -012 +037 -054 -084 -022 +078 -005 +038 -032 +066 +071 -005 +053 -024 +020 -083 +021 +016 +028 -053 -041 +064 +028 +040 +064 +067 +087 -074 +003 +077 -007 -072 -064 +051 +025 -011 -010 +056 -013 +006 +074 +044 -074 +088 -027 +085 -007 -028 -040 +058 +043 +011 +053 -074 -056 +035 -067 +052 +027 -083 -045 +062 -070 -010 +077 -051 -047 -082 -073 +054 +071 +008 +066
-032 +065 +046 -072 +001 -065 +006 -016 -084 +055 +000 -087 +046 -021 +030 +034 +072 -063 +076 -004 -002 +072 -048 +057 +083 -035 +001 +067 +067 +012 -035 -030 +042 +047 -023 +048 +038 +002 +023 +085 -024 +035 -015 -003 +062 +014 -072 -035 +053 +076 -066 +064 -021 +062 +065 -080 -042 +071 -014 -045 +025 +008 -056 -072 -061 -034 +013 -085 -028 +040 +008 -086 +003 +034 -054 -022 -035 -065 -024 +031 +024 +016 -007 -043 +055 -020 +014 +062
+070 -086 +000 +012 +004 -012 +080 -076 +003 +028 +040 +053 +034 -062 +006 +025 +040 +084 +031 -006 +071 +044 +083 +030 -025 +038 -076 -075 +075 -030 +031 +057 +007 +043 -043 +002 -055 -016 +083 +014 -051 +080 -063 -037 -076 -066 -083 -027 +027 -061 +064 -010 -076 +072 +085 +078 -077 +083 -025 -021 +050 +062 -046 +070 -024 +051 +045 -056 +021 -078 +083 -086 -038 -078 -002 -055 +047 +033 +062 -053 -068 -004 -047 +020 +076 +072 -012 -026
-086 -038 +055 +065 -085 -044 +015 -011 +030 +026 -025 -050 -023 -066 -085 -058 +020 +012 -084 +015 -004 -016 +031 -018 -061 +036 -073 -026 -012 +013 +042 +025 -040 +045 -040 -046 -036 -022 -074 -010 +003 +074 -000 -053 -077 +037 +001 -028 +072 -056 -086 -033 -088 +042 +044 +036 -012 +004 -017 +025 +038 -028 +067 -000 -001 +080 -037 -083 -021 -082 -073 -088 +068 +063 -077 +075 +017 -087 +057 +004 -037 +070 +055 -071 -076 +057 -012 +070
+081 -066 +060 -052 +072 +044 -083 +016 -007 -056 +030 +056 -023 -074 -076 +026 -042 -017 -054 +100 -028 +061 +003 +020 -025 +006 -053 +015 +003 -076 +065 -066 +046 +032 -008 +081 -008 -077 -063 -083 +081 -002 -011 +047 +044 +000 -067 +065 -003 +010 -030 +077 -002 +031 +027 -058 +033 -062 -050 -004 -067 +087 -021 -055 -056 -030 +040 +032 +030 +022 +022 -077 +031 -077 -040 -065 +070 -047 +076 -073 +060 -022 +017 +017 +060 +061 +083 +044
+058 +016 -032 +005 +006 +017 -010 -076 -082 -050 +026 +032 +083 -040 +066 +002 +006 +073 -041 -037 -080 +014 +015 +040 +085 +046 -078 +100 +086 +068 +013 -057 -081 -036 +038 +018 -020 -056 +006 +064 +056 -066 -068 +087 -078 +083 -046 -012 +035 +017 -027 +088 +054 -082 +063 +068 -037 -055 -007 +086 +064 +043 -081 +043 +018 -036 -041 +083 +053 +030 +050 -058 -066 +017 +015 -030 +058 -060 +081 +045 -081 +030 -004 +063 -012 +076 +057 +048
-013 -033 +073 -022 -064 -085 -003 +012 +063 +087 +014 -052 +060 +026 +060 -078 +074 -066 -036 +088 -085 +088 +035 +022 -067 +062 +081 -087 +005 +056 -077 -057 -061 -021 -051 -042 +044 -087 +036 +068 +051 +015 -024 +066 -001 -018 -072 -042 -000 -061 -028 -026 +030 -073 -003 +044 +064 +053 -100 +023 -078 -007 +034 +025 +042 +088 +067 -000 -036 -012 +022 -032 -017 -027 -027 +011 -075 -088 +028 -025 -034 +066 +087 -041 -071 -006 -062 -038
-077 +065 -023 -006 +047 +042 +081 -030 -021 -076 +050 +083 -003 -073 +026 +043 +064 +033 +047 -033 +081 -076 -087 -051 +080 +073 -042 +045 +053 +031 -023 +085 +036 +011 +084 -021 -025 +073 -018 +067 +038 -062 -044 +086 +088 +007 -058 +041 -087 -085 +083 -035 -043 -022 -008 -034 +012 -020 +081 +051 -040 +027 +082 +050 -046 -006 +040 +010 +026 -014 +087 +084 +041 -025 +016 -031 -023 -063 -013 +060 -028 -062 +055 +036 +025 -026 -003 -084
-048 +018 -074 +041 +005 -020 +023 +001 -074 -066 -043 -038 -041 -005 -042 +054 -003 +035 +027 +045 -067 -076 -042 +077 -006 -021 -034 -066 +002 +035 +025 +011 +081 +028 +085 -014 +078 +068 +078 -088 +087 +061 +044 -015 -048 +041 +003 +086 -077 -044 -086 +060 -082 -081 -076 +046 -010 +085 +058 +033 +082 +007 -005 -062 +017 +040 -018 +044 -004 -017 +051 -042 +055 +078 +037 -067 -004 -021 -067 +021 -037 -088 -030 +010 -071 +080 -013 -081
+050 +022 +006 +021 +041 -074 -076 -054 +078 -057 +064 -058 -021 +011 +078 -072 -073 +072 -074 +041 +075 -018 -046 +022 -071 +056 +073 +021 +040 -085 +084 +082 -045 -070 +013 +063 -052 +085 +077 -014 -083 +076 +048 -081 -082 +027 +067 -017 +028 -027 -046 +051 +012 -051 -060 +025 +072 +087 -081 -043 -023 -085 +033 +004 +065 -005 -057 -050 +067 +063 -028 -020 +016 -070 +003 -065 +072 +033 +013 +061 -078 -023 -062 +011 -026 +043 +085 -014
+076 +070 -024 -043 -015 -065 -014 -032 -031 -001 +080 +002 +078 -073 -020 +003 -021 -070 +075 -086 -084 +057 -056 +035 -014 +070 +076 -006 -018 -025 -087 -040 +003 +047 +052 +085 -057 -035 +020 +086 +088 -061 +001 +066 +011 +074 -017 +031 +032 +000 +040 +060 +037 +050 +036 +026 +033 +023 +077 -034 +004 +025 -073 -040 +058 -057 -073 +018 -042 +054 -001 -024 +055 +048 +030 -034 -087 +073 -035 +046 -020 +014 -062 -057 +032 +028 +035 -027
-073 +056 -000 -045 +045 +016 +074 -048 +042 +030 -081 +021 -044 -034 -010 -025 -006 -081 -037 +084 -001 -064 +057 +056 -085 +047 +036 -042 +042 +018 +054 +011 -050 +007 +083 -003 +100 +028 -046 +015 -028 +087 -083 +040 -078 +030 -087 -081 +081 +045 -032 -087 -074 -008 -078 +046 -032 -065 -080 +025 +007 -017 -006 -022 -045 -061 +046 -054 +013 +002 -007 -040 +048 -078 +032 +036 +065 -024 +050 +028 -024 -010 +024 -055 -060 +010 -046 -074
+040 -016 -061 +072 +023 -023 -074 -024 -006 +018 -100 +075 +001 -053 +001 -030 -037 +044 -073 +013 -081 +042 -014 -014 -052 -070 +033 +062 -075 -061 -077 +048 -080 -064 +008 -027 +068 -073 +035 +037 +000 -045 -032 -064 +074 +055 +080 -040 -062 -061 -048 +008 +015 +056 +063 -058 +072 +082 +021 -060 -077 -073 +013 -016 +038 +080 -038 +061 -044 -012 -002 -018 -082 -065 -067 +043 +068 -047 +003 -081 -047 +008 -066 +011 -057 +011 +001 -038
-017 -031 -061 +065 +042 -013 -018 -014 -082 +053 -020 -018 +033 +003 +008 +081 -018 -036 +043 +084 +041 -022 +042 +073 -086 +022 -085 -086 +081 +042 +046 +013 +071 -077 +035 +070 -036 +055 +061 +047 -012 +046 -048 -050 +038 +027 -048 -066 +015 +085 +041 -017 +065 +038 -025 -028 -063 +074 +022 +074 +032 +026 +044 +037 -030 -070 -000 +035 -064 -088 -043 -005 -052 +033 -023 -035 +017 +070 +020 -021 +057 -078 +060 -037 +082 +086 -050 -005
+005 -015 +038 -006 -038 -041 -007 -040 -042 +036 -086 -078 +001 +072 +037 +055 -068 -060 +006 -057 +083 -027 +073 +002 +026 -040 +044 -088 +067 +026 -058 +023 -003 -024 -034 -042 -082 -052 +048 -007 -027 -052 -038 +015 +081 -035 +026 -022 +012 -026 +073 -040 +014 -023 -014 +013 -050 -015 +068 +018 -031 -053 +006 -078 +011 +030 +017 +072 +060 +052 +033 -062 -007 +042 +075 -033 +067 -010 +014 -007 +057 -071 +043 +045 -028 +063 +025 -070
-062 -072 +020 -036 -006 +004 -040 +050 +042 +040 -056 +017 -021 +052 +037 +068 -048 -056 +028 -043 -077 +081 -040 -058 +081 -052 +007 -023 -070 +014 +026 -068 -015 -036 -012 +023 +067 -058 +078 +022 +083 -023 +013 +064 -071 -003 +016 +013 -081 +038 +004 -034 +018 +051 -076 -068 -064 -030 -033 -005 +041 -070 -053 -063 -032 -067 -067 +034 -027 -007 -056 -050 -026 +068 +033 -056 -068 +004 +015 +076 +071 -044 +037 +068 +021 -002 +001 -048
+012 -025 +063 +073 -078 -045 -032 -047 +056 +087 +035 -052 -083 -031 +084 +014 +056 +012 +025 -028 +028 -064 -066 +007 -013 +071 +018 +043 +084 -056 -040 -042 -043 +070 -010 -065 -045 +020 -054 +020 +006 +088 -057 +010 -085 +050 +062 -028 -001 +026 -100 +036 -037 +057 -057 +026 +006 +037 -016 -005 +053 +048 +081 -010 +021 +073 -086 -000 +043 -020 -062 -065 -046 -030 -012 +028 -086 +071 +052 +061 +078 +048 +033 -045 -083 -056 -051 +060
+032 -085 +030 -085 -087 +100 +046 +004 +067 +086 -016 -045 -031 -014 +025 -070 -084 +085 +057 -080 -071 +028 +004 +045 +071 +056 +051 +034 +081 +061 +054 +070 -005 +005 +035 +044 -024 +006 -026 -020 -081 -016 -034 -008 -050 +003 -082 -000 +038 -024 -025 -071 -081 -036 +082 +028 -013 -043 +024 +010 -027 -063 +025 +032 -074 -080 +088 +060 +006 -056 -077 -042 +040 -023 +031 -040 -004 +085 +066 +088 -033 +013 -025 +026 +030 -082 -033 -040
-055 -074 +050 +015 -084 -047 -055 +008 +005 -077 -081 -030 -011 +005 -003 +011 -020 -017 +000 -072 -087 +086 -000 -060 +036 +034 +074 +013 +070 +087 -046 +031 -066 +010 +018 +043 -053 -002 +082 -040 -061 +067 -076 -050 +038 +021 -078 +013 +008 -017 -056 -088 -041 +007 +088 -001 +031 +044 +067 +005 -063 +027 +081 -066 +037 -065 -053 -075 +002 -022 +048 -030 -024 +007 +053 +021 +032 +023 -007 +051 +046 -073 +033 +005 +081 +061 +055 +010
