-036 -064 -016 -080 -014 -046 +014 +027 +076 -013 +001 +068 +075 -052 +034 -024 -068 -005 +051 +000 +037 -070 +080 +008 +034 +083 +005 -030 -015 +007 +006
+010 +084 -078 -007 +011 -073 -065 -026 -003 +086 +007 -027 +051 -054 -030 -035 +031 +040 +072 -027 -036 -026 +055 -058 +026 +064 +012 +044 -018 +063 -073
-062 +086 -043 +025 +057 +047 +080 +045 +050 +100 +074 +054 +082 -011 +027 +023 +037 +018 +087 +012 +028 -021 +054 +045 -048 -024 +048 -085 -000 +082 +052
+071 +023 -054 -077 -004 +050 -014 -047 +033 -035 -056 +063 -075 +053 -086 +044 +085 -072 +033 +057 +031 +006 +006 -024 -001 -035 -086 +022 -073 +045 +074
-027 -033 -066 -055 -067 +024 +047 +000 -021 +046 -071 +072 +062 -080 +023 -081 -052 +057 -032 -001 +016 -000 +021 -051 +068 -082 -060 +076 +078 +027 +074
+011 -047 -011 +065 -034 +031 +026 +037 -005 +052 +004 -044 +045 +078 -050 +067 +044 -037 +021 -036 +008 -065 +080 -053 +020 +023 +055 +078 +057 +050 -065
+022 +072 +041 +030 +038 +037 -048 -071 +050 -013 +013 +072 -011 -014 +055 +043 +037 -062 +075 -035 -005 +032 +058 -017 -062 -063 -002 +084 -018 +062 -062
+056 +080 +044 +034 -022 +051 -020 -018 -014 -017 +033 -086 -041 -027 +082 -060 +047 -083 +042 -013 +065 -087 -087 +023 -044 +083 -061 -035 +040 +041 -041
-036 -067 +005 -045 +037 +035 -068 -020 +065 -053 +064 +018 -014 +022 -027 +014 +005 -003 +084 +050 +014 -082 -021 +001 +000 +007 +046 +037 -012 +087 -001
-011 +048 +023 +016 +044 +083 -028 -073 +080 +011 +081 +010 +004 +078 +050 -014 +057 -084 -076 +086 +058 +033 -026 -083 +082 +005 +037 +050 +071 +031 -085
-058 +034 -084 -081 +044 -022 -065 -024 -017 +082 +006 +068 +051 -057 +080 +058 +084 -045 -054 +033 +048 -047 -001 +003 +028 -047 +081 +042 +070 +040 +082
+058 -057 +080 +086 +083 +026 +047 +051 +058 +021 +058 -054 +004 +073 -081 +072 -043 -086 +025 -015 +030 -018 -047 -022 +054 -083 +028 -074 -011 +050 +070
+007 -035 +060 +060 -042 -003 +003 -077 +077 -088 +084 -045 -068 -006 +078 -044 -030 -002 +016 +086 -045 -072 +006 +012 +024 -000 +048 +024 +064 +064 -084
-007 -050 -023 +015 -081 +025 +040 +061 +014 -004 -042 -063 +004 +072 +033 -067 -087 -028 +066 -072 -005 -005 +073 -044 -031 +075 -024 -070 -045 -064 +012
+033 +046 -002 -033 -008 -074 -002 -028 +035 +085 -057 -076 +057 +083 -020 -064 -057 -072 +011 +008 -085 -088 -001 +054 -031 -048 -003 +017 -000 +016 -028
+057 -078 -072 +047 -003 +067 +065 -036 -048 -063 +064 -001 +020 -057 +020 +066 +001 +006 +006 -070 -037 +048 -006 +064 -034 +061 -086 -004 -031 +027 +040
-008 -001 -006 -088 -046 +015 +031 +005 -060 -057 +004 +076 +070 +026 +033 +071 +044 -037 -071 -053 -033 -033 -004 +015 +075 +008 -047 -000 -073 +028 +020
-033 +088 -048 +080 -038 -068 +040 -036 -024 +061 -021 +031 -056 +022 -037 -087 +051 +012 +004 -043 +010 -073 -071 -086 -025 -031 -053 -000 -048 -082 +007
+086 +048 -046 +020 +050 -071 -076 +035 +040 +006 +012 -034 -050 +071 +003 +041 -006 +030 -035 -004 -005 +075 +017 -033 +011 +034 +034 -061 -036 -038 +043
-055 +014 -054 -036 +050 -037 +067 -018 +066 -047 -041 -017 -086 +063 -021 +013 +038 -048 +028 +001 -027 +018 +053 -036 -024 +067 -056 -005 -060 -078 -043
+005 +013 -027 +025 +052 +010 -050 -038 -034 +044 -054 -025 +075 -000 -064 +000 +001 -074 +062 -056 -042 +053 -062 +046 +084 +045 -022 -016 -045 +060 +011
+056 +043 -027 -003 +048 +058 +100 +018 -037 +061 +013 +018 +031 -046 -081 -008 -022 -077 -066 -008 +053 +030 +003 +070 +087 +004 -087 -026 +046 +038 -033
-028 -041 +044 +081 +100 -064 +041 -082 -051 -023 -014 -060 -083 +025 -024 -070 +043 -005 -010 +047 +064 -028 +032 -010 +035 +002 +081 +024 -016 +041 +005
-041 +006 -040 -063 +006 -032 +015 -062 -011 -028 +066 +081 -020 +045 +056 +042 +075 -037 +021 +041 +037 -016 +004 +074 -063 -061 -068 -038 -064 -035 +003
+028 -038 -070 -062 +000 +065 -040 -055 -027 +100 -035 +037 -083 +021 -000 +001 -072 -053 -036 +076 -014 -100 -045 +047 -003 -035 -051 +031 -082 -081 +011
+085 +066 -001 -045 +006 -037 +020 -011 -087 -046 +013 +084 -077 -018 -031 +024 -012 +004 -052 +022 -051 -025 -015 -044 +006 +011 +100 -067 -017 +026 -027
-047 -038 -052 -038 +051 +064 +037 +033 +058 -006 -035 -027 +045 +060 -040 +007 -074 +058 -026 -002 -023 -010 -025 +020 -001 -013 +013 -002 +033 +072 -100
-076 -018 -048 -013 -085 -072 +028 +000 -036 -035 -065 -057 -082 +024 -034 -043 -005 +071 +072 +081 -025 +100 +004 -013 -046 -001 -007 +066 -048 +033 +073
-006 +042 +004 +067 -004 -013 -074 -045 +043 -086 -078 +084 -037 +054 -071 -021 +034 +042 +020 +051 -066 -030 +070 +027 -063 +058 +075 +021 +016 -100 +025
+081 -038 +025 -012 +046 -083 -035 -026 +008 +001 +052 +037 -045 +053 -070 -067 -044 +022 -078 +068 +021 +055 -063 -081 -071 +020 -010 -087 +078 +013 +065
