+070 +063 -012 -088 +076 +066 +068 -057 -071 +012 -020 -048 -063 +073 +002 -003 +065 -057 -087 -001 -074 -045 +052 -073 +044 -080 +075 +005 +015 +043 +070 +056 +067 +034 +022 +060 +027 +066 +034 +088 -084 -032 +033 +050 +087 -025 -063 +083 -067 +007 +003 -065 -033 -033 +030 -032 +037 -061 -046 -001 -063 +058 -008 -071 -038 -037 -057 +055 +011 +065 +064 +062 -007 -013 -034 -087 +067 -031 +040 +071 +007 -048 +075 +034 +080 -043 -036 +050 +074 +070 -035 +016 -010 -005 -072 -021
-047 -010 -084 -030 +074 -035 -068 -026 -004 -008 -020 +013 +056 +036 -080 -071 +046 -054 +065 -077 -013 +100 -003 -064 -087 -083 +051 +012 -024 -071 +027 -027 +031 -000 -083 +031 +083 -076 -057 +035 +004 -018 +061 -077 -044 -062 +052 -020 +001 +002 -034 -021 +007 +076 +073 +020 -073 +075 +011 -061 +084 -076 +075 -021 +010 -058 +086 +013 -080 +064 -002 -060 -087 +044 -081 -087 -025 -026 -021 -077 -014 +084 +075 +056 -086 -070 -038 +008 +082 +048 -040 +057 +043 -071 -001 -041
+012 -003 +074 +032 -006 -046 -072 -082 +047 -015 -006 -013 -028 -084 +086 +067 -001 -031 +071 +038 -076 -066 -085 +005 -040 -018 +018 +054 -001 +075 -006 +061 -071 +048 +075 +001 +088 +084 +060 +071 -065 +031 +030 +012 -087 +015 -056 +011 -067 -047 -076 +056 -054 +054 -068 -047 +048 +060 -065 -032 -086 +074 +044 -008 -054 -012 +008 -021 +078 +025 -086 -008 +005 -002 +017 -001 +087 +058 +063 -075 -056 -013 +010 +030 -070 -052 +032 +060 -030 +064 +025 -033 -070 +073 +088 +055
+028 -076 -087 -060 +064 -052 +005 +075 +078 +053 +022 +038 +027 -075 +055 +024 -027 -026 +004 -001 +022 +077 -062 -036 +044 +026 -080 -048 -064 +022 +066 +061 -040 -024 +051 +037 -027 +002 +036 +037 -018 +054 +008 -082 -041 -012 -012 +013 +072 +071 -086 -055 -027 -001 -008 +001 +065 +012 -000 +063 -006 -060 +027 -021 +046 -065 +086 +083 -078 +043 +014 -034 -085 -025 -008 +068 +053 +047 +085 -030 -042 -086 -040 +058 +058 -007 -027 +055 -001 +046 -036 +077 -033 +072 -000 -006
-050 -060 +061 -052 +016 -066 +054 +025 -048 -021 +037 -046 -065 +001 +023 -014 +005 -010 +002 +084 -034 -032 -065 -017 +061 +037 -024 +022 -033 -015 +017 +063 +063 +018 -001 +020 -083 +070 +048 -008 +034 -032 -081 +048 -013 -068 -001 +070 +031 +064 -023 +066 +035 -070 -037 -071 -031 -067 +047 +050 +078 -034 +006 +038 -046 -038 -076 -063 -042 +005 +021 +075 -012 -002 +007 -044 +086 -076 -070 +025 +001 +067 -064 -038 +060 -064 +004 +032 -061 -051 +021 +006 -074 +065 +086 +070
+002 +086 -022 -061 +024 +028 -012 -056 +005 +087 +021 -038 -073 +040 +033 -088 +070 -100 -043 +064 +017 -031 -011 +060 -070 +083 -013 +067 +015 +082 +057 +042 +080 +015 -073 +002 -048 -033 +008 +002 +076 +010 -046 +065 -001 -003 -067 +086 -017 +042 +087 -005 +070 +017 -027 -011 -082 +082 -018 -021 -061 -025 +024 -074 -025 -028 +021 -064 -011 -024 -014 +018 +033 +035 -075 -072 -030 -065 -037 +032 +086 +022 +047 -073 +012 -046 +085 +062 +075 +050 -057 +084 +051 +051 -064 +023
+030 +016 -026 -072 -061 -042 +068 +028 +073 +028 -012 +088 +053 -048 +078 -030 +018 -083 +031 -070 -044 +066 +072 +002 +041 -051 -008 +036 -007 -084 +035 -031 -025 +037 -062 +051 +055 +004 -063 +018 -001 +084 +045 +061 -022 +053 -061 -075 +058 -054 +061 -033 -055 -012 -056 +033 -018 -065 +013 +064 +081 +057 +031 -036 -025 -037 -072 +044 +061 -082 +070 +040 -035 -075 +045 +027 +088 -076 -013 +004 +082 +014 +006 -012 -067 +052 -005 +008 -067 -037 -072 -086 -025 +056 +063 -075
+014 -045 +000 -026 -053 +078 -022 +100 -008 +070 -043 -068 -007 +067 +027 -077 +057 +001 +074 -014 -051 +052 +067 -012 -064 +016 -038 +064 -080 +065 +081 -037 -057 -024 -035 -067 -036 +087 -057 -038 -066 -028 -055 +043 -007 +087 -052 +026 -066 +046 -078 +000 -050 +052 +078 -087 +065 -040 -010 +068 +082 -032 -011 +070 +084 +012 -071 +084 -025 -035 -065 +042 -084 -008 +017 +067 -018 +085 -084 -073 +015 +028 +021 +028 -033 +020 +081 +026 -041 +064 -010 -053 +058 +015 +027 +002
-072 +075 +080 -084 +002 +001 +032 +023 +021 +028 +058 -073 +027 -063 +020 -065 -077 +067 +030 -021 -003 -065 -077 +004 -068 +021 -026 -013 +068 +012 -008 +081 +023 -064 +067 +017 -015 -020 -063 -045 -006 +037 +040 +023 -071 +041 -088 +004 -007 +061 +011 -031 +082 -081 +018 -048 -072 +074 -040 -028 +022 -088 +060 +052 +041 -073 -062 +026 -052 +014 -056 +038 +037 -078 +032 +075 +033 -063 +080 +052 -070 +026 +085 +024 +053 +020 +031 +057 -011 +004 +078 +020 +025 -064 +057 +078
-007 -070 +064 -068 +046 +051 -018 -077 -007 +056 -020 +087 -033 +088 +078 +006 +058 +038 -076 +016 -012 -001 +005 -027 -047 +067 +023 -001 -061 +074 +007 +042 +036 +071 -018 +061 +044 -062 +057 -057 +028 +067 +015 +057 -040 -011 -016 +044 -074 +012 -082 +082 -043 -085 +077 -030 +051 +084 -025 -100 +037 +024 -061 -017 +056 -027 +027 -070 -078 +047 -080 +081 -072 -027 -004 +057 +061 +088 +015 -017 -056 +015 -012 +015 -055 -042 -016 +062 -010 -072 +030 +082 +072 +000 +100 +017
+017 -055 +057 -038 +038 +036 -078 +038 -082 -032 -077 +078 -078 +062 +054 +016 +050 -006 -087 -026 -031 +017 -054 +014 -044 +022 +028 +014 +082 +047 -007 -018 +003 +051 +007 +018 +081 -064 +034 -073 +066 +042 +064 -077 -006 -064 +087 +057 +032 -016 -027 +017 -071 -074 +027 +025 +054 -034 -084 +031 -062 +054 -025 +014 +084 +060 -015 -082 +003 +083 +018 -030 -070 +024 +041 +034 +003 +006 -088 -072 +033 -033 +028 -015 +008 +027 +061 -065 -057 -026 +034 +002 +030 -053 -053 +012
+086 +078 -070 +087 -000 +013 +037 -054 +072 +034 +082 +065 -054 -045 -037 -086 -044 -088 +065 +031 +027 +046 -057 +082 +084 -085 -083 -063 +027 +067 -070 -047 +031 -012 +070 +073 +021 +018 +020 +006 -021 -013 +040 +011 +074 -027 -073 -045 -084 -051 -078 -040 +020 -014 +026 -014 +081 -004 -067 +048 -006 +068 +000 -070 -066 +056 +062 -051 -015 -028 +051 +011 -066 -030 +040 +047 +056 -015 +044 +036 +077 -051 +047 +017 +004 +031 +087 -041 -022 -017 -054 +054 +075 -061 -073 +060
+078 +058 +040 -077 +035 -017 -050 -062 -034 -088 +081 -027 +053 +067 +042 +061 +100 +077 +016 -051 +000 +021 +017 -041 -077 +033 +034 -048 -005 +003 +078 +012 -048 +047 +055 +071 +028 +042 -052 -024 +076 +013 +037 +031 -023 +074 -041 -056 +073 +066 -020 +003 -011 -048 +037 +078 +003 +034 +086 -078 -046 -018 +064 -044 +042 -066 -005 -025 +036 +024 -068 -081 -041 +001 +061 +028 -056 -058 +023 -028 -046 +025 +056 -057 +041 -061 +070 +001 -034 +065 +070 +023 -016 +058 +033 +023
-035 -048 -040 +036 +072 +061 -027 +044 +067 +050 +077 -100 -025 -053 +037 +020 +047 +076 +058 -068 -028 -007 +064 -036 -045 +022 -005 +055 -005 -001 +016 +044 -008 +042 +063 -071 -038 +023 -083 -041 +062 +060 +001 +015 +064 -038 +031 +015 +067 +003 -087 -031 +060 -038 +045 +013 +055 +073 -054 +008 -056 +000 +042 -083 +024 +067 -010 -061 +061 +046 -046 -013 -033 +017 -023 -027 -028 +004 +082 +050 +026 +063 +000 +080 +028 -030 +000 -055 +015 -068 -044 +064 -086 -070 -027 +045
+066 +061 -000 +046 +081 -047 -056 +041 -031 -080 +036 +046 +001 -084 -045 +048 +087 -055 +026 -074 -007 +047 +086 +051 +044 -037 -033 +068 +045 +010 +077 +041 +037 +014 -024 +066 -008 -031 -038 +006 +062 -057 +045 +088 +067 +078 +020 +021 +067 +000 +074 +025 +066 -055 +015 +083 -025 +000 -045 +076 +015 -076 +048 +083 -031 +001 +082 -077 -058 +044 -048 -084 -082 +056 +024 +060 -013 -005 +034 +022 +028 -007 +023 +026 +064 +064 -037 +013 -033 -013 -011 -051 -050 +030 +054 -047
+057 +044 -033 -038 +017 +032 +077 +082 -064 +048 -067 +028 -041 -065 +075 -074 +044 +018 -075 -070 +020 -086 +074 -013 -065 -035 +031 +058 +045 -041 -000 -071 -072 +038 -014 +077 -062 +088 -088 +084 +015 -004 -051 +024 +036 -050 +035 +020 +073 +057 +022 +012 -003 -024 +073 +038 -020 -065 -068 -005 -047 +026 -088 +060 -036 +050 +050 -085 +023 -043 -061 -072 +021 -058 +028 -071 -000 +075 +033 +052 -087 -082 +002 +087 -080 +025 +073 -023 -061 +056 +055 -045 +024 -014 +088 +078
+013 +054 -021 +045 -087 -028 -078 -013 +000 -043 +015 -053 +045 +044 -062 +065 -046 +088 +070 +042 +016 +005 +047 -041 +056 -034 -050 +057 +074 -077 -070 +031 +078 -028 -065 +042 -000 +075 -054 -088 +024 -012 -038 +028 -070 +045 -030 -012 +031 -022 +036 -033 +041 +058 -026 +013 +072 +047 +036 +066 +088 +003 +022 -063 +052 +067 +001 -074 +014 +031 +025 -056 +068 -023 +050 +081 -040 -068 +066 -060 -023 +055 +048 +023 +065 -081 +073 +014 +033 -007 +075 +000 +064 +033 +001 -051
-040 -085 -006 -027 -050 -068 -045 +021 +064 -013 -010 -033 -048 +042 +018 -013 +075 -017 +000 -002 +085 +041 -035 -062 +072 -016 +072 +057 -065 +002 -014 +087 -084 +040 +082 -083 +005 +050 +006 -016 -030 -008 -038 +010 +018 -044 -002 +071 +080 -036 -027 -031 +012 -083 +086 +075 +024 -035 -085 +053 -024 -048 +022 +077 +087 +042 +083 -042 -074 -012 -061 -084 -027 -066 -023 +026 -020 +043 +031 +033 -075 +012 +014 -033 +073 +050 +026 -055 -051 +047 -086 +050 -041 +057 +035 -016
-026 -076 -075 +043 -016 +034 +074 -028 -074 -054 +033 -045 -084 +072 +025 -033 +020 +055 -018 -100 -083 +075 -053 -038 +018 -015 -058 +016 +060 +035 -058 +038 +064 -046 -070 +030 +078 +061 -032 +046 +028 -054 -034 -045 +030 +077 +040 +006 +080 -005 -071 -071 -078 -084 -011 +032 +100 +067 -072 -004 +050 -042 +016 -077 +087 -033 +081 +048 -080 +054 -025 -027 -051 -088 +055 -027 -081 -002 -082 +051 +048 -013 -056 -037 -040 +024 -060 +002 -024 -054 -052 -006 -032 +053 -063 -087
-040 -010 +016 -020 +063 +010 -078 +067 -021 -083 +018 +081 -073 -006 +018 -017 +003 +056 -044 +003 -035 +021 -003 +041 +064 +031 -048 -074 -028 +024 +021 +056 +030 -016 +035 -022 -084 -008 +042 -067 +040 +100 -021 -021 -022 -058 -005 +085 -084 +004 -040 -084 -048 -070 -076 -016 -057 +015 -065 +045 +030 +040 +002 -088 +085 +030 +001 -064 -071 +011 +028 +058 -012 -074 +057 -063 +042 +044 -024 -035 +014 +038 -006 -004 -085 +073 -080 +082 -087 +030 -081 -040 +003 -077 +035 +000
+010 -034 -023 -026 +013 -078 +061 -075 +088 +003 +080 -051 -086 -074 -032 +008 -056 +083 -037 +008 -026 -040 +087 +006 +063 +013 -054 +074 -057 +060 +073 +005 +014 -052 +058 -051 +062 +041 +040 -043 +016 -084 -072 +082 -073 -061 +010 -006 -080 +086 +016 +010 -040 -048 +044 -002 +076 +006 +071 +030 +085 +062 +068 -054 +071 -078 -026 +025 +080 -083 +003 -073 +056 -024 -005 -032 +032 -042 +002 +068 -003 +051 +053 -026 -053 -077 +027 -010 -070 +062 +062 -050 +058 -051 -087 -067
+084 -005 -017 -056 -020 +047 +003 +034 -032 -031 -034 +028 -044 +050 -033 -056 -056 -066 +000 -050 -010 -005 +063 -062 +032 +037 -073 -063 -008 +030 +040 +081 -030 +044 +052 -042 -074 +011 +063 +063 +018 -023 +067 -068 -065 -005 -056 -051 -014 +003 -074 +033 +027 +082 +032 +056 -100 -087 +075 +082 -055 -017 -065 +031 +063 -083 -037 +071 -051 +086 -036 -005 -046 -061 +011 +046 +078 -084 +050 +033 -045 +062 +025 +034 -058 +024 -085 +042 +077 -044 -054 -048 -060 -048 +053 +008
+007 +082 -044 -066 +084 +024 +066 -084 +026 -021 -016 +037 -042 +044 +038 +042 -046 +016 +022 +085 +061 -048 +007 +005 +084 -037 +025 +038 -067 +041 +085 +068 -053 -017 -063 +060 -073 -042 -064 +021 -077 -050 +083 +073 +100 -044 -027 -073 +013 +055 +057 -087 -053 +070 -027 -020 +052 -012 +026 -061 -010 -046 -036 +036 +038 +084 -001 -045 +023 +016 -074 -021 +025 +041 +083 +004 +082 +087 -036 -063 -006 -022 -051 -055 -042 -004 +002 -056 -073 +057 -028 -087 +034 -002 -087 -034
+040 -000 -070 -034 -056 -043 +021 -055 +020 -070 +073 -031 -046 -066 -056 -038 -063 -013 -016 +022 +064 +062 +022 +035 -020 +041 -025 -064 +064 +074 -027 -023 -022 +026 +044 -020 -056 -073 +100 +012 +003 +072 +038 -041 -016 -030 -052 -056 +053 +031 +005 -052 +056 -048 +050 +061 +060 -040 -074 -041 -088 +063 -012 -087 +043 +016 +060 -062 +065 -043 -034 +000 +013 -023 -030 -051 +052 +058 +016 -070 -047 +064 -021 +088 -033 -078 -020 -008 +074 +073 +020 +062 +057 +063 +026 -070
+074 +015 +022 +036 +088 -083 +048 +060 +005 -070 -030 -076 +004 -028 +044 +032 +061 +084 -012 +026 -010 +074 +040 -085 +015 -057 +045 +064 -017 -016 +005 +028 +031 +048 -087 +075 +068 +006 +071 +010 +042 -028 +070 -035 +087 -018 +000 +008 -054 -006 +065 -047 -011 +043 +034 -083 -053 +056 -022 -044 +035 +067 -070 +064 +032 -020 +005 +012 -044 +011 +048 +061 -080 -088 +076 -058 +000 +060 +001 -024 -048 +041 +000 +005 +080 -005 -067 -076 +001 +082 +038 +083 -057 -073 +003 -006
-068 +045 -086 -078 +081 -004 +068 -034 -060 +032 +002 +055 +084 +048 +041 -027 +010 +042 -012 +046 +031 +027 -076 +028 +061 +038 +044 +086 -052 +005 -066 +047 +081 +032 -035 +022 -015 -022 -070 -020 -031 -076 -061 -078 +010 -073 +063 -028 -025 -000 +046 +022 -083 -044 -051 -035 +025 +021 -004 +042 -043 -008 +023 +016 -081 +058 -063 -058 -010 -001 -012 -060 -023 +085 +043 +048 +075 -085 +058 +082 +028 -011 +033 +067 -003 +007 -075 -034 +065 -087 +043 +001 -028 +052 +021 -045
-052 +045 +016 -038 -015 -035 -086 +051 +042 -006 -051 -008 -020 -043 +031 +018 +063 +067 -011 +050 +017 +046 +087 -040 -001 -024 +023 +057 +027 +017 +070 -022 +002 +010 -071 +003 +020 -003 +047 -006 -038 +052 -001 +087 -030 -073 -042 +043 -085 -014 -088 +087 +002 +055 +037 +015 +081 +047 +043 +081 +077 +041 -065 -018 -040 +088 +011 +017 +027 +006 +067 -077 +030 +033 -012 -071 +060 -014 +037 -088 -003 +043 -075 -005 -054 -036 -054 +044 -064 -071 +025 +081 -024 +023 +047 +038
+080 -034 -034 -013 -013 -041 -047 -075 -015 -033 +057 -056 -054 -048 -026 -077 +037 +087 +033 -008 +004 -012 +061 -003 +011 +027 +053 -066 +014 +052 +012 -061 -005 -052 -012 +085 -057 -051 -074 -074 -028 -045 -076 +074 -023 -017 +026 +060 +018 +074 +025 +000 -032 -012 +021 -060 -035 +008 -080 +046 -077 +068 +036 -057 -027 -060 +033 -017 -058 +070 +041 -067 +056 +033 +086 -048 +000 -077 -070 +082 -055 -036 -070 -032 +071 +006 +065 +044 +000 -073 -033 +085 -027 +053 -081 +083
+008 +045 +065 +074 +080 -064 +043 -041 -082 -043 -062 -034 +062 +011 +015 -003 +040 +058 +042 +077 -012 -032 +014 +030 +047 -067 +071 +084 -078 -022 -034 -046 +086 -025 +027 -050 -064 +017 +013 +045 -061 +068 -026 -058 +000 +028 -001 -002 -046 -078 +051 +031 +001 +060 -006 -060 -078 +075 +024 +063 +046 +028 +072 +014 -048 +012 +012 +027 -074 -087 +066 +046 -088 -077 +036 +083 +046 -053 -023 +056 +012 -086 -030 -022 -084 +035 +003 +003 -038 -043 +037 -063 +056 +006 -037 -041
-006 +045 -057 -040 -028 -012 -034 -056 +073 +000 +065 -048 +066 -075 +031 -046 +072 +048 -061 -068 +023 +020 -065 -041 +071 -040 -058 -042 +066 +066 +011 +014 +016 -013 +044 +066 +081 -023 +071 +038 +002 -062 -061 +001 -068 +046 -032 +035 +022 +026 +087 -030 +057 +031 +054 -026 +082 +082 +077 -038 -088 -010 -016 -003 +018 +077 -025 -015 -087 -011 -050 -073 +016 -076 +057 +034 -022 +013 +054 +001 -008 -085 +082 -062 -088 +047 -051 -065 -065 -033 -070 -022 -031 -038 +088 +026
-050 +046 +021 -045 -066 -021 +048 +077 +051 -057 -015 +044 -060 -036 +077 -016 +064 -070 +086 +004 -024 -055 -072 +037 -087 -046 -061 +004 +042 +061 +004 +041 -064 +068 +011 +011 +075 +044 +055 +031 +080 +043 -035 +054 +041 +008 +035 +044 -051 -067 +011 -014 -065 +036 -054 -077 +003 -027 -051 +035 +087 +032 +006 +068 +065 +008 +074 +008 -048 -005 -000 +014 -007 +080 -007 -000 -064 +086 +048 +063 -016 +031 -013 +011 +088 -065 +088 -043 -035 +024 +053 +024 -020 +087 -037 +067
+058 -007 -063 +047 +074 -007 -081 +066 -072 -047 +010 +085 +045 +023 +052 -010 -028 -037 -012 +028 +044 +045 -017 +002 +022 +045 +025 -072 +021 -027 +043 +024 +024 +086 +060 +005 -003 -052 +050 +065 +048 -012 -068 +035 -001 +075 -003 -046 -030 +003 -067 -017 -051 +023 +012 +005 -043 -055 -081 -000 +055 -085 +030 +043 -008 +053 -034 +063 +060 -045 -068 +061 +044 -000 -014 -015 -100 +010 -067 +075 -064 +031 +056 +060 +080 -041 +000 +066 -081 +050 +040 -031 +033 -015 +032 +027
-021 -015 +063 +020 -035 -035 -054 -007 -050 -004 -036 +026 -084 +082 -032 +021 +055 +066 +031 -024 -061 -053 -006 +010 -016 +068 -058 -067 +021 +005 -060 +025 -053 +010 +087 +074 -040 -044 +060 +038 +076 +078 -074 +075 +072 -070 -014 -083 +046 +010 -008 +017 +018 +066 -026 -062 -020 -013 -048 +035 +012 -015 -044 -048 +034 -014 +015 +034 -082 +040 -056 -087 +030 -084 +037 -044 -023 -016 -014 -100 -072 -087 +017 -074 -043 +085 -070 -078 -044 +073 -076 -086 -023 -052 +073 -085
-051 +053 +014 -070 +068 -070 +075 +064 -012 +015 +082 -085 +086 -025 +020 +078 -078 +036 -062 -056 -033 -034 +075 -055 -022 -035 +018 +035 +074 -018 +078 +051 +068 +057 +046 -045 -021 +074 -083 +054 -030 -058 -030 +016 +004 -015 +000 -013 +084 +015 +002 +028 +050 +044 +044 -086 -078 +086 -036 -063 -010 +005 +025 +050 +044 +041 +086 -035 -024 +023 -054 +021 +075 +021 -011 -034 -046 -036 +058 -015 +057 +058 -056 +010 +003 +063 +072 -028 -008 -035 +080 +028 -020 -068 +034 -005
+070 +020 +028 +003 -072 -082 +020 -001 -056 -087 +022 +072 +013 +087 +018 -002 +035 +072 +050 +013 +032 -050 -076 +038 +064 -084 +034 -062 -077 -051 +064 -087 -076 +046 -086 +044 -010 +054 +030 +042 +042 +017 +027 -084 +030 +008 +081 +001 -054 -064 +046 +003 -051 -035 -062 +086 +023 -036 +067 +056 +041 -008 -034 +040 +006 -041 -081 +075 +053 -055 -008 +014 +068 +070 +045 +063 +083 -032 -084 -067 -062 -003 -055 +100 +051 -013 -081 -026 +037 +023 -068 -081 -043 +075 +007 -043
+008 -012 -027 -022 -026 +030 -072 +002 -020 +053 -066 +046 +004 -031 +058 +073 -080 -032 -077 -052 -005 +073 +043 +072 -086 -020 +080 -082 +068 +085 +023 -060 +045 +054 -082 +017 +028 +081 -061 +083 -052 +042 -033 +054 +037 +062 -071 +077 -034 +027 +015 +056 -028 -046 -042 -021 +085 +001 -008 -025 +034 +047 +086 +000 +048 +053 -063 -088 -000 -062 +086 -038 +027 +057 -010 +068 +087 -033 +022 -015 -063 -050 +044 -021 -008 +033 +025 +043 -068 -080 -033 -034 +051 -068 +058 +000
+034 +030 +025 -045 -017 +045 +057 +043 +025 +085 -028 +054 +054 -057 +021 +004 +012 +058 -065 -072 -064 -023 +022 -070 -047 +047 -031 +022 +070 -047 +024 +037 -046 -038 +076 +071 -085 -051 -015 +075 -060 -000 +005 -035 -030 -077 +046 +022 +058 +073 -035 -057 -050 -011 +053 -007 -043 +040 -078 -064 -032 +062 +002 -047 +058 +001 -065 -001 +074 +075 -005 +064 -071 -075 -073 -077 -036 -068 +007 -065 -074 +006 +077 +003 +021 -048 +002 -076 +025 +052 -011 -088 -048 -038 +061 +074
-028 -048 -023 +001 -072 -060 +053 -004 -083 +021 -024 +022 -071 +014 -047 +062 +033 +024 +004 +023 -070 -068 +041 +050 -000 +050 -074 +038 +088 -045 -070 +014 +081 -012 +077 -008 -066 -071 +023 -063 +005 -040 -032 -074 -022 -067 -066 +043 +022 -036 -007 +056 -046 -018 -087 +051 -077 -002 +081 -082 -043 +003 -036 +056 -001 +060 +085 +078 +010 +082 -020 -085 -058 +053 +065 +074 +008 +078 +000 -026 -056 +021 +010 +058 -015 +020 +012 +081 -002 +031 -012 -086 -008 -082 -040 -081
+047 -045 -015 -088 -000 +080 -022 +040 +036 -047 +025 -021 +040 -014 -023 +054 +038 +017 +063 -056 -007 +071 -038 +048 +047 -036 -018 +024 -012 -088 +002 +012 -015 +074 +076 -027 -061 +063 +044 +045 -055 -063 -013 +032 -018 +005 -002 +062 -062 -052 -027 +053 +044 -004 -027 +076 +045 +018 +051 +031 +017 -038 -065 -045 -060 -037 -018 -082 +088 -022 -017 -045 -041 +085 -057 -063 -025 +013 -062 +028 +014 +057 -042 +068 -086 -081 +085 -088 -027 -028 -086 +055 +064 -085 +017 -020
-084 -071 -027 -087 +045 -001 -082 -021 -081 +054 -068 +045 -036 -043 -071 +017 +087 +045 -032 -055 +018 -023 -088 -087 +015 +066 -087 -074 +047 -055 +062 -013 -053 -080 -067 -083 +041 -078 +063 +065 -022 +081 +036 +002 -042 +053 +060 +063 -046 -073 -018 -041 +060 +003 -016 +055 -050 +003 -051 +001 -034 +073 -016 -044 +020 +022 +007 -027 -035 +061 +085 -013 -053 -047 -044 -057 -018 +015 +030 -004 +046 -038 -067 -060 +027 -083 +032 +023 +085 -052 +070 +054 +015 -008 -083 +041
+043 +040 +022 +045 +024 -052 -074 -012 +085 -021 +024 -055 -077 +053 -073 +058 +012 -082 -048 -021 +057 +022 +020 -085 -068 -055 -081 +000 +076 +001 -080 -077 +052 +022 -068 -036 +032 +013 -007 +045 -040 +054 +072 +082 +000 +058 -075 -042 -050 -070 +066 -075 +025 +055 -041 -010 -074 -056 -082 +044 +084 +082 -004 +048 +000 +055 +013 +023 -060 -046 +063 +038 +073 -013 -050 +056 +062 -010 +066 +087 -086 +017 +045 -030 +030 -013 +058 -004 -026 +074 -050 +068 +060 -087 -034 -043
-087 -044 -000 -046 +021 -058 +008 -015 +000 +035 -023 +034 +083 -023 +023 -063 +037 +004 +010 -072 +015 +084 +078 +025 +033 -023 -042 +050 -034 +000 +047 +076 -001 -061 +081 -024 -083 -058 +070 -065 +005 -006 +017 -042 +013 -036 -022 +048 +054 +064 -046 -087 +040 +075 +070 +010 +084 +074 +020 +031 +075 -005 +075 +076 +007 +017 -041 -005 +007 -050 -002 +086 +018 +010 -003 +070 -047 +088 -087 -007 +081 +040 +083 +056 +060 +046 +083 +036 +072 +020 -088 +052 +082 +083 -055 +066
+072 +050 -073 -053 -074 -084 -074 -012 +046 +067 +015 -046 +012 +077 -055 -006 +032 -068 +077 -082 +057 -081 +064 +004 +072 -044 +022 -031 +067 -083 +035 +073 +083 +074 -081 -081 -026 -058 -018 -067 +004 +037 -041 +071 -027 -088 -038 -007 +000 -011 +013 +038 +056 -032 -064 +006 -027 -033 +044 +016 +064 +030 -007 -017 -071 -038 +075 -076 -055 -017 +041 +055 -061 +067 +022 +041 -030 +062 +011 +054 +051 +040 -026 -056 -017 +035 -044 +071 +064 +081 +048 -051 -084 +002 -064 +074
+035 -050 -081 -002 -050 -013 +025 +067 +050 +021 -068 +086 -013 +012 -061 -083 +004 +050 -002 -058 -056 +016 -077 +037 +031 +028 +082 -082 -072 -078 +066 +008 +001 -002 +047 -083 +014 -020 -047 -012 +071 -017 +056 -024 +021 +075 +040 -046 +080 +030 -048 +036 +003 -045 +056 -048 +071 +061 -051 +016 -018 -063 -070 +000 -007 +046 +021 -063 -035 +027 +017 +072 -085 -063 +018 -035 -024 -075 -007 +065 -043 +051 +044 +078 -080 -087 -018 -086 -023 -047 -016 -016 -071 +006 -012 -067
-018 +075 +006 -022 +067 +055 -036 -080 +070 +023 -082 +018 -085 -064 -060 +044 -081 -081 +025 +100 -071 +014 +040 -012 +064 +078 -010 +035 +078 -066 +081 -010 +045 -042 -033 -044 -010 -087 -067 +065 +051 -018 -042 -086 -031 -040 -012 +075 +072 -068 -011 -058 +058 -067 -015 -007 -005 +006 +020 -037 -086 +014 +052 +055 +044 -065 -048 +066 +055 -066 +082 +023 +004 -007 -033 +060 +041 +011 -058 +045 -042 -003 -014 -015 -073 -026 +007 -034 +016 +021 -041 -013 -036 +026 -003 +061
-017 +033 -077 +036 +055 -078 +065 -073 -038 +076 +043 -036 +028 +048 +040 -000 +073 +035 +085 -030 -043 -007 -012 -021 +070 +048 -014 -084 +003 +000 -061 +036 +048 -050 -056 -014 -081 -038 -037 -034 -076 -071 +084 +040 +044 +085 +072 -060 +062 +075 +066 +031 +055 -014 -000 +084 +014 +008 -026 +043 -030 -025 +083 -037 +044 -085 +000 -004 -013 -014 +010 +002 +025 -060 +066 +064 -038 +034 +055 -056 +045 -071 +002 -054 +067 -087 +045 +080 -081 +054 -023 -055 +010 -007 +052 +014
-057 -000 +012 -085 +047 +012 -066 -018 -074 +047 +046 -051 -061 +087 -015 +040 +052 +041 -037 +018 +005 +068 +065 +052 +071 +081 -012 +041 -002 +034 -000 -055 -063 +034 +003 -054 +075 +011 +058 +051 +051 -016 +031 +048 +062 +016 +026 -088 +084 -067 +040 -006 +014 -023 -022 -058 -052 +003 -073 -037 +052 -037 +065 -052 -061 -084 -074 +048 -041 -078 +044 -080 +065 -083 +036 +048 +008 -087 -043 -013 -026 +011 +083 -063 -006 -038 -015 -020 +072 +066 -076 +054 +046 -065 +037 -085
-016 -065 +004 -054 +060 -043 -028 -018 +070 -065 -015 +026 -018 -026 -072 +056 +013 +016 -032 -083 -077 -020 +000 -055 -085 -000 +001 -076 +046 +100 +045 -000 +087 +038 +063 -018 -041 -078 +083 -030 -050 +016 +077 +076 +002 -055 -022 +055 -088 +010 -026 +080 +048 +037 +013 -076 -054 +026 +064 -045 -046 -045 +035 +058 +031 +014 -087 +023 +064 +038 +035 +056 -066 -088 +067 +058 -060 +008 +033 -068 +063 +025 +078 +043 -050 +015 +024 +006 -026 +004 +025 -024 -006 +061 -027 +012
-082 +028 -062 +016 -041 -071 -001 +018 -010 +011 -045 +075 +042 +000 +067 +028 -011 +070 +002 +078 -060 +086 -015 -021 -061 -035 +002 +048 -072 -084 +077 +050 -010 +063 +046 -078 +083 +065 +002 -043 +016 -005 -032 +038 +050 +052 +033 +035 -062 +086 +072 -041 -077 -032 +044 +007 +066 +026 +017 +036 -022 -035 +046 -100 +083 -080 +073 -023 -024 +062 +044 -066 -075 +044 +030 +053 -055 -070 -042 +011 +018 +036 -027 +015 -085 +084 -024 +081 +041 -058 +047 +004 +086 -076 -007 +070
+010 -007 -055 -015 +067 +085 +028 -030 +075 +068 -042 +073 -074 -044 +086 +060 +025 -007 +062 +074 -083 +033 -010 -077 +067 +024 +068 -084 +025 +023 -083 +036 -028 -032 -030 -070 +007 -002 -048 -005 +070 -071 -000 -016 +018 +040 -026 -003 +047 -051 +066 +085 +057 +001 +061 +036 +087 +022 -008 -028 +047 -085 -073 -001 -048 -036 +033 +075 +070 -004 -047 -035 -007 -053 -058 +001 +007 +000 +052 -008 -087 -064 +001 +050 +025 -060 +032 -073 -076 +044 -074 +043 +036 -020 +085 +046
+032 +057 -051 -080 +012 +001 +068 +041 +068 -050 -078 +016 +052 +043 -050 -077 +075 -051 -063 -077 -083 +021 -015 -028 -060 +002 +056 +043 +083 -052 -054 -057 -082 -038 -017 -083 +028 -055 +032 +056 -085 -023 +081 +028 -022 +067 +087 +034 +062 +047 -052 -035 -045 +038 -032 +006 +015 +063 -032 -046 +026 -003 -002 -068 +065 +053 -016 -064 -016 -078 +058 +032 -050 -028 -063 -021 +031 -042 -080 +040 +057 +057 -050 +037 -067 +051 -012 -033 +078 -051 +031 +085 +073 +071 +008 +083
-064 +040 +045 -002 -036 +011 -078 -016 +018 -085 +041 -013 -043 -013 -088 +051 -076 -026 -084 +017 +023 -033 +080 -025 +020 -032 -070 +017 -071 +048 +021 -054 +015 -072 +064 +037 +008 +052 -067 +062 +015 -078 -024 +053 +075 -063 +003 +037 -100 +027 -043 +055 +046 +013 +060 -081 -000 -082 -083 -082 -063 +085 -015 +017 +022 +071 +047 +063 +051 -012 -001 -072 -060 -074 +002 -086 +012 +080 -026 +020 -026 -080 -088 +025 -053 -064 -008 -071 -080 -047 -033 +084 -024 +026 +020 +021
+081 -083 -060 -065 +086 -058 -046 -027 -020 +038 +020 -010 +088 +035 -038 -005 +041 +065 -067 -055 +062 +088 +010 +010 +053 +071 +054 -028 -040 +021 +043 -063 +041 -030 -038 -035 -047 -046 -068 -051 +007 -033 +004 +052 -071 +052 +070 -053 +035 -064 -024 -055 +081 +073 -085 -024 +043 +068 +068 +001 -087 -025 -001 -040 -037 +051 -060 -004 -046 -075 +087 -071 -052 +018 +085 -088 +014 -068 +083 +047 +067 +057 +024 -022 +003 +024 +002 +022 -028 -027 -082 -071 -087 +022 +012 -031
-015 -001 +078 +055 +033 +013 +012 +014 +022 -022 +020 -065 -087 -050 +026 -004 -022 +022 -072 -073 +074 -062 -088 +088 -038 -055 -012 +016 -077 +082 -017 -008 -083 -042 +065 +057 -001 -088 -057 +046 +061 -051 +022 +075 -047 -041 -027 -034 -047 +080 -082 +026 +034 -085 +038 -054 +027 +008 +078 +017 -023 -051 -068 +072 -017 -038 +048 +023 -014 +056 +032 +078 +076 +081 +001 -062 +045 +030 -084 +064 +014 +057 -015 +005 +032 -004 +036 -080 -048 +020 +022 +030 -037 -023 -005 +010
-085 -031 -075 +052 +066 -068 -004 +008 +018 -054 -021 +065 -073 -074 +075 +087 +040 +060 +066 +021 +010 -056 -001 -038 +037 +058 -080 +061 +075 -041 +082 +073 +088 +032 +062 +051 +083 -011 -087 -024 +048 +025 -028 -087 -045 +033 -032 -053 +077 -010 +081 +057 -047 +057 -057 -008 +088 +007 +066 -080 +033 +007 +013 +022 -000 +027 -086 +036 -055 +064 -016 -032 +032 +034 +023 +084 +053 +001 -028 -006 +001 +011 -041 -082 +062 +066 +030 +051 +073 +028 +075 +064 -023 -068 -087 -022
+038 -044 -072 +062 +058 +072 +005 +051 +016 -013 +046 -071 +074 +033 -003 -053 +084 +007 +084 +016 -046 -055 +014 -036 -032 +083 +017 +010 +023 +025 +054 +068 +050 +062 -057 -016 -083 -021 +077 +002 -005 -076 +074 +026 +041 -086 +056 +015 -018 -038 -051 +085 +004 -088 +014 +083 +057 -008 -005 +000 +011 -067 +017 -067 +043 +015 +040 -025 +011 -007 +078 +015 +044 -063 -051 +066 -026 +040 -013 +072 -000 +026 -075 +035 -045 +020 +083 -014 +051 +055 +063 -087 +002 +082 -016 +072
+062 +080 -044 +031 -003 +068 -047 +072 +054 +043 +026 +024 +042 -081 +083 +036 -057 -038 -043 -037 -087 +005 -100 -044 +021 -023 -055 -012 +038 +080 +028 +086 -042 +004 -073 -006 +053 -045 -027 +100 -038 -007 +067 +022 -015 +023 +033 -024 -046 -082 +033 -083 +047 +085 +032 +015 -033 -070 -031 -060 -021 -081 +050 -056 +026 -078 -081 -033 +015 +010 -065 -011 -022 +030 +000 -023 -043 +053 -042 -065 -036 +045 +032 +043 +006 +023 +036 -050 -086 +071 -041 -058 -033 -085 -052 +048
+074 -035 +085 +032 -006 +018 -014 -055 -052 -020 +060 +047 +044 +043 +005 -024 +007 -080 +083 -031 +085 -063 -024 +024 -020 +088 +055 +086 -077 +082 +011 +041 +014 -047 +007 -078 +053 +004 +062 -071 +066 +021 -003 +035 -016 +050 +073 -006 -046 +056 -085 +021 +002 +006 +016 +042 +068 +013 +068 -037 +023 -000 -061 -011 -057 +014 -036 -054 +005 -027 +048 -015 +086 -057 +028 +065 +024 -004 +044 +065 -075 -004 +011 -100 +034 +054 -055 -072 +045 -006 -041 +018 +023 -056 -070 -063
+052 +045 -006 -062 -080 +042 +020 -017 -036 +046 +004 +027 -068 -048 +035 +024 +074 +032 -014 +073 -053 +030 +074 -001 -067 +081 -037 +018 +036 +014 -058 -034 +050 +023 +053 -026 -043 -013 +036 -074 +082 +038 -058 -018 +075 +038 -025 -037 -042 +017 +006 -031 +011 -055 +065 -031 -087 +070 -077 +031 -032 -047 -060 +030 -010 +060 +014 -042 -056 -088 +043 -075 -057 -070 -057 -017 -055 +052 +080 +016 -046 +020 +055 -076 -051 -051 -034 +034 +055 +027 -047 +083 -085 +034 -045 +068
+020 +052 +000 +056 +082 -070 +052 +020 -044 -040 +052 +040 +031 +058 +028 +064 -071 -030 +037 +056 +066 -060 -018 +017 +086 -031 +034 +046 -051 +022 -023 +081 +046 -007 +031 +075 -073 -070 -067 +073 -060 +026 -083 +016 +018 +046 +068 -032 -007 -070 +086 +050 -004 -065 +001 +003 -047 -080 +028 +047 -005 +044 -044 +002 +062 +066 +038 -068 -027 -084 +001 -087 +075 +012 +014 -077 -017 -061 +044 +053 +031 -084 +000 -075 -006 -024 -017 +084 -000 +068 -025 +057 -033 +035 -024 +058
-035 +038 -054 -021 -033 -046 -074 +034 -036 +034 +078 -050 +036 -087 +075 +041 +045 +056 +003 +063 +041 -071 -013 -083 +071 -052 +063 -004 -012 -056 -045 +013 -006 -053 -082 -000 +028 +045 +078 +016 +058 +061 -073 -015 +083 -043 +052 -054 -021 -076 -075 +066 -053 -060 +080 -082 -068 -034 +080 +013 +036 +017 +067 +054 -000 -043 +061 -065 +020 +071 -032 -038 +063 -068 +051 -082 +008 -085 +082 -023 -026 -050 +038 +052 -063 -053 -064 -078 +040 +027 +100 +057 -025 -062 +021 -086
-082 +046 +042 -040 -086 -085 -021 -058 -054 +080 +053 -050 -074 -046 -007 +085 -042 +044 +020 +046 -072 +022 -012 +077 +042 +028 +062 +010 -018 +083 +087 +006 +042 -066 -012 +072 -026 +058 +015 +038 -047 -051 -046 -082 +048 +078 +046 -066 +021 +037 +007 -048 -010 -086 +012 -017 +044 +025 -030 +015 -021 -038 -083 -001 +044 +046 -075 -088 -088 -082 +067 -006 -002 -084 -046 -083 +017 +050 +052 -083 +068 -025 -066 +083 -080 -013 -045 -022 +038 -045 +078 +006 +047 -045 +006 -000
+001 +025 +061 -085 -083 +063 -037 +041 +043 -047 +052 +082 +088 -085 +051 +017 +024 -057 +048 +074 +076 -085 +022 +011 -051 +008 -035 -011 +050 -034 -043 +053 +028 +033 -004 -012 +086 -010 +073 -031 -063 -077 +058 -074 -005 +008 -006 -021 -000 +016 -047 -011 +078 -056 +025 +022 +000 -058 +021 +051 +062 -023 +062 +006 +000 -013 +071 +083 -076 -077 +043 -034 -041 +023 -010 +070 +033 +030 -067 -038 +087 -008 -008 +025 +023 +023 -068 -007 -007 -030 +013 +061 +086 -011 +005 -010
-060 +051 -006 +034 -061 -016 -028 +083 +066 +030 +001 +012 -055 +034 +075 -056 +041 -005 -080 +040 +070 -008 +005 -033 -027 +010 -000 +023 +007 +028 -060 -060 +016 -082 +016 +032 +041 +027 +048 -051 -026 -038 +012 -022 -017 -031 -077 +083 -028 -063 +057 +046 +003 +041 -002 +046 -076 -065 +020 +076 +067 -062 -085 +063 +024 +086 +000 +027 +088 -053 +042 +068 +060 +004 +057 -045 -041 -000 +004 +087 -025 +010 +046 +018 -045 +064 +047 +013 +063 +017 -055 -056 +070 +033 -085 -080
-015 +002 +005 +023 +061 +057 -034 -032 +072 +057 -073 +011 -057 +038 +046 +067 +014 -016 +088 -040 +007 -063 -011 -058 -046 +085 -057 +000 -000 +007 -038 -056 +050 +012 +066 +046 -035 +071 -008 +023 -045 +045 -028 -066 +020 +007 +027 -042 -018 +033 +015 -088 -028 +022 -042 +036 -032 +016 -011 +020 -062 -016 -013 +082 -013 -010 -072 -007 -086 +077 -016 +030 -082 +018 +078 -017 -017 -066 +037 +035 -002 -008 -087 -061 -015 -087 +040 -047 +084 -068 +066 +022 -073 -006 +083 -034
+041 -051 +083 -081 +066 +034 +061 +038 +087 -083 -078 -084 -045 +066 -022 +086 +046 +042 -020 +001 +033 -017 -022 +038 -076 -070 +040 -053 +076 -056 -065 +057 +021 -068 -030 +026 +000 -063 +011 -076 +028 +076 +028 -054 -013 -056 +016 +086 -038 -048 -086 +055 +037 +017 +060 +013 +065 +081 +018 -056 +068 +038 +027 +003 +086 -016 +030 +008 -007 +081 +041 -014 +001 +038 -024 +072 +055 +023 +054 -046 -072 -001 -062 -024 +008 +032 -018 -045 -002 -030 -010 +013 -081 +052 -064 +041
-002 +071 -048 +045 -081 +032 +040 -048 -042 +032 +057 -057 -045 +007 -034 +075 +042 +025 +077 -004 +014 +041 -028 -060 +000 +032 +010 -100 +042 +024 -076 -020 +063 -073 +056 -010 +063 +047 +072 -081 -056 +082 +064 -065 +064 +008 -068 +065 -013 +021 -016 +047 +031 -083 -005 -054 +087 -018 -042 +060 +067 +065 +074 +024 -058 -064 +082 -053 -072 -004 -066 +038 +058 +042 +021 +027 -080 +027 +058 +007 -015 -043 +016 +051 -003 -000 -044 -034 +044 +028 +044 +040 +054 +053 -037 -054
+067 +036 -017 +083 -012 +084 +073 +041 -058 +037 -013 +017 +030 +033 +070 -000 +013 -074 +076 -066 -047 +085 -004 +047 +025 -087 +054 -080 -001 -067 +066 +028 -054 +022 +025 -021 -050 -080 +025 +024 +047 +055 +005 -050 -058 +052 +035 +045 -057 -038 -054 -088 +082 +004 +003 -022 -075 +020 +057 +082 +087 -070 -047 -044 -071 -007 -075 -054 -083 -076 +071 -062 -083 -056 -054 +060 -085 -026 -000 -045 +051 -021 -057 +012 -010 -052 +085 -043 -040 +086 -044 -055 -037 +088 +025 -074
+032 +042 -068 -060 +040 +041 +004 -087 +021 -035 -037 -081 +083 -041 +074 +015 +071 +021 -016 +010 +067 +018 +100 -044 -058 +010 -028 -005 +032 -050 +076 +021 +047 -023 -012 -061 -017 +006 -006 +040 -077 +057 +037 +067 +078 -056 -053 -047 -010 +034 -074 +043 +012 +055 -081 -074 +066 -007 +077 -082 +017 -014 +000 -035 -067 +036 +032 +010 -040 +085 +088 -022 +008 +063 +078 -007 -064 +065 -085 -031 +001 +085 -015 +001 -006 -047 +003 -051 -034 +071 +016 -081 +037 +007 +038 -056
+026 +040 -004 -017 +064 +084 -030 -036 +073 -070 -076 -088 +003 +078 -021 -073 +035 -051 +071 +054 -005 -048 -064 +004 +073 -021 -011 +025 -042 +036 -020 +042 +030 +065 +018 -013 +043 -037 -033 +075 +021 +030 -084 +100 -030 -081 -003 -061 +070 +052 +032 -088 -050 +062 +004 +014 -008 +055 -026 -081 +035 -018 +048 -016 +061 +060 +078 +087 -001 +061 +032 -025 -046 +048 +063 +026 -042 +082 -041 -064 +001 +024 +078 +047 +040 +072 +012 +045 -044 +076 -015 -055 -070 -055 -084 +032
+007 +017 -032 -018 -016 +027 +088 -050 -016 +072 +041 -046 +065 +008 -017 -067 +048 -062 +062 -001 -014 -018 +060 -072 -013 -055 +062 -014 -050 -086 -005 +067 +037 -068 -032 -002 +025 +031 +063 -083 -002 -005 -011 +018 -013 -064 +023 +051 -054 +003 +038 -014 +030 -081 +001 +014 +014 -000 +013 +070 -010 +060 +075 -018 +030 +033 +034 -020 +043 -002 +087 +027 -065 -060 +051 +055 +070 +007 -017 +031 +020 -078 -061 -072 +045 +044 +024 +085 -061 -032 -047 -052 +070 +082 -001 +040
-088 +052 +040 +058 +081 +027 +000 +062 +055 -051 -048 +008 -010 +001 +020 +077 -053 +078 +071 +026 -081 -018 -012 -016 -044 +000 +006 -032 +070 +027 -004 -031 -075 +066 -016 +022 +087 +070 -037 -007 +035 +007 +078 -067 +073 +045 +077 +045 +085 +078 -076 -074 -053 -057 +021 -014 -010 -088 -036 +011 +026 -038 -043 -025 -063 +075 +081 +020 -044 +047 -058 +007 +077 -035 +032 -063 +022 +075 -001 +021 +070 -021 +024 +077 -057 -083 -020 +082 +034 -026 +062 +022 +007 +066 -058 +064
-028 -064 -083 -001 +057 +013 -036 -008 -082 +035 -022 +060 -073 -037 +066 +004 -028 -075 -030 -001 +006 +053 -011 +042 -006 +045 -067 +024 -073 +032 -062 -088 +086 -003 +036 +033 +052 -036 -047 +081 +035 +074 +071 -082 -054 -006 +002 -068 +011 +038 +001 +058 +058 +075 -058 -023 +053 +038 +071 +002 +085 +017 +075 +087 -025 -083 -076 +057 -022 +052 +053 -032 -083 +057 +043 -067 -070 +034 +028 +033 +023 +026 +036 -040 +032 +057 -027 +083 -058 +065 +027 +044 +036 +066 +006 -068
-000 -064 +056 +040 +035 -047 +084 +065 +086 +023 -005 -053 -066 -061 -084 -085 +016 -074 +008 +023 +078 -072 -055 -072 +078 +083 +028 -074 -003 +027 -045 +082 -054 -084 -081 +014 -008 -080 -073 -016 -037 +052 -035 +044 +022 -051 -031 +002 -052 -012 +015 -036 -065 -002 +041 -055 +068 -036 -044 +055 -062 +045 +008 +035 -087 -012 +083 -084 +063 +008 +040 +087 -055 +026 -011 +087 -053 -063 -071 -034 -030 -033 -034 -030 -086 +035 +008 +044 -058 -027 +003 -031 +010 +083 -010 -055
+030 +064 +084 +060 +008 -028 +071 -051 -087 +053 -062 +043 -034 +033 +078 +042 +100 -060 +032 -044 -034 +002 -052 -005 +067 -011 -004 +072 -038 -042 +060 +054 +082 +041 -042 -070 +071 +071 -064 +022 -021 +004 -033 +001 +076 +065 +011 -011 -011 +050 -048 +032 +071 +002 +048 -033 +015 -006 -012 +005 +075 +007 +003 +043 -044 -062 +046 +012 +028 +083 -036 -028 -036 -011 -026 +073 +011 -057 +038 -066 -050 +006 +070 +046 +064 +042 +065 -053 -061 -035 -062 -061 +004 +022 -058 -041
+001 +012 -047 +080 +078 +067 -082 -043 -022 +064 -030 -000 -015 -017 -000 -072 -011 +026 -024 -082 -077 +078 -007 -015 -070 -021 -074 +074 +016 -006 -040 -005 -078 +030 -068 +065 +017 -088 +043 +015 -016 +012 +015 -078 -088 -027 -057 +087 -051 -044 -056 +043 +053 -006 -054 -085 +022 +007 -025 +037 -000 +071 -023 -078 +071 +077 +048 +037 +023 +067 +086 -087 +074 -004 +084 -082 +040 -022 -032 +100 +044 -062 -070 +027 +026 -078 -054 -053 -047 -061 -024 +043 -085 -064 +031 +058
-040 +070 +071 +053 -034 +077 -018 +057 +000 -016 -040 +040 +067 -084 -070 -033 +051 -036 +055 -087 -015 +030 +001 +061 -032 -024 -016 +051 +066 -040 +064 +023 +036 +063 -057 +001 +006 +055 +022 +082 +040 -061 +033 +011 +010 +016 +033 +052 +008 +044 +035 -002 +001 -051 -048 -087 -046 +016 -084 +088 +028 -007 -082 +055 +017 +012 -031 +060 +028 +082 -065 -080 +050 -057 +048 -072 -030 +060 +081 +037 -080 +004 +025 -070 +018 +055 -023 -046 +001 +000 +050 -063 +075 +001 +033 +035
+023 -042 +047 -061 +002 -030 -066 +010 -023 +064 +031 -048 +044 +015 -015 -041 +064 +013 -042 -018 +025 +031 -085 -053 +031 -042 +008 +081 -082 -022 +081 +053 -026 -017 -018 -031 +052 -007 -078 -081 +000 +088 -068 +061 -082 -028 +060 +023 -030 +052 -002 +054 -075 -017 +067 -026 +005 +075 +025 +086 -005 +028 -048 +086 +057 -021 +042 -013 -028 -014 +073 +065 -050 -015 +035 +052 +037 +082 +074 +042 +047 +085 -060 -072 +001 +018 +026 +014 -035 -040 +021 -030 -083 -010 -032 +065
+087 -061 +078 +038 +012 -031 +017 -075 -014 -026 +017 -082 +088 +083 -007 -047 -036 +055 +086 -085 +027 +011 +022 +075 -088 -072 +064 -045 -087 -007 +082 -055 -083 +037 +071 +072 +064 +026 -050 -018 +021 -005 -085 +046 +028 -002 +085 -020 +004 +030 -082 +041 -064 -007 +056 +085 -100 -076 +048 +058 -076 +045 +004 +057 -013 +036 -005 -066 -065 +088 +088 -042 +045 -087 -028 +028 -036 -012 -081 -061 -011 +020 -042 +086 +020 +041 +021 +078 +028 -065 +031 -082 -011 +024 -034 +031
-076 -072 +041 -033 +035 -053 -086 -000 +016 +037 -005 -082 -012 -065 +003 -060 +048 +057 -003 -088 -020 +047 +074 +035 -007 +003 -028 +081 +071 -001 -025 -100 +013 -004 +005 +075 +015 +060 -021 -034 -073 -055 +023 -031 -014 -005 +050 +068 +052 -008 -082 +020 -063 +004 +055 -060 -000 -080 +065 +068 +071 -068 -002 +100 +074 -035 +054 -078 +017 +025 -014 -032 +050 +086 -074 -013 -070 -030 +054 -006 +075 -046 -020 +064 -064 +038 -038 -053 +071 -082 +061 -073 +082 -082 +070 +051
-043 -043 -000 +085 -007 +086 -044 -048 +048 -026 -060 +045 -005 -076 -051 -000 -042 +007 -066 +021 -022 +038 -008 +057 +028 -052 +002 +032 +025 +045 +075 -052 -057 +031 -054 +088 +041 -050 -054 +021 -067 +007 -085 -035 -007 -056 +002 +042 -018 -021 -038 -046 -062 +032 +083 +011 +062 -016 -044 +046 -078 +042 +062 +085 -036 -054 +047 +068 -015 -013 -056 +054 +056 +012 -015 -077 +076 -067 +020 -045 +070 +028 +001 -067 +054 +060 +008 +072 -065 -058 -015 +027 +057 +063 +004 +015
-038 +076 +000 -040 -061 +001 -037 -023 -054 +021 -030 +006 -084 +076 +040 -065 -010 -082 +061 -057 -082 -016 +046 +038 -045 +034 +068 -000 -086 +001 -062 +038 +015 +053 -073 -067 -036 +031 -027 -003 +080 +085 +037 -010 -032 +044 +026 -083 -078 +034 -044 +013 +032 -078 +061 -046 -070 +001 +072 -036 +077 +025 +020 +044 -082 -088 -034 +044 -030 +035 +085 -051 +084 -087 +040 -017 -072 +071 -014 -026 +000 +028 +075 -027 -071 -003 -061 -077 +077 -000 +006 -043 -020 +012 +007 +055
+033 -061 +007 -052 +055 +024 -071 +043 +045 -022 -050 +071 +051 -085 +005 +082 +083 -081 -054 +041 -000 +038 +033 +042 -053 +064 +043 +068 -016 -032 -084 +011 +047 -061 +051 +083 +041 -008 +068 +058 -080 -035 +078 +026 -036 -053 -021 -015 +087 -022 +030 -035 -065 -001 -052 +047 -023 +014 -045 +058 -001 +077 +043 +046 -036 -042 -060 -021 +070 +065 +028 -026 +043 +018 -028 -023 +048 -078 +078 +040 -068 -087 +070 +027 -054 -001 -027 -027 +036 +052 +001 -063 +020 +082 +042 -024
-043 -017 -070 +054 +067 +044 -016 +061 +038 -023 -051 +011 -016 -043 +005 +014 -082 -010 +016 -083 +027 -046 +024 +071 -065 +057 +064 -044 +026 +056 -046 -032 -067 -050 -063 +048 +025 +036 -047 +075 +054 -062 +051 +068 -020 +045 -068 -014 +077 -044 -027 +078 -060 -081 -014 +043 -082 +001 +012 -068 +033 +041 +073 +020 +020 +032 -044 -041 -007 -082 -034 +053 -037 -046 -038 -025 -050 -044 -065 -082 -060 -038 +065 +058 -051 +067 -033 -030 -050 +076 -084 +074 -011 +057 +016 +084
-054 -051 +044 -061 +065 -070 +068 +013 -064 +062 -030 +047 -068 +045 +008 -028 +046 -071 +068 -071 +024 +056 -074 +051 +027 +000 +066 +034 -075 -061 -085 -014 +054 -053 -033 -077 +003 +034 -022 -054 -028 -067 +051 -061 +064 -057 +036 +016 -023 +067 -020 +068 -001 -043 -045 +043 +015 -018 +083 -003 -010 -024 +024 +076 +058 +086 +077 -076 +060 -006 +012 -026 +067 +016 +040 -073 -062 -016 +081 +068 +034 +022 +047 -060 -013 -010 +051 +003 +041 -055 -020 +006 +048 -026 +067 -076
+080 +035 -043 -062 +052 -075 +054 +041 +043 -016 -055 -063 +061 -022 +045 -058 -031 +084 -024 -057 +013 -061 +018 -036 -034 +052 -067 -012 +020 +066 +035 +064 +071 -051 +010 +020 -002 +004 -033 +070 +043 -008 -021 -052 -005 -038 +006 +025 +004 +041 -014 -074 +045 +067 -005 -070 +006 +072 -038 -058 +067 +081 +100 +064 -010 -046 +010 +021 -075 -012 +055 +021 +021 -004 +078 -087 +085 -027 +015 -021 +032 +031 -008 -086 -005 +010 -050 +075 +018 -012 -051 -022 +010 +032 -006 -057
+084 +000 +085 -088 +030 -074 -017 -017 +007 -020 +061 -024 +035 -001 +031 -062 -076 -070 +072 -040 +087 +028 -015 +076 -083 +044 -082 +003 +058 +087 -018 -006 +038 -048 +021 -052 +028 +088 +000 +010 -072 -080 +018 -016 -041 +051 -023 +031 +021 -048 +053 -056 +027 +057 +037 +056 +035 +066 +060 -020 -005 +085 -052 -000 -061 +071 +032 +016 +078 -036 +036 +071 +054 +033 -024 +073 -015 +084 +020 +037 -088 +000 -062 +032 +054 +023 +084 +032 +050 +003 +024 +076 +074 +080 -005 -043
+037 +003 +002 -066 -084 +035 -084 -081 -082 +008 +027 -036 -000 +064 +015 -020 -072 +007 -060 +057 +083 -005 -058 +045 +003 -048 +058 -018 -067 +066 -032 +006 -078 -031 +086 -070 +025 +077 -080 -007 +015 +062 -014 -010 +071 +016 +027 -050 -004 +087 +028 -021 -030 -052 +075 +031 -063 +084 -008 -052 +068 -020 -038 -036 -088 -056 +005 +085 -083 -030 +055 +028 -058 +081 -006 +058 +033 -007 -065 +016 +046 +100 +062 -086 -018 -052 +066 +027 -038 +018 -067 -073 -066 +062 -032 -046
-036 +003 +064 -004 -056 +000 +022 -045 -008 +030 -041 +004 -073 -066 -056 -010 +011 +014 -023 +050 +042 -018 +064 -087 +020 +011 +041 -028 +084 +088 +023 -071 -080 +057 +088 +001 -006 -036 -003 -067 +043 +057 +100 -042 +001 -084 -046 +067 +042 -003 -026 -056 +075 +034 +068 +051 +050 -045 +006 +015 +036 +055 -080 -034 -077 -082 +018 -083 -031 -027 +051 +017 +048 -023 -073 -084 +030 -064 -043 +015 +034 +075 +083 +055 -000 -067 +031 +063 -050 -051 -063 +013 -061 -081 -071 +084
-083 -023 -066 -057 +000 +047 -083 +087 +065 -006 -056 +071 -075 +031 -030 -050 +020 +052 -051 -003 +066 -040 +035 +046 -064 -062 -002 -050 -073 +070 +080 -061 -011 +087 -038 -008 -025 -048 -043 -061 +035 -062 -087 -056 -006 +002 +054 +010 -064 -021 +068 -001 +037 +011 -086 +007 -087 +058 -010 -068 +050 +076 -024 -073 +044 +000 +001 -064 +083 -074 +077 -083 +021 +070 +025 +018 -057 +081 +057 +022 -062 -055 -017 -022 +025 -002 +015 +043 +062 +013 -070 -067 +028 +082 -040 -048
