+021 -068 -066 -041 +051 +005 +052 +072 -087 -015 -025 -014 -037 -003 -016 -056 -014 +010 +051 -086 -022 -043 -083 -074 +038 -032 +058 +074 +061 +068 -026 +027 -034 +056 +078 -064 +071 -035 +073 -007 -064 -060 -014 -087 +057 +056 +023 -021 +077 -054 +056 +043 +078 -013 +011 -062 +014 +076 -003 +063 -055 +074 +017 +057 +084 -026
+063 +001 -003 -086 -027 +075 -026 -064 +063 +044 +043 +011 -023 -057 -037 -051 +031 +065 +028 +063 +016 -086 -023 -066 -017 -085 +061 +041 -075 -084 +030 -011 +052 +034 -047 +026 -077 +024 -065 +085 -035 +024 -074 +037 +088 -038 +027 -028 +024 +032 -000 +043 +061 -070 -047 +035 +013 -065 -036 +015 +037 +021 +045 +055 -037 -001
+053 -027 -005 +021 -014 -006 -081 -006 -086 +002 +038 -063 +057 +013 -040 +022 +028 +031 -064 +004 +085 -020 +044 -084 -038 -064 +054 +075 -016 -073 +052 +064 +018 +018 +056 -043 +083 +064 -053 -002 -010 -040 -051 -087 +087 -003 +053 +065 -085 +001 -085 +085 +015 -088 +032 -027 -021 +081 -066 +035 -053 -002 -003 +010 -003 +000
-086 -011 +005 +030 -021 -043 -074 -077 +024 +071 -085 -062 +058 +047 -042 +080 +008 -055 +084 -065 +032 +065 +010 -007 -037 -016 -040 +031 +054 +080 -017 +078 +068 +007 +085 +040 -057 -004 +088 +065 -044 -012 +077 +071 -042 -082 -035 +048 -016 +000 +068 +073 -030 -042 -005 +002 -008 +010 +016 -046 -087 +063 +014 +011 -011 +012
-030 -077 +057 +073 -028 -081 +000 -050 -050 -071 -051 -031 +023 -022 -021 +100 +071 -064 +044 +026 -068 -081 -058 +046 -041 +041 +078 -070 -062 +085 -024 +005 -004 +074 +015 +016 -035 +062 -056 +085 +040 -012 -030 -024 -065 +001 -013 +051 -071 -016 -014 +082 +013 -082 -100 +081 -067 +017 +026 +076 -084 +011 -035 +063 +041 -043
-024 +051 +013 +030 +064 +021 -006 +052 -065 -031 +052 -046 +001 +012 +020 -035 +048 +035 -066 +081 -007 +040 +007 -002 +062 +067 +053 +012 -042 +077 +026 +061 +023 -016 +084 +050 -077 -006 +043 -051 +005 +021 -001 -053 +034 -063 +078 -063 -016 +042 +042 -021 +033 +000 -007 +086 -007 +002 -083 +068 -050 +085 +028 +051 +013 +030
+081 -015 +004 +078 +010 -044 +083 -011 +020 -041 +084 -044 -033 -065 +073 +016 -031 +087 +085 -073 +032 +077 -003 -088 -042 -061 +025 +068 -067 +012 +081 +078 +072 -004 -043 +071 +052 -064 +016 +008 +057 +035 -047 -070 +072 -005 -041 +024 +087 +003 -083 +074 -044 +015 -033 -083 +077 +015 +087 +016 -055 -066 -057 +042 +042 -025
-041 +013 +047 -080 +012 -024 +064 +006 +062 -065 +080 +058 -065 +036 -080 +028 -016 +078 +065 -022 +036 -016 -057 -017 -071 +063 +013 +011 -044 +073 -063 +065 +054 +083 -070 -058 +020 -060 -051 +082 -082 +008 +035 -038 -035 -000 +005 -018 -047 -022 -066 -100 +043 -056 +057 +060 -016 +076 +054 -000 -033 -048 -068 +022 -044 -070
+063 +045 -055 -050 -061 -080 +021 +047 +018 +033 -008 -024 -038 +070 -070 -060 -068 -040 -022 -024 -076 +076 -086 -066 +053 +017 +043 +067 -085 -026 +051 -060 +012 +022 +057 -002 +008 +010 +076 +055 +026 +083 -044 -032 -081 -050 -004 +005 -001 +088 +011 -002 +048 +070 -046 +082 -068 -025 -041 -022 -016 -017 +003 -038 +040 -017
+024 +042 -043 -083 -040 +027 +066 -018 +063 -051 +017 -051 -050 +005 -026 -013 -017 +054 +046 -020 -085 +048 +066 +008 -051 +041 -088 -048 +061 +081 +075 -017 -004 +074 +025 -024 -038 +062 +064 +045 -074 +024 -084 -031 -086 -004 +034 -048 -003 +032 -000 -073 -024 +050 +046 -070 +085 +040 -054 -051 +066 -020 +084 +086 +005 +022
+055 -008 -036 +083 -027 +031 -031 -053 -028 -020 +083 +025 -015 -052 -010 +046 -024 +012 -001 -002 +081 +014 +080 -053 -005 -062 -086 -028 -021 -021 -031 -056 -055 +062 +033 +035 -045 -046 -036 +058 -001 -086 +082 -042 +068 +072 +002 +035 -023 -008 +058 -027 +066 +034 -041 +025 +024 -012 +034 -035 +080 -010 -055 +055 +007 +018
-064 +000 +037 +015 +054 +058 +005 -021 +016 +071 +071 -050 +058 +031 +064 +076 -088 +006 -017 -074 +021 +026 +078 +025 +020 -042 -035 -088 -021 +084 -077 +087 -031 -047 +085 +027 -072 -065 -074 -046 -027 -066 -053 +016 -066 +073 -044 +058 +067 +061 +000 -081 +065 -012 +073 -061 -051 +052 +054 +004 +006 -058 -013 -015 +026 +006
+025 +052 +073 -063 +047 -015 -044 -004 -040 +017 +000 -036 +058 +007 -034 -013 +013 +012 -032 +066 +031 +053 -078 -046 +065 +027 -045 -052 -088 +062 -032 -058 -070 -027 -006 -015 -057 -042 +028 +088 -074 +010 -028 +004 +066 +038 +085 -045 -030 +012 +042 +073 -052 -048 -012 -013 +065 -048 +086 -004 +036 -045 +100 -076 +031 +060
+005 +071 -043 -085 +056 -053 +037 -070 -027 +011 -065 -045 -067 -052 -078 -035 -035 +034 -010 +073 -054 +058 -083 -042 +045 -017 +060 -044 +067 -082 -046 -077 +051 +026 -028 +034 +060 -003 +055 -014 +004 +022 +032 +045 -078 -027 +088 +007 +020 +042 -068 +028 -027 +085 -005 +057 +055 +011 -057 -055 -018 +020 -071 -003 +063 -075
+071 +004 +051 -007 +075 +025 -006 +035 +021 +012 +076 +025 +067 -026 +060 +087 +008 -041 -002 -052 +040 -054 +020 +058 +035 -087 -036 +010 +005 +035 -085 -042 +068 +073 -048 -056 +013 +014 +010 -023 -056 -041 -080 -054 +036 +005 -078 -027 +068 +062 +075 +061 +031 +031 -048 -057 +003 +046 -072 -014 -022 +083 -063 -043 +082 +013
-068 +015 +033 +040 +001 -074 -064 -077 -012 -070 +041 -088 -056 +011 +045 -072 +010 -036 +005 +016 +034 -052 -027 -057 -025 +043 +053 +016 +022 -048 +014 +076 +038 +026 -088 +007 +073 -063 +077 -064 -087 +078 -034 -031 +080 -055 +061 +011 +067 +064 -030 -045 -033 +038 +067 -015 -085 -015 +003 -045 +067 -067 +073 -056 +074 +086
+030 -047 +048 -040 -010 +085 -026 +070 -071 +080 +032 -076 +086 -037 +054 -054 +013 +057 +000 -075 -066 +027 +087 +025 +053 +032 -041 -002 +064 +058 -024 -074 +063 +021 +024 +031 -030 -066 +008 -057 -022 -075 +057 +048 +005 -074 +078 +033 -046 +030 -088 +014 +088 +016 -016 +063 +041 -017 -031 +002 -008 +008 -008 -057 +030 -043
-005 -067 -085 -036 +024 +027 -056 +047 +052 +042 +043 -005 -072 +071 -011 +053 -061 -021 +046 +014 -087 +084 +030 -016 +067 +028 -066 +026 -030 +011 -014 +001 -014 +052 -061 -046 -015 -060 -076 -056 -014 +057 +040 -048 +073 -065 -042 +047 +026 -005 -012 -075 -016 -015 +003 -042 +084 +058 -016 -008 -041 -073 -005 +073 -036 +078
-046 +074 +040 +030 +052 +063 -060 -082 +001 +027 -044 +077 +011 +017 +035 +040 +074 +078 +040 +040 +035 -014 -055 -007 +036 +048 -048 +078 -021 -064 +062 +027 -074 +042 -048 +002 +052 -062 -023 +072 +013 -006 -042 +054 -071 -002 +030 +060 +068 +026 +016 -016 -026 +020 -075 +005 +037 +076 +068 +037 +015 +063 -044 -063 -031 -082
+076 -061 -086 +085 +054 -072 -051 +085 -046 +000 -070 +087 +072 -005 +073 -006 -024 +052 +004 +026 -030 -001 +008 +087 -001 -006 +027 -063 +037 -043 -014 +078 -036 +082 +068 +021 -055 +020 +022 +048 +078 -026 +026 +065 -072 +050 +067 +011 -026 -064 +086 -085 +046 +000 +076 -006 -022 +066 +046 -001 +022 +073 -085 +006 -050 +023
-054 -023 -055 +031 +000 +027 -035 +035 -037 +065 +012 -084 -056 -065 +070 -058 -056 -022 +064 -033 +086 +025 +017 +004 +016 +031 -067 +087 -038 +053 -064 -084 +030 +016 +045 +043 -015 -066 -051 +002 +043 -053 -040 -078 -028 +008 +033 +083 +083 +024 +046 -030 -085 +066 +010 -041 +074 -088 -063 +047 -011 -087 +050 +030 +071 +100
+084 +070 +038 -070 +041 +022 -022 -041 -073 +035 +054 -041 -030 +013 -024 +006 -008 +061 -050 +018 -002 -081 -031 -054 +053 +012 -005 -088 +078 +066 -030 +047 +020 -031 -081 -077 +073 +062 +011 +015 -071 -028 +078 +003 -015 +078 +046 -003 -066 -046 -040 -085 +030 -068 -018 +000 +004 +073 +062 -033 +055 -050 -025 +010 -001 -077
+022 +024 -085 +012 -004 +011 -012 +020 +044 -046 +001 +001 -030 +045 -063 -038 -067 +061 +016 +038 +047 +066 +024 +025 +058 +070 +086 +003 +074 +065 +006 -030 +066 -073 -036 +044 -061 +061 -084 -002 +085 -066 -068 +082 -044 +058 -052 -004 +068 +011 -008 +076 -030 -086 +035 -031 -027 +021 +060 -044 -055 -005 +071 +048 -066 -020
+016 -014 -044 -042 -032 +057 -012 -031 -064 -007 +044 +068 +000 +065 +055 +008 +015 +061 -021 -038 +061 -081 +084 -057 +036 -051 +047 -085 +033 +010 -047 -067 -071 -043 +016 -027 +053 +084 +081 -086 -064 -071 -077 -038 -056 +012 -027 +081 -053 -072 +073 +042 +057 +044 -016 +057 -012 -038 -072 +022 +035 +007 +078 +084 -070 -012
-048 +086 -063 -006 +018 +030 -041 +083 -053 +065 -053 -076 +088 -022 +004 +060 -061 +073 -084 +057 +084 +068 -085 +044 +048 +011 +087 -062 +083 -066 +074 -000 +003 -031 +000 +004 -078 +062 -084 +017 +088 -010 -088 +066 +022 -038 +071 -046 -083 -007 -016 +065 +058 +056 -071 -002 -038 -044 +085 +063 +042 +027 +078 -056 -078 -003
+020 +016 -005 -100 -002 -008 +063 +078 -083 -042 +051 +040 -012 -068 +074 +023 +061 +051 +001 -024 -003 +044 +042 +066 -063 +032 -051 +065 +044 +018 +043 -032 -010 -082 +072 -042 -046 +014 -005 -052 -084 +055 +031 -005 +034 -034 -052 -088 +055 +008 -041 +024 +024 -033 +058 -032 +006 +007 +062 +036 -035 -086 +022 -003 -031 +001
+026 +086 -041 -004 +020 -040 +087 +038 -056 +023 +007 +020 -052 +047 +081 -003 +025 +024 -040 -056 +068 +030 +013 +031 +035 -053 +027 -065 -041 +065 +087 +033 +034 +077 +087 +023 +024 +018 -071 +081 -002 +025 +031 -076 +087 -061 +074 -056 -033 +003 -043 +030 -070 +024 -057 +010 -053 -013 -046 +035 -100 +025 +068 +010 -013 +045
-001 +057 -050 -047 -038 +032 +054 +040 +022 +100 -057 +021 -044 -042 -038 -082 -028 +000 +055 +065 -012 -075 +030 +061 -008 -080 +052 +062 -017 +056 +048 +041 +062 -004 -065 -071 -078 -053 -077 +030 +027 -001 -015 -088 +054 -008 +026 -075 -037 -043 +035 +062 -050 +063 -028 -050 +048 -070 -002 -024 -075 +024 +014 +056 +010 +000
-087 -058 +052 -087 -021 +037 +045 +042 -011 -025 -007 -056 -047 -025 +014 -056 -005 -032 -021 +017 -043 +056 -044 -077 -025 +044 -087 +058 -027 -075 +012 +016 +024 -037 -030 +036 +073 +035 -022 +064 -078 -031 -054 -086 -004 +001 -083 +063 -054 -088 -042 -033 -012 +071 +004 -026 -005 +016 +065 -018 -052 +033 +041 +055 -043 +006
+047 -015 -056 +037 -088 -064 -080 -058 +060 +025 +008 +034 +002 -064 -073 +063 +033 -005 +010 -084 +046 -062 +034 -080 -030 -081 -010 -040 +038 -080 +050 -022 -083 +037 -034 -025 +003 +036 -007 +052 -004 -021 +034 +013 +041 +085 -016 -036 -073 -067 -017 -062 -088 +045 -083 +052 -003 +024 -031 +027 +030 -005 -087 -072 +075 +057
-088 +031 -034 -072 -046 -020 -068 -020 +021 -045 +056 -023 +066 +027 +036 -035 +064 -070 -031 -045 +018 -081 +013 -084 +073 +023 +033 -085 -067 -025 +063 +065 +082 -071 -041 +001 -086 +071 +023 +006 -048 +022 +084 -056 -065 +072 -040 -054 -070 -067 +083 +073 +002 +067 -071 +033 -011 -065 +056 +061 -057 +023 +070 +012 -081 -056
+018 -078 +073 -057 +042 +033 +002 -044 -014 -036 -011 -015 +035 +034 +002 +043 +004 +044 -023 +051 -046 -038 -014 -013 +022 +054 -005 -003 +065 +060 -047 +035 +035 +060 +006 -040 -001 +064 +100 +053 +011 +018 +014 +048 +087 +018 -032 +008 -021 -003 +031 -007 -008 -001 +001 -047 +006 -068 -021 -000 -070 +006 -050 +018 -088 -024
+012 -072 +055 -025 -036 -034 -040 +026 +041 +032 +046 +035 +026 -005 -055 +017 +085 -031 -036 +024 +055 -043 +087 +050 +035 -037 +015 -064 +032 -085 -017 +036 -036 +074 +018 +067 +087 +057 +036 +056 +046 +082 -018 +055 -054 +071 +021 +045 -000 +036 -062 +020 -087 -055 +065 -040 +044 +086 +023 +034 -070 +081 +073 -042 +076 -044
-086 +040 -070 -014 +066 -071 -045 -030 -022 +076 -074 -066 +041 +032 -006 +063 +058 +002 +087 +003 -074 +048 +013 -075 +003 -037 +040 +042 +020 -064 +025 -000 -010 +052 +087 +013 +013 -055 -057 +053 -056 +018 +027 +083 -067 -030 -066 -022 -025 +021 +042 +023 -076 +078 -084 +078 +050 +075 -062 -006 +086 -024 -078 +065 +010 +078
+043 +074 +014 +071 -013 +005 +028 -031 -087 -026 -033 -038 -024 +020 -025 -015 -060 -080 -013 +084 -048 -037 +025 -072 -014 -017 -060 +034 -088 -083 -060 -064 -015 -000 -016 -065 -045 +073 -012 +086 -087 -046 -063 +041 -036 +061 -065 -073 +034 -005 +034 +068 +020 +056 -000 -027 +026 -040 +076 +044 -026 +065 -066 -000 -032 -055
+073 -032 +033 -020 -027 +100 +000 -021 +084 -014 -035 -020 +034 +078 -007 +002 +000 -031 +076 -040 -027 -050 -045 +075 -027 -005 +027 -016 +033 +018 +055 -033 -083 -068 -068 +037 +046 -015 +086 +040 -023 +038 +017 +064 +042 +033 +070 +022 -064 +027 +083 -015 +023 -075 +005 +012 +066 +020 -071 +078 +031 -011 +058 -016 -055 +057
+012 -048 +047 -046 -040 -025 +017 +084 +040 +048 -068 -088 -061 -068 +035 -003 +004 -012 +007 +066 +043 +028 -055 +015 -100 -016 -080 +004 +086 -010 +066 +044 +072 -056 -024 -020 +052 -087 +076 -082 -004 +013 -003 -083 +054 -014 -008 -078 -026 +081 -088 +047 +060 -008 -040 -061 +028 -041 -052 -000 -085 -056 +060 +023 +054 +077
+054 +054 -002 -025 -048 -074 +083 -075 +043 +068 +074 +081 +033 +061 -004 -087 +052 -081 +065 -065 -077 +034 +011 -048 -008 +056 -001 -074 -025 -054 -065 -072 -085 +022 -001 +087 +020 -077 +084 -046 +001 +083 +026 -022 +062 -002 +047 +026 -062 +063 -060 +086 -023 +020 +024 -044 -028 -078 -042 -063 -066 +030 -026 -054 +047 +022
+044 -048 +021 -035 -064 +003 -004 +040 +066 +018 -003 +072 -014 -071 -066 +048 +028 -071 -016 +038 +074 +004 -075 -050 -086 +004 +010 +044 -001 +010 -008 -006 -076 -025 -043 +027 -070 -088 +036 +031 +061 -048 +026 +002 -035 -042 +058 -066 +001 +012 -043 -032 +007 +014 -076 -022 -080 -081 -031 +045 +042 +053 -041 -074 -054 -062
+017 +084 +061 +050 +017 +088 -032 -077 +007 -048 +018 -086 -020 -001 +081 -027 +020 -035 -024 +008 -031 +083 +077 -068 -076 -030 -054 -045 -007 -078 +044 -061 -052 -048 +000 -002 -048 -010 -013 +067 +082 -041 +022 -070 -080 +067 +017 +015 +088 -063 +088 -074 -026 -078 -067 +086 -077 +082 -005 +028 -074 +023 +067 +016 -086 +068
-037 +056 -063 -060 +052 +056 +032 -058 -037 +068 +084 -083 +055 +028 +023 +016 -014 -058 -064 -036 +038 +023 -033 -074 -080 +062 +054 -048 +085 +052 -070 -055 -044 +008 -025 -085 +086 -035 -051 -011 -063 -067 +036 +020 -030 +054 +008 +020 -077 +072 -061 -040 +005 +054 +063 +010 +008 -037 +011 +013 -078 +071 -074 -046 -062 -021
+001 -038 +058 -051 +011 +053 -062 +067 +057 +018 +045 +087 -087 +002 +004 -016 +007 +088 +041 -033 -040 -064 +054 -074 +055 -062 +001 +001 -034 -037 -016 -086 -054 +032 -021 -060 +030 +024 +022 +002 +036 +076 +047 -011 +082 -072 -021 -083 +022 -040 +088 -050 -012 +078 +060 -015 -041 -048 +013 +054 +036 -041 +068 +017 +013 +045
+033 -066 -081 -021 +000 -048 -005 -052 -056 +012 -050 -005 +050 +037 +083 +063 -012 +100 -032 +043 -010 -035 -044 -038 +084 +011 +002 +042 -033 -006 +015 +004 +028 +053 -023 -044 -047 +055 -016 -048 -044 -037 +053 +010 +083 +074 +068 -010 +074 -070 -084 -050 -064 -054 -082 +020 +048 -072 -026 +066 +083 +044 -053 -018 +075 +045
-065 -043 -031 -026 -058 +037 +038 +075 -012 -065 +060 +086 -015 -074 +088 +024 -023 -038 -037 +072 -068 +002 +006 -072 +057 -038 +086 +004 +054 -033 +013 -026 -067 +048 -041 -002 -045 -068 -035 +085 -044 -086 +011 +031 +058 -052 -076 -075 +070 -056 +044 +026 -068 +020 +078 -075 +086 +062 +038 -075 +074 +051 +053 -024 -058 -032
+014 +058 -033 -058 -048 +014 -087 -022 -041 +070 +022 +045 +007 +001 +076 -037 -085 +057 +078 +062 +056 +053 -011 +003 -038 -068 -004 -046 -060 -040 +064 -056 -078 -084 -088 -001 +034 +017 -015 +036 -028 -002 -056 -053 -078 -056 +025 +053 +028 +060 +052 +088 -034 -058 -057 -071 -087 +015 -026 -011 +024 +078 +073 -083 -087 +067
-050 -066 -008 -066 -003 +058 +084 +014 -076 +044 +063 +031 -021 -007 +006 +040 -050 +030 -007 +022 -054 +053 +023 -064 -022 +074 -076 +087 +022 -007 +070 +064 -057 +002 -017 -030 -034 -023 -081 +023 -046 -024 +083 -050 -088 -071 +074 -017 -033 -065 -063 +012 +000 +076 +025 -003 +073 -065 -013 +062 -086 +086 -062 +064 -014 -055
+086 -045 -052 -054 +001 +004 +001 -056 -072 +030 -008 -074 -075 +047 -045 -050 -063 +030 +043 +040 -043 +018 -055 -042 -011 -084 -023 +017 +025 -013 +034 -047 -065 +015 -083 -057 -045 +033 +034 -048 +038 +074 +066 -050 -007 +052 +010 -045 +025 -040 +028 +027 +071 -032 -054 +051 +068 +000 +002 +032 +080 +030 -088 +024 -067 -036
-023 +075 -074 +078 +074 -050 +070 +088 -061 -074 -043 +073 +005 -034 -038 +082 +015 +038 +067 +074 -087 -050 -010 -030 +045 -005 -056 -063 -043 -038 +042 -067 +008 +070 +052 +020 -025 +013 -075 +053 -075 -076 -031 -045 +044 -045 +003 -033 +072 +013 -034 +045 +046 -068 -005 +074 +013 +043 +025 +054 +047 +000 +070 +023 -001 -012
-033 -086 +042 +032 -078 +007 +008 +081 +061 +024 -064 -077 -075 +048 +022 -032 +020 +074 -014 +100 -035 -035 -068 -078 -051 -028 -000 +020 +005 -073 -084 +016 +066 +007 -030 +025 +052 +073 -026 +073 -013 -072 -031 -075 +073 +085 +010 +078 +010 +058 -057 -053 +003 -026 -073 -086 +030 -028 +087 -064 +066 -007 -055 +022 +015 +054
+064 +081 +023 +030 +068 +036 +005 -085 -003 +048 -044 +088 +074 -061 -014 -080 +078 +033 +077 +025 -040 +062 -065 -085 +007 -071 +053 +035 +028 -026 +066 -026 -060 -032 -047 -078 -030 +055 +053 +077 -084 +080 -041 +072 +051 +072 -063 -084 +055 -054 -020 +057 -032 +058 -082 +085 -004 +066 +056 -001 +021 -088 -035 -023 +071 -062
+082 -046 -046 -004 -074 -021 -067 -073 +014 +045 +078 +058 -002 +050 +083 +064 -007 +014 +058 -010 +018 -047 +011 +077 -057 -026 -037 -052 +084 -001 -081 -006 +054 +037 +024 -057 -003 -000 -028 +050 +061 +031 +085 +002 -030 -061 -068 +063 -023 +015 +037 -013 +052 -050 -043 +051 +085 -027 +063 +086 +034 -046 -026 -026 -041 -006
+077 -056 +038 -075 -068 -078 +062 -024 -058 -048 -067 -033 -021 -017 -055 +086 -022 -046 +050 +067 -016 -022 +075 -046 -036 -007 +035 -047 -035 +015 +088 -051 +038 -003 +031 -067 -000 -001 -076 +081 -032 -071 -001 -026 -060 -046 -000 -048 +055 -081 +036 +083 +045 +027 -002 +042 +077 +024 +005 +006 +024 -014 +021 -055 +081 -021
+080 -086 +062 -087 +028 +005 -076 +088 -027 +012 -038 +040 -004 +088 +017 +047 +005 +082 -041 -027 +022 +001 -071 +071 +077 -005 +064 -038 +043 +025 +037 -028 +058 +083 +005 -071 -053 +057 -016 -052 +058 -074 +045 +003 -075 -003 -072 -071 +023 -020 +076 -047 +050 +004 -068 -004 -012 -001 +057 +077 +031 +083 +083 -076 +040 +082
-012 +018 +022 +041 -034 +011 +084 -045 -100 +005 -028 +086 -002 -010 +051 -071 +043 -044 -056 +014 -021 +014 +015 +018 +043 -038 -018 +062 +028 +001 +031 -073 +061 +071 +068 -043 -014 -020 -064 +042 +008 -027 +018 +100 -011 +075 +056 -001 +062 +074 +002 +070 +016 +028 +005 -027 +056 -011 +021 -040 +086 -058 +035 -065 -082 -007
+052 -067 +084 -043 -077 +002 +036 -071 +081 -076 -085 -004 +055 -033 -054 -053 +032 +052 -085 +026 +005 +014 +086 -022 -026 +086 +015 +051 +024 -023 +071 -030 +075 +076 -008 +054 +017 -083 +074 -011 -028 +080 -058 -058 -034 -051 -033 +052 -045 -063 +100 -082 +081 +055 +010 +062 +053 -050 -004 +036 +010 +077 -016 +015 -084 -055
+043 +100 -063 +000 +055 +033 +073 +030 -012 -088 -055 -023 +085 +052 +061 -078 -048 -053 +018 -003 -026 +035 -078 +035 -018 +007 +068 -066 -046 +026 -080 +030 -004 -057 +032 -077 +011 +011 +077 -038 -033 +078 +078 -053 +064 -065 -064 +027 -053 -051 -031 +056 -050 +063 +011 -012 +066 +012 -074 +033 -040 -080 +048 -065 +043 -086
+085 +060 -030 +063 -001 +085 +004 -036 +040 -082 +012 +087 +077 -067 -084 -021 +027 +028 -071 -024 +041 -041 +011 +063 +046 +024 +047 +044 +008 +022 -053 +063 -100 -042 -067 +000 +002 -017 -043 +077 +014 +063 -033 +021 -042 -036 -015 +077 +006 -100 -081 -040 +046 +032 -071 +070 -067 -085 -025 -067 -041 -035 +088 +084 -015 +057
+027 +028 -084 +010 -087 +047 +045 -010 +003 +070 -025 +001 -088 +074 -040 -025 +020 +010 +083 +038 -023 -048 -038 +076 -080 +030 +043 +057 -056 -017 -074 +073 +057 +040 +086 -035 +086 +057 -072 +026 -026 +026 +061 +070 -005 +086 +037 -043 +004 +070 +065 +022 +072 -027 +015 +003 -067 -064 -051 +085 -077 +000 -048 +054 +032 +050
+010 -008 +067 +046 +038 -036 -084 +044 +014 +010 +035 -037 -004 -041 -031 +065 +055 +065 -040 -100 +030 +025 -075 -032 -023 +085 +088 -024 -083 -011 -017 -012 -001 -076 -066 +006 -078 -006 +088 -087 -028 -040 +038 -083 -004 +047 -071 +016 -063 -062 -030 +070 +025 -100 +058 +082 +073 -041 -034 -085 +011 -015 +044 +054 -053 -000
+063 -075 -010 -021 -054 +038 +078 -087 +056 +011 -070 -070 -064 -057 +063 +034 -048 -073 -015 +087 +073 +071 -063 -000 +074 +025 -044 +012 +056 +062 -033 -073 +043 -036 -008 +088 +045 -041 +077 -033 -007 -001 +087 -078 +032 -067 -074 -061 -054 -003 -028 +057 +058 -040 -002 +017 +086 +026 +022 +017 -084 -013 +088 +050 +063 -068
-058 +064 -016 +030 -080 +023 +006 +076 -031 -080 +057 -036 +081 -041 -014 -066 +000 +026 -067 -058 +014 +015 -042 -081 -056 -005 +055 -028 +061 +067 +081 +005 +053 -073 -031 +053 -030 +010 -077 +077 +081 -074 -031 +027 +053 -066 -012 -006 -066 +024 +004 +060 -000 -084 +047 +022 +008 -061 -056 +010 +050 -004 +004 -043 -033 -010
+015 -080 +063 -067 -017 +084 +043 +055 -024 +058 +043 +071 +046 +002 -064 +082 -081 +034 +005 -065 +028 +022 -078 -064 -025 -045 -033 -017 -051 -075 -055 +032 -075 -031 +054 -024 +015 -036 +040 -055 +012 +012 -044 -026 -032 +036 +015 -024 -023 +083 -062 -006 -083 +042 -015 +003 -062 -084 -033 +013 -008 +004 +042 +082 +086 +015
+064 -088 -058 +006 -023 -010 +001 +081 -075 +084 +013 -081 +088 +038 -043 +041 -040 +042 +075 +074 +044 +037 -045 +078 +010 +085 -064 -022 +014 -082 +043 -002 +018 +067 +062 -006 -070 -036 +057 -063 +017 -016 -046 +022 +060 +040 -028 -008 -048 -044 +066 -056 -031 -015 +043 +014 +046 -016 +007 +056 +058 +006 -035 -035 +085 -047
+062 +043 +077 +005 +003 +053 -012 +003 +014 +043 +002 -060 +036 -026 -053 -023 +011 +035 -083 -005 +011 -043 -047 +016 +012 +062 -063 -014 +020 +056 +087 -000 +000 +024 +018 +010 -073 -012 +030 -022 +072 -070 -016 -050 +073 -088 +072 +047 -070 +023 +041 +007 +005 -076 +053 -068 -072 +017 -073 +056 +053 +064 -001 +074 -003 +038
-030 -070 -041 +020 +052 -081 -020 -023 +053 +071 +000 +040 +017 +001 -060 +066 -030 +058 +053 -018 -010 -088 +043 -051 +007 -024 -048 +055 -084 -015 -013 -064 -034 -034 -077 +081 -016 +080 +087 -083 +043 +017 +038 -032 -012 +007 +047 +034 +027 +073 +048 -037 +062 -004 -064 -057 -017 -038 +037 -026 +006 -017 +005 -075 -057 -070
+061 +078 -035 -044 +002 +015 +034 -078 -014 -007 -081 +072 -045 -075 -078 -005 +030 +032 +040 +000 +044 +041 -082 +047 -006 -023 -055 -073 -050 -010 +080 +083 +068 -070 +033 -018 -074 +018 +057 +064 -004 -087 -060 -086 +046 -024 +068 +073 +007 -056 -003 -088 -081 -032 +030 +031 -062 +012 -031 -080 -037 -044 +028 -013 -017 -032
-027 +008 -021 +046 -016 -052 +056 -070 -087 -050 -077 -032 +084 +084 +003 -085 +055 +011 -036 -085 +077 +034 +063 +053 -062 -018 -082 +025 +030 +007 -014 +064 -084 -050 +022 +084 -002 -057 +044 -040 +083 +032 +045 -081 +048 -077 -070 -033 -011 +045 -086 -058 +087 +006 -068 +067 +087 -001 +068 -051 -032 +014 -015 +057 +023 -062
+062 +050 -067 +065 +025 +015 -022 +057 -042 +037 -057 -040 -006 +028 +043 +007 +074 -048 -037 -055 +075 -020 +027 +062 -024 +034 +056 -071 +045 +066 -056 -061 +000 +073 +013 +006 -002 -074 -041 -011 +068 +055 +064 +066 -064 -044 +076 -058 +073 +031 +030 +018 +065 -031 -001 -076 -003 -053 -060 -075 +064 +017 +000 +005 +047 -070
-052 +003 -034 -062 -066 -066 -008 -017 -034 -003 -071 +084 -003 -014 -031 +072 +041 +033 +042 +001 -057 +047 -065 +033 -076 -081 -073 +017 +087 -083 +043 +086 -016 +010 +088 -028 -021 -071 +051 +075 -058 -026 -048 +056 -005 -006 +085 +006 +015 +071 -002 +073 +027 +022 -012 -051 +027 -057 +013 -088 +022 -075 +070 -013 +051 -008
-061 +056 +057 -013 -058 -016 -044 +072 +082 -002 -055 +026 +077 +088 -081 +074 +014 +072 +011 +033 +081 +035 +032 +062 -035 -030 -004 -021 -088 +070 +060 +061 +040 -005 +057 +005 -087 -074 -034 -077 -050 +043 +080 +087 -085 -074 +032 +021 +028 +086 -076 +004 -068 -075 +028 -014 -033 +020 -031 +043 +082 -014 +063 +085 -002 +061
-031 +057 -042 -046 -010 +018 -048 -061 -020 +085 +073 +043 +084 -070 -032 -040 +076 -076 +036 +035 +053 +024 +053 -070 -025 -041 +065 -028 -067 +018 +076 +075 -031 -015 +065 -086 -045 +063 +034 -018 +022 -011 -065 -025 -084 -025 +053 +074 -057 -006 +047 -064 +005 -003 -023 +051 +081 +018 +063 -053 +076 +007 +063 +022 +031 +022
+008 +034 +031 -041 -021 -025 +005 +050 -023 -076 -038 -006 -052 -077 -005 +013 -024 -037 +024 -030 -037 -051 +044 +064 +008 +043 +015 +053 +046 +060 -058 +040 +074 +003 +008 +023 -026 +006 +085 +031 +012 -041 -042 -074 -027 -000 -006 +083 -030 -085 -054 +084 +018 -001 +010 +067 -040 -084 +003 -026 -083 -048 +045 -041 +088 -005
+047 -066 -023 +006 -044 -038 -060 +046 -018 -025 +022 +080 -032 -074 +004 -074 +056 -057 +025 +018 +012 -046 -064 -002 -033 -028 +044 -013 -042 +100 +027 -058 -063 -073 +080 +050 +068 -033 -063 +050 +080 +026 +081 -044 -001 +003 +047 -038 -072 -038 +032 +025 +040 +005 -003 -061 -063 -020 +063 -026 -035 +082 +028 -000 -036 -083
+003 +011 +074 +086 -031 -044 -067 -066 +005 +081 -075 +006 -053 -080 +076 -075 -038 +023 +000 +007 -013 -011 -036 +052 -060 +058 +023 +000 +018 -040 -008 +004 -074 -083 -088 -078 +066 -058 -084 +078 +026 +100 -071 -013 +055 -071 -033 -080 -083 -057 +042 -053 -051 +043 -035 -042 -082 -012 -015 -086 -062 -008 -022 +084 -075 -088
+001 +006 +074 -068 +036 -000 +016 -021 +023 +052 +024 -026 +035 +022 +023 -042 +066 +002 -063 -050 -077 +087 +068 +022 -076 +048 +011 -024 +030 +061 +074 -040 -030 +077 +076 +000 -052 -002 -075 +010 -034 +028 +037 +084 +072 -066 -072 -046 +065 -068 -048 -051 +011 +035 +018 +024 +038 -031 -065 -042 -035 -044 -005 -030 +007 -082
-033 -067 +040 -018 -058 +050 -034 +042 +007 -046 +048 +063 -080 -065 -031 +005 +040 +068 -072 +034 +042 +021 +056 -004 +062 +062 +024 +003 -014 +033 +087 +086 +033 -080 -028 -002 +038 +067 -034 +002 -011 +067 +038 -082 -042 -050 +046 +033 +022 -058 -080 -027 -075 -051 -081 -072 +001 -075 -026 +012 +008 +063 -026 -020 +062 +023
+012 +062 -004 -037 +055 +027 +016 -023 -023 +046 +035 -054 -040 +044 -085 +011 -083 +033 -026 +087 +072 +081 -027 -061 +083 +082 -081 -007 +075 +044 -066 -053 -032 -012 -000 +020 -027 -055 +062 -060 +061 +017 -001 +072 +058 +070 +024 -008 -074 +086 +088 -006 -044 +012 +053 -013 -048 +053 +054 -075 +080 -030 -038 +064 -041 +047
-050 -100 +012 -083 -047 -043 +053 +017 +082 +062 +087 -037 -046 -056 +018 -053 -044 +041 -053 -007 +064 +002 -060 +050 +000 +082 +023 +000 +037 -031 -057 +060 -004 +037 -084 +010 -012 -004 -035 +001 -008 -024 -038 -012 +041 -062 +051 +025 +022 +024 -055 +024 -044 -068 +002 -002 -052 -008 -063 -088 -001 -044 -072 -087 +025 -010
+058 -075 -085 -053 +043 -044 +016 +042 -061 +014 -077 +023 +065 -008 +051 +017 +047 -033 +058 +085 +073 -045 +077 -088 -054 -036 +006 +078 +013 +084 -026 -082 +002 +081 -056 +071 -007 +066 +058 +002 +007 +016 -034 +058 -083 -073 -051 -003 -020 +061 -087 -042 -063 +062 -060 +056 +035 -007 -086 +073 +005 +074 -022 -056 +066 +004
-010 -020 +070 -083 +072 -083 +083 +050 +047 -066 -002 +010 +030 +052 -003 -054 -050 -100 -010 +025 +062 -078 -040 +013 +041 +040 +063 -038 +061 +072 -010 +063 +058 +017 -037 -046 -078 +074 +027 +058 -038 +035 -064 +071 +064 -003 -033 -037 +035 +014 +058 +021 -066 +006 -063 +008 +042 -015 +036 -073 -014 -011 -086 -066 +061 +017
-082 -074 +036 +035 -012 +100 -066 +031 +004 +071 -054 +004 +030 -001 -076 +050 -064 +063 +022 +000 -071 +005 -035 +057 +062 +013 +063 +024 -078 -045 -055 -081 -003 +051 +040 -045 -052 +057 -048 +081 +036 -036 +007 +074 +081 +062 +050 -073 +081 -042 +082 +044 +011 +088 -022 -077 +015 +043 +052 -037 +084 -007 -040 +010 +070 +062
+002 +083 -015 +048 -076 -087 -056 -062 +077 +024 -021 +016 +067 +015 +074 -054 -071 +050 +027 -013 -008 +048 +060 -080 -054 -051 -007 -001 +060 +028 +018 +067 -002 +085 -056 -055 +050 -045 +056 +060 +024 +010 -054 -061 -000 -085 -062 -081 +028 +081 -034 -027 -081 -007 -066 -003 +100 -020 -028 +025 -071 +002 +077 +054 -086 -021
+022 -085 +065 -086 +054 +068 +083 -008 +023 +088 +063 -045 -077 -022 -038 -074 -037 -050 -031 -085 +026 +003 -022 -057 -048 +047 +066 -075 -031 -041 -004 +073 +022 -064 +043 -043 -005 +022 -040 +083 +038 -030 +035 -017 +088 -040 -070 +004 -052 -088 -042 -045 +062 +082 +057 -013 -006 -016 +026 +054 -052 +074 -083 -011 -071 -028
-014 +054 -018 +008 -080 -060 -022 -082 -070 -061 +045 -085 -087 -043 -015 +080 +034 -070 +022 +032 +060 -030 +033 +020 -005 +015 -064 -057 +012 +083 -071 -070 +026 -072 -053 +051 +087 +006 +037 +080 -080 +025 -055 -081 +075 +088 +031 +000 -027 +022 -007 -046 +062 +025 -035 -032 +004 +033 +081 -073 -082 -071 -080 -031 +011 -062
-066 -012 +061 -042 -063 +007 -048 -021 +066 +048 -038 -057 +050 -083 -031 -013 +088 -013 +014 +055 +018 -037 -064 +068 +065 +007 +038 +020 +062 +047 -070 -054 -080 +100 +056 -048 +012 -071 -050 -060 +024 +037 -076 -001 -081 -086 -004 +045 -084 +060 -043 -032 -082 +048 +055 -047 -034 -057 +100 +023 -053 +033 +012 -000 +040 -100
-078 +100 -050 +041 +015 -000 -017 +053 +082 -076 -073 -080 +087 -028 +033 -006 -030 -042 -040 +051 -032 +043 -056 -056 +047 +036 +085 -054 +026 +085 +042 +080 +051 +038 -052 -058 +058 +074 -012 +037 +007 +061 +060 -063 -062 -024 -041 -015 -020 +047 -002 +056 -030 -025 -044 -023 +014 +086 +006 +055 -008 +062 -021 -084 +021 +048
+044 +040 +024 +058 -065 -064 +036 -017 +023 -016 -061 -000 -056 +003 -013 +012 +053 -044 -068 +086 +084 +037 +035 +054 -061 +000 +046 -011 -038 -017 +042 +061 -064 -034 -088 +057 +006 -078 +082 -075 +042 +027 -008 -073 +035 -021 +011 -018 +063 -046 +072 -026 +004 -083 +050 +024 +056 +050 +064 -070 -037 -000 -003 -040 -051 +022
-000 -027 +035 +033 -012 +076 +034 +016 -000 -022 +023 +045 -035 -062 -017 +032 -083 -068 +018 +085 -023 +026 +023 -055 -014 +015 -042 -003 +021 +032 +075 -001 +048 +015 +043 -063 -087 +072 -003 -070 -022 +003 +044 +018 +040 +072 +085 -014 +033 -043 +028 -083 +043 +062 +005 +038 -086 +053 +055 -064 -001 +036 -071 +058 -084 +062
-022 -028 +060 -000 -065 +032 +010 -057 +007 -010 +047 -032 -067 +087 +037 +018 +012 -012 -055 -006 +035 +020 -015 -021 -024 +033 -076 +077 -071 -081 +017 -002 +022 -023 -040 -003 +017 +010 +071 +065 +046 -037 -015 +058 -024 +022 +057 -002 +034 +034 +054 -051 -077 +007 -055 -005 +013 -042 -028 +017 +027 -050 +000 +040 -083 +021
+054 +035 -014 +064 -004 +033 -012 -084 +033 +065 +065 +002 -000 -053 -075 +034 -045 +048 -060 -046 +072 -011 +016 -073 -030 +075 +032 +035 -058 -047 +054 -051 +036 -001 -042 -005 +046 -046 -047 -047 +007 +057 +078 -066 -061 -048 -006 -025 -060 +070 -015 +055 +080 -062 -044 +016 +015 +086 +038 -048 -082 +073 +012 +081 +047 -054
+038 +036 +022 +000 +082 +025 +004 +100 -027 +041 -043 -070 -020 +043 -023 +018 +083 -013 +065 +084 +022 +044 +014 +040 +043 +044 -001 +037 -023 -054 +084 +071 -031 +007 -027 -033 -075 -071 +084 -087 -052 -015 +023 -035 +048 +060 +034 +033 -068 -047 -057 -067 -001 -075 -081 +022 +068 +071 -001 +026 -053 -071 +026 -054 -082 -016
+001 +050 -058 +043 -086 +014 +040 +055 -033 +086 +034 -046 +001 -081 +053 +018 -083 -077 -071 -020 +082 -007 +036 -084 +087 -086 +056 -007 +086 -016 -024 +001 +078 +016 +084 -088 -067 +015 -001 -050 +083 +077 -016 +051 -040 -056 +043 +020 +078 +045 +064 -052 -010 -046 -038 +075 +045 +086 -065 -070 -078 -002 +073 -005 -004 +066
-051 -083 -084 +038 +018 -038 -061 +021 +007 -026 -021 +083 -020 +034 +007 -070 +057 +027 +014 +020 -002 -051 -034 +081 -034 -084 -027 +082 -027 +085 -072 -076 +040 +071 +047 -004 +070 -077 -013 -006 -005 -087 -063 +046 +053 +011 +050 +015 -088 +067 -034 +005 -033 -012 +076 +088 +028 +016 -012 -038 -014 +012 -018 -058 +035 -054
-016 +072 +077 +056 +016 +036 -026 +047 +043 -080 -014 -026 -003 +001 +002 +003 +034 -012 -073 +050 -033 +063 +004 -010 +024 -083 +086 -072 -048 -041 +022 -011 -083 +055 -034 +001 -014 -083 -058 -084 +086 +004 -053 +014 +040 +043 -020 +028 +001 -078 +003 +081 +024 -076 -040 +067 +004 +087 -018 +088 -018 -020 -066 -003 -087 -077
+077 +055 +027 +084 +004 +007 -018 +006 +066 +041 +037 +051 -015 -048 +033 -032 -007 -015 +075 +024 -011 -073 -061 -067 -066 -026 +050 -065 -015 +078 +002 +076 +013 +063 -040 +038 +054 -073 -007 -015 +072 +042 +086 +063 -013 -008 +047 +043 -052 -058 +072 -084 -007 +077 +003 +054 -000 -045 -042 +003 +070 -085 -046 +030 -044 +026
-056 +075 -085 +075 -012 -043 -056 +067 +072 -035 +062 +084 +088 -053 +082 -015 -056 +078 -004 +007 +018 -024 +008 +068 +081 +045 -005 -011 +000 -060 -057 -003 +056 -000 +068 +005 +100 +072 +007 -005 -052 +055 -000 -070 +082 +067 -086 -076 +001 +016 -011 +076 -015 +045 +051 +051 -054 -076 -006 +026 -011 -073 +071 -074 +011 +086
-008 -030 +012 +026 -071 -053 -055 +064 +044 +036 +083 -070 -083 -003 +033 +007 +024 +074 -074 +033 +052 +013 -002 +077 +017 +088 +024 +015 -014 +000 -067 -052 -066 +083 -051 -016 +060 -046 +078 -011 -037 +060 -051 -035 +040 +047 -010 -063 +030 +031 -010 +022 -046 -086 +060 +003 -022 +035 -084 -081 -053 -012 +085 +076 -077 -031
+051 +072 -011 -050 -022 +048 -040 +058 -038 -071 -058 -038 -073 +030 -027 -045 -017 -078 -042 -027 -077 +031 -075 -000 -081 -026 -026 +004 -007 +013 -016 -022 +061 +086 +021 +022 +012 +072 +050 -067 +061 -100 -030 -087 +066 -037 +041 -064 +072 -036 +047 -001 +074 +030 +068 -081 +056 -026 -004 +030 +078 -010 -005 +066 +030 -054
-073 +021 +078 -066 -074 +062 -017 -056 +033 +073 -024 +068 +003 -014 -002 -055 +006 -045 +075 +043 +042 +025 +000 +053 -015 +074 -025 -064 +022 +052 +036 -056 -057 +021 +022 +050 +007 +053 +068 +071 +061 -088 +018 -027 -000 -025 -017 -046 +021 -051 -024 -082 +066 +007 -020 -074 -010 +064 -046 +044 +080 -056 +057 +031 -044 -068
-072 -073 -054 -001 +063 -070 +030 +070 -004 -067 +050 -083 +005 +047 +067 -012 -061 +081 +002 +038 -013 -003 -016 +072 +044 +002 -021 +063 +028 +072 +038 +061 -041 +002 +030 -080 +081 -056 +018 -067 +058 +053 +036 +042 +071 -033 -054 +070 -003 +084 +050 -007 +035 -064 +062 +074 +035 +000 +063 -084 -041 -061 -023 -070 -001 +047
+050 +072 +002 -017 -024 +020 +020 +044 -080 -017 +042 +006 +073 -068 +006 +044 -022 +013 +046 -064 -012 -085 +068 -068 -086 -051 +017 +065 -065 +085 +043 -048 -043 +047 -045 -048 -068 -074 -061 +041 +066 -011 +034 +036 +028 -031 -010 +045 -051 +004 +003 -052 -018 +012 -002 -023 -007 -060 -064 -001 -058 +057 +033 -026 +033 -040
+048 -034 -030 -076 -001 +053 -028 +044 -008 +013 +072 -035 +023 -078 -001 -052 -033 +042 +050 -066 +080 +057 +053 -018 +022 +066 +070 -002 -008 -003 -023 -043 +017 -045 -072 +085 -036 -071 -040 +006 +061 +011 +040 +081 -050 +013 -005 +010 -085 -050 +000 -080 -044 -023 -082 +027 +028 -057 -076 -015 +003 -062 -016 +013 -053 +048
-083 +030 +061 -014 -052 -076 -031 -088 -057 +016 +058 +036 -100 -030 -018 -050 +075 +054 +081 -000 -016 +082 -038 -060 +034 -046 -081 +077 -078 +047 -058 +062 +007 -054 +065 +014 -000 -044 -080 +043 +084 -035 -040 -015 +081 -043 -024 -004 +018 +084 -063 -028 -050 +081 +068 +076 -076 -044 -001 -011 +015 +060 +081 -016 +038 +065
+085 -021 -074 -082 +007 +078 -078 +052 +045 -057 -100 -024 +004 -023 +066 +050 -031 -035 -003 -043 -024 -023 -046 -030 -024 -023 -000 +032 +016 -033 -037 -025 -012 +031 +012 +045 +023 +004 -073 +047 -083 -080 +071 -073 +088 +026 -071 -050 +074 +046 -032 +081 +065 -030 -081 +032 +058 +027 +035 +080 -035 +076 +016 +074 -011 -041
-075 +026 -075 -086 +020 -008 +078 -052 -053 +067 +022 -082 +032 -043 +060 +042 -050 +000 -032 -042 +027 -015 -077 +082 +064 -064 +030 -017 -051 +056 -071 +087 +013 -018 +004 +008 +025 -045 +083 +045 -066 +045 -065 -076 -008 +044 -073 -063 +001 +085 -083 -054 -100 -054 -042 -024 -050 +023 +028 -080 +060 -053 -041 -046 +007 -080
+021 -031 -081 +055 +077 +060 +075 +036 +015 +012 -050 +088 -017 -036 +081 -060 -075 -026 +047 +023 -024 -055 -024 +037 +058 -017 +083 -042 +056 -001 +050 -026 +007 +008 +018 +055 -041 +042 +087 -088 +080 -018 -010 +044 +020 -044 +011 +010 -067 -016 +010 +026 -062 +061 -085 -047 +051 +084 +000 +002 +046 +058 +045 +008 +073 +054
-025 -070 -000 -055 -080 +010 +076 -071 +081 +076 -057 +041 -064 -075 -033 -030 +033 +021 +067 +052 -000 -026 +064 -078 -011 -082 -024 -015 -070 +047 +070 +054 -025 +070 -027 -003 +065 -012 +066 -033 -023 +027 +044 -052 +040 +023 +068 -037 +053 +078 +020 -065 -068 -056 +072 -048 -007 +075 -048 +061 -062 -082 -044 +076 -066 -043
+048 +022 -056 -082 +083 -004 +004 +014 -086 +071 +031 +030 +010 -028 -062 -046 +083 +004 -063 -007 +032 -023 +027 -064 -100 -012 -075 -020 +028 +011 -054 +077 -055 +026 +020 -034 +085 -047 +000 +047 -047 -004 -052 -070 +046 -058 +075 -030 +065 +046 -080 -084 +061 -033 +008 +083 -026 -036 -012 -017 +046 -015 +011 +058 +007 -031
-072 -067 +051 -066 -036 -008 -017 +063 +013 -057 +078 -022 -085 -060 -078 -083 +011 -036 +068 +008 +060 +054 -042 -044 +073 +048 +018 -032 +058 +080 +084 -051 +073 +051 +046 +066 -043 -044 +041 -010 +078 -083 +051 +053 +030 -047 +008 +058 +064 +055 +030 +008 +064 -068 -005 +073 +082 -082 -012 -062 +043 -041 -074 +035 -080 +026
+003 +034 -055 +070 +005 -061 +004 +082 -026 -073 +001 +047 +054 +000 -010 -078 -020 -067 -077 -050 +001 -041 +054 -021 -052 +070 -054 +051 -046 +026 -025 +002 -025 +087 -073 -063 +018 -011 -071 -077 -007 -037 +031 -027 +063 +045 -070 +084 -087 +052 +058 -058 -012 -085 -084 -085 +026 +017 +035 +016 +033 -020 +028 -020 +063 +025
+055 -047 +055 +078 +020 -083 -013 +081 +072 -050 -012 +088 -048 -001 -018 +030 +022 -038 -034 +070 +020 +070 -018 -054 -055 +070 +060 -013 -013 +048 -075 +081 -043 -003 -074 +008 -051 +030 -070 -026 +075 +057 -083 -088 +032 +035 +051 +046 -062 +062 -043 +061 -070 +088 +045 +028 +018 -045 -070 -072 +073 -046 +088 -040 +033 +025
+047 +060 -044 -056 +003 -033 -084 -018 -055 +042 +028 +028 +002 +031 -073 -006 +006 +034 +025 +084 +076 -042 +012 -078 -045 -087 +001 -086 -017 +025 -041 -000 -032 -060 +034 -003 +072 -070 -020 +022 +083 -023 +025 +040 +002 -085 +078 -087 -007 +020 -012 -025 +003 -056 -062 -035 +041 +085 +028 +054 -063 +041 +020 +053 +058 -053
-027 +045 -078 +013 -051 +001 -036 -030 +023 +026 -040 +083 +004 +077 +001 +073 +001 -002 +074 +056 -003 +027 +023 -071 +018 +011 +038 +016 -042 +035 -016 +068 -058 +036 -044 -085 -082 +072 +086 +006 +034 -037 +005 +087 -077 -054 -064 +064 -007 +003 -027 -011 -087 -024 +078 +054 -075 -067 +028 +042 -023 +033 -081 -044 -062 -001
+011 +025 +012 -062 -083 -051 -000 -021 -053 -025 +073 +082 -075 +053 +085 +018 -076 +017 +076 +066 -012 +066 +003 -011 -016 -020 -057 -031 -015 -045 +005 -011 +020 +100 -016 +014 +065 -036 +000 -072 -013 -060 -075 -047 -021 -065 +066 -014 -010 -086 +075 -073 -021 +040 -068 +007 +081 +026 +071 +015 +003 -044 -081 -038 +023 +032
-061 +047 -054 +027 +058 -088 -028 +034 +030 -075 +031 -043 +080 -045 -057 -040 +055 -061 +027 -036 +060 -081 -015 -033 +006 +064 +066 -067 +041 +014 -042 -065 -085 +023 -076 +042 +068 -027 -026 -037 -072 +000 -048 -036 -007 +052 +045 -008 -047 +062 -012 -042 +052 +058 +078 +067 +078 -085 +007 -022 -015 +066 -012 +046 -072 +056
+025 -062 -087 -043 +066 +021 -030 -068 +046 -011 +027 +037 +030 +075 +041 +001 +074 -086 -088 +032 +006 -066 -088 -030 -088 -087 +085 -000 -057 +003 -036 +044 -064 -036 -080 +066 -003 -067 -047 -028 -006 +001 +018 +016 +021 -046 +036 -073 +005 +021 -014 +062 -068 +088 +021 +067 +047 +014 -040 -008 +014 -060 +076 +052 -027 +071
-040 +024 +031 +087 +014 -045 -074 -033 +077 +057 -028 -048 +076 -040 -060 +050 +081 -044 -004 +065 -062 -058 -000 -085 -057 -040 -054 -010 -027 -016 -071 +046 -070 +010 -036 -024 +062 -027 +057 +007 +045 +055 +010 -021 +028 +082 -042 -044 +047 -038 -064 +050 +037 +033 -006 -022 +037 +076 -005 -085 +002 -074 +025 +065 -020 +041
-074 +056 -026 -017 -051 +032 +086 -003 +057 +061 +046 -003 -054 -060 +003 -000 -073 +004 -012 -062 -002 -074 +085 +066 -014 +001 +048 +058 -054 +021 -058 +042 +035 -021 -005 +063 +002 +042 +021 +100 +004 -022 -071 +070 +053 -056 +014 +000 -030 -083 -004 +027 -018 -046 -043 -024 -015 -067 -086 +010 -052 +077 +042 -076 +016 +017
+087 +030 +017 -048 -068 +052 +006 +051 +014 -052 +034 -007 -074 -081 -066 -062 -085 +022 -033 +073 -084 +076 -042 -030 +032 +044 -055 +083 +086 -064 +028 -035 +005 -062 -032 +003 -046 +038 +014 -013 -030 -040 -038 +054 -068 +067 +036 +054 -058 -020 -016 +045 +008 +054 -086 +054 -071 +047 -024 -024 +070 -003 -010 +007 +037 +005
-002 +070 -016 -052 +026 -042 +047 -024 +011 -016 +033 +048 -016 -066 -008 -071 -088 -018 -032 -025 -073 -034 -051 -013 -020 -001 +071 +020 -030 -016 +075 +018 +021 +020 -067 -027 -085 -038 +041 +084 -018 +021 -030 -073 -074 -031 -055 -062 +017 -074 +061 -064 +075 -021 +055 +072 -078 -085 -085 +034 -011 +082 -082 +036 +032 -060
-044 -016 +083 -007 +068 -067 +007 -007 +075 -038 -022 +030 +007 -056 -035 +063 -074 -031 +033 -064 +006 -013 +012 -077 -074 -011 +043 +061 -034 -074 -048 +080 -067 +005 +055 -021 -055 +002 +022 -012 -077 +037 +046 +056 -048 +024 +075 +058 +073 +018 +006 +025 -006 +053 -063 -070 +083 +050 +076 -061 -086 +062 +081 -086 -067 +002
-057 -082 +087 +023 -050 -004 +054 -045 -007 +008 +018 +001 -023 +070 +014 -014 +051 +065 +085 -088 -018 +018 +070 +070 -061 +043 +031 -072 -038 -064 -054 -052 -042 -007 -021 +050 -070 -004 -086 +062 -022 +070 +020 -028 -057 -076 +014 +008 -072 -015 +044 +016 +046 +050 -024 +053 -063 +078 -073 -006 -052 -058 +086 +065 +063 -024
-057 +033 -000 +065 -006 +006 +036 -006 -076 -041 -054 -003 -087 -088 -073 -047 +002 -082 +075 -045 +043 +053 +053 -050 +013 -081 +044 +058 +057 +068 +063 -030 -005 -008 -025 +025 -077 +025 +080 -073 -017 -100 -037 -075 +078 -034 +077 +015 -017 +055 +058 -001 +017 +053 +023 +083 -027 +037 -036 +061 -025 +017 -061 -023 -044 +047
+006 +046 -037 +012 -025 +034 +007 -003 +050 +080 -040 -055 -055 +088 -060 -046 -027 -040 -048 +087 +034 -052 -031 -006 -001 -042 +038 +062 +060 -031 -077 -048 -083 -003 +011 -015 +065 +011 +086 -053 -002 +068 -058 +044 -080 +087 -047 +077 +058 +042 -088 -061 -083 +077 -000 -068 -000 -063 -025 +068 +073 +033 +041 -080 -046 -022
-004 -066 -024 +013 +083 -065 +012 -053 +055 -062 +066 +085 -045 -088 -000 -055 -051 +060 +053 -062 +038 +100 +005 +042 +023 +055 -003 +056 -012 -027 -061 +088 +001 -005 +050 -041 -053 -015 -026 -041 +024 -053 -031 +005 -075 -028 +054 -070 -031 +016 +064 +046 -082 +011 +066 +052 -048 -035 -087 +081 -065 +088 +023 -045 -076 -068
+003 -066 +043 +043 -014 +053 -071 -082 -086 +035 +005 +042 -023 +100 +077 +074 -014 +023 -070 +053 -073 -034 -028 +007 -058 +027 -018 +086 +026 -043 -034 -011 +036 -086 -070 +016 +044 +076 +070 +046 +048 +033 -061 +077 -051 -082 -084 -024 -076 -051 -000 +008 -083 +025 -051 +057 -033 +016 -071 -055 +004 +000 +005 +025 -034 -032
-072 +041 -002 +017 +041 -055 -046 +037 +078 +000 +037 +022 +084 -004 +054 -076 -055 +043 +077 -037 +082 +088 +054 +043 -067 -061 -002 +063 +013 +031 +028 -077 +063 -003 -048 -038 -025 +065 -020 +057 -050 -023 -054 +058 -086 -033 -013 +064 +012 -053 -071 +063 +043 -075 -056 +042 -045 -050 -083 -053 +000 +015 +064 -058 -080 +034
-041 +028 +002 +018 +015 +026 +081 -081 +031 +025 +060 +075 -048 +024 +071 -016 -033 +023 +008 -067 -080 +051 +004 -010 +012 -011 +040 +050 +014 -027 +022 -052 +026 -001 +065 +012 -052 -005 +002 +015 +083 +080 +043 -075 +071 +100 -074 -003 +050 -071 +068 -051 -011 -026 +050 -016 -086 -044 -080 -052 +064 +086 +053 +056 -042 +056
