+080 -011 +001 +054 +007 -061 -056 +052 -034 +004 -020 +007 +067 +061 -060 +012 -022 -070 +007 +038 +077 -032 -000 -038 -075 -084 +030 -014 +066 -000 +061 +071 +004 -020 +004 +058 +060 +067 -071 +074 +027 +002 -030 -047 +020 +036 -018 +078 +037 -034 +004 -025 +053 -056 +006 +057 -017 +012 +042 -085 +022 -025 -062 -080 -008 +032 -005 -088 +058 +007 +026 +018 -021 -085 -088 +065 -052 -006 +062 -015 +051 -054 -025 +030 +088 +068 -001 +048 -040 -060 +018 +024 +048 +018 +040
-038 -027 -048 -006 -060 +001 +028 +017 -065 -046 +058 +025 -067 -034 -055 -007 +086 -051 +051 -035 +050 -086 +085 +060 +063 +030 -018 +054 +000 -010 +061 +061 +033 +046 +053 +082 -020 +012 +077 -074 -081 -071 -013 +077 -088 +067 +062 +032 +040 -022 +063 +022 +018 +046 +001 -013 -073 +077 -082 +051 +005 +024 -063 +035 -008 -055 -034 -080 -076 +070 -013 +032 -011 +084 -072 -067 -042 +081 +067 -067 +027 -001 -058 +040 +046 -041 -002 -056 +047 -044 +027 -074 +060 +061 +054
+071 +052 -047 +025 +077 +042 -068 +032 +011 -016 +004 -051 +041 +038 -057 +016 +042 -016 -018 -006 -034 -014 +075 +058 +010 -080 -077 -058 -066 +025 +068 -042 -035 +070 -023 +078 +034 +055 -070 -062 +038 -078 -017 -010 -064 +070 -023 +087 +043 -020 -054 +044 -048 -002 -021 -018 -073 -048 +017 -073 -000 -087 -100 +083 +078 -000 +031 +056 -015 +061 -043 -003 -015 -081 +032 +078 +066 +073 -070 +055 +064 -043 -048 -020 +018 -066 -074 +021 -056 -077 -020 +024 -031 -030 +000
+030 -046 +033 +013 -001 -063 +088 +086 -021 -076 -020 -071 +047 +000 +008 -038 -035 +052 -085 -026 -036 +073 +085 -043 +077 -021 -041 -044 +035 +071 -077 +002 -065 +048 -086 -021 -075 -055 +061 -086 -065 +041 -083 -011 +006 -073 -014 +060 -013 -085 -027 -002 -017 +086 -000 -017 -003 +068 -070 +046 +075 -004 +011 +081 +018 -037 -022 +076 -063 -024 -004 +048 -065 +011 -051 +061 +001 -022 -080 -033 -028 +031 -020 +066 -066 +037 -080 -050 +045 -017 +061 -004 +014 -052 +022
+087 -043 -064 +084 -008 +018 +016 +011 -080 -082 +045 -031 -083 +037 +022 -003 +077 +006 -022 +005 +036 -024 -052 -033 +072 -017 -072 +045 -065 -016 -086 -062 -064 -006 -005 -014 +075 -076 +016 +008 -044 -025 -031 +024 +081 -006 +001 -027 -045 -005 -063 +020 -038 -043 +042 +036 -056 -053 -042 +077 +042 -018 -085 -010 +084 -032 +078 -024 +046 -015 +060 -008 +028 +044 -071 +007 +012 +042 +071 +067 +006 +063 +052 +034 +064 -001 +065 +041 +002 +087 +054 -058 +050 +054 +041
+058 -076 -036 -020 -087 +082 +053 -037 -047 +072 -061 +078 -056 -005 +100 +001 -075 +000 +066 -086 +042 +022 -068 -087 +026 +043 -051 -042 -066 +026 +026 -061 -020 -046 -061 -021 +056 -035 +034 -007 +052 +081 +085 +058 +040 -057 -056 +045 +010 +000 -067 +072 -062 +050 +031 +007 +081 +000 -074 +013 -045 +018 -012 +081 +067 -085 +044 +025 -026 -061 -007 -056 -042 +001 +024 +034 +035 -070 +035 -018 -023 +022 +014 -014 -014 +057 -006 +071 -077 +050 -056 -016 +012 -086 -040
+040 +081 -074 -033 -032 +004 +038 -025 -086 -057 +073 +062 -027 -070 +088 +011 +010 +074 -075 +082 -048 +082 +005 -041 +023 -040 +060 +083 -074 +044 -005 -033 +065 -048 -088 +086 -036 -088 +058 -058 -062 -038 +003 +046 -005 +048 -027 +027 -046 -088 +046 -026 +082 -061 -018 -022 +027 -068 +072 +037 -020 -026 +064 +048 +054 +062 -052 +056 -067 +077 -064 +071 +081 +046 +020 -048 +058 +033 +010 +087 +018 -046 -056 -080 +024 -005 -061 -063 +078 +042 +057 +053 -067 -016 -027
+027 -028 -056 -062 +030 +031 -075 -017 -001 +072 +064 +081 -012 -073 +045 -073 +075 -056 +081 +035 +062 +074 +083 +076 +063 -050 -002 -071 +033 +012 +060 +012 -005 -083 -087 -054 +000 +011 +035 -052 -053 +083 +017 +026 -012 +002 -012 -026 -088 -047 -013 +003 +011 -041 -075 +031 +040 +087 +000 -061 +037 +065 -033 -034 -075 -084 +036 +017 +082 -003 +031 -084 -004 -016 -042 -065 +053 +043 +015 +058 -063 +087 +001 +046 -057 -048 +014 +076 -082 +085 +038 -025 -028 -064 +017
-086 +017 -017 -084 -061 -056 -062 -047 +043 -073 -078 -046 -001 +003 +036 +048 +086 -026 -067 -011 +010 +021 +016 +063 +065 -006 +074 -028 -083 +088 +077 -052 +100 +068 -010 +064 +014 -014 +005 +002 +077 -063 +057 +070 -078 -008 +031 -033 +042 -071 -071 -023 -017 -088 +050 -020 -015 -006 -065 -037 +042 -001 -055 +086 +017 -020 +020 -064 -012 +011 -036 -060 +026 -044 -075 -053 -074 +008 +012 -026 -072 +002 -048 +087 -024 +051 -055 +078 +033 +031 +065 +053 -016 -014 -057
-012 +082 -010 +035 -006 -088 -030 -050 +027 +068 +037 -084 -026 +001 -064 +011 +071 +054 +088 -015 -051 -036 +037 -012 +018 -006 -046 +085 +023 +053 -058 +066 +067 -016 -025 +082 +038 -078 +033 +017 +027 -053 +087 -015 +022 +050 -026 -073 -040 -100 +067 +062 +047 +054 +016 -042 +022 +033 +067 +012 -053 +028 -071 -060 +058 -086 -073 +036 -028 +084 -044 -072 -062 -063 +012 +054 -007 +008 +005 -005 +024 -030 -054 +031 +053 -015 -068 -056 +027 +005 +045 +027 +047 +003 +006
-075 -061 -026 +066 +036 +075 +007 -070 +085 +035 +085 +085 -012 -048 +075 +065 -053 -006 -068 -005 +041 +008 -017 -087 -002 -020 -067 +024 +100 -051 -088 -010 +060 -075 -044 +016 -034 +006 -067 +075 +004 -057 -021 -033 -084 -080 -004 -047 +014 +075 -000 -001 -010 -020 +042 -038 -013 +066 -014 +018 +042 -077 +041 +086 +038 +037 -062 -006 -055 +004 -062 -033 +085 +072 -043 -054 +011 -068 +081 +030 +021 -000 +012 -026 +023 -046 -051 +040 +036 +061 -035 -043 +064 +048 +040
+086 -071 -032 -034 -055 -062 +100 -081 -045 -075 -068 -085 +075 +085 +028 -010 +075 -075 +084 -077 -085 -026 -082 +027 -057 +061 -033 +031 +081 -058 -034 -100 +002 +054 -038 +023 -035 -018 -063 +047 +054 +058 +086 +031 -066 +028 +026 -016 -084 -022 -021 +044 +031 +053 -067 -086 +065 -048 +055 -087 -020 -017 +066 -074 -042 +026 -075 +076 +017 +013 +067 -100 -041 +083 +036 +056 -088 +053 +033 +066 -058 +012 -014 -034 +051 -071 +081 +065 +042 +053 -024 +063 +000 -005 -077
-014 +073 -033 +015 +100 -050 -015 -024 -013 -065 +052 -074 -005 +076 -048 +054 -076 +054 +021 +050 -043 -040 +076 +034 +071 +073 +000 +045 +067 +068 -035 +036 +061 -015 +080 -014 +005 +054 +070 -030 -027 -062 +056 +076 +085 -065 +002 +081 +020 +020 +057 +041 +081 -073 +045 -041 -046 -037 -040 -086 -005 -025 -054 -020 +085 +011 +006 +068 +044 -034 +068 +077 +045 +063 -076 -003 -072 +060 -041 +062 +048 -070 -084 -068 -023 +066 +048 +068 +078 +076 -056 -021 -065 +051 -051
-042 +033 -038 -056 -087 -053 -082 +034 +058 -016 +100 +018 +057 -045 +026 +003 +082 -018 -007 -082 +075 -050 +015 -088 -047 -015 -001 -036 +010 +034 +033 -050 -050 +004 +027 +004 -018 -074 -080 +045 -040 +063 -076 -047 +003 -015 +060 -081 -072 -062 -054 +067 -064 -087 -085 -025 -077 -045 +057 -050 +030 -071 +044 -054 -052 -027 +016 +056 +017 +058 +000 +033 +087 -080 -080 -083 +020 -045 +072 +028 -050 -084 -037 -053 +057 -028 -057 +045 +030 -052 -080 -084 -062 +000 -065
-061 +050 +031 -053 +034 -087 +058 -073 -044 +080 -023 +027 -043 +083 -023 -057 +060 -046 +026 -072 +031 -100 +043 +018 +020 +071 -035 -054 +021 +083 -013 -021 -084 -014 -083 -054 -045 -063 +076 +010 +087 -018 -057 -021 +027 -087 +064 +025 +010 +060 -040 +014 +084 -005 +004 -080 +067 -051 -037 +054 +012 +088 +086 -027 -036 -046 -077 +021 +022 -060 +045 +046 -035 +057 -041 +065 +057 +030 -087 +061 -007 +014 -065 -043 -068 -037 -050 -073 +077 -006 +056 -078 -014 -052 +082
-024 +050 +026 +087 -066 +055 +011 -087 +051 +071 -010 +031 +047 +020 -061 -035 +046 +082 -071 -012 -085 -012 +028 +073 +042 +001 -028 -081 +085 -021 +082 +074 +050 +015 -051 -014 +070 -047 -071 +053 +071 +086 -034 -024 -027 -004 +037 +066 -004 -007 -004 -053 -055 -015 +074 -044 +052 +015 -082 +034 -016 +060 +004 +072 +013 -022 +088 +082 -047 +001 +040 +042 -035 -053 -014 -007 -054 +015 +085 +062 -017 -077 -066 +036 +060 -037 +011 -075 +007 +085 -043 +007 -024 +076 +026
+057 -003 -056 -010 +068 +028 +070 +050 +080 -008 +075 +030 +037 +063 -055 -020 -012 +021 +081 +060 -078 -004 -013 -021 +011 +043 +022 +000 +027 +030 +034 +023 +043 +087 +021 +080 -078 -048 -025 +004 -063 -023 -062 +016 -006 -022 +024 +053 -050 -028 +008 -038 -081 +051 +058 -048 +000 -080 -027 +063 +085 -082 -052 +030 +071 +054 -057 +082 -037 +072 +063 -088 -006 +046 -070 +056 +078 -063 +043 +054 -046 -006 -045 +020 -027 -038 -037 +056 +060 +064 -051 -055 -068 +060 -067
-042 +081 -073 +073 -081 +005 -014 -047 +068 -006 +057 -033 -080 +078 +000 +042 +081 +077 +054 +016 -058 -021 +080 -043 +074 +056 -008 +088 +002 -022 +011 +045 +003 -044 +052 -062 +026 +004 +081 +053 +034 -087 +053 -072 +030 +003 -018 +026 +054 -063 +082 +046 +027 +000 -081 -028 -026 +038 +002 -083 -078 +007 +036 +003 -002 -053 -064 +016 -058 +044 -027 +000 +020 -085 -066 -035 +036 -068 +026 +082 -088 +085 +013 +022 -025 +006 -071 -046 -071 -027 -063 -008 +050 -084 -047
-026 -057 -077 -005 -071 -072 +026 +044 +024 +075 -005 +021 -030 +031 -046 -040 +074 -015 +001 +082 +073 -001 +085 -013 +076 +068 +004 +080 +076 +018 -040 +065 +054 -032 -083 +057 -044 -045 -060 -033 +066 +007 -028 +025 -044 +028 +038 +014 +006 +088 +061 +056 -050 +077 +018 +083 -026 -051 -010 -025 -027 -047 -085 -057 +055 -068 -045 +085 -068 +058 +014 +034 -006 -056 +057 -052 -010 -067 -037 +026 +072 -081 +062 -062 +065 -064 -037 +083 +044 -041 -022 -016 +065 -041 -075
+004 -022 -066 -056 -054 +063 -058 -051 +016 -071 -005 -034 -068 -053 +071 +032 -022 -050 -025 -065 -033 +088 -045 -057 +057 +001 -003 -086 +041 -041 +066 +042 -011 +001 +000 +006 -024 +014 -026 -034 +054 +075 +065 +006 +012 +031 -063 +077 -001 +008 +076 -037 +022 -033 -020 +077 -008 +050 +041 -075 -040 +087 -081 -087 +028 +005 +024 +067 -048 +061 +024 -068 -068 -074 +028 -006 +012 +045 +046 +041 +058 -072 +050 -084 +047 -046 -018 +083 +052 -074 -001 +078 +022 -077 -066
-003 +005 +035 -063 +045 +016 +047 +018 +071 -047 -007 +004 +052 -075 +070 +026 -030 -018 +041 +084 +062 +022 +077 +030 -007 -030 -007 -066 -071 +077 +073 -072 +086 -050 -074 +032 +058 -081 +004 +085 +065 +063 -084 -060 +042 -041 -032 +050 -023 -008 +087 +035 +065 -022 -043 +087 -041 +033 -041 +085 -075 +078 -000 -038 +006 +043 +036 -082 +054 -034 -084 +071 -057 +048 -005 +036 -050 -057 +084 -016 -065 -038 +011 +054 +061 +040 +013 -070 +013 -043 -075 -063 -073 +000 -008
-066 -018 +045 -052 +062 -052 -015 -028 +038 -042 -016 -084 +065 -061 -025 -072 -028 +004 +078 +076 -083 +073 -067 -072 -041 +024 -027 -040 +003 +057 +030 -051 +061 +077 -030 +017 +071 -011 +034 +017 +068 -054 -006 -028 +001 -061 -038 -005 -034 -087 -016 -012 -012 +046 +085 +058 +006 +087 +057 -067 +058 +007 +018 +044 +065 -025 +075 -062 +080 -058 -024 -025 +018 -071 +003 -006 -016 +004 +050 +057 +044 +041 +074 +055 -036 -011 +084 +052 -058 +077 -075 +013 -014 +080 +035
+020 -085 -026 +020 +041 -085 -005 +043 -046 +003 -061 +077 -022 -008 -070 +060 +001 +087 -073 -023 -002 +100 +084 -031 +047 +086 +025 -062 +001 -060 -003 +041 +058 -082 -051 -082 -088 -004 -018 -065 +050 +024 -036 -082 -025 +050 -076 -034 +057 -037 -037 -012 -033 -036 -041 -007 +005 +013 -062 -055 +076 -071 -072 +086 -066 -055 +032 +026 -047 -072 +006 -037 +000 -055 -028 +064 -018 +038 +033 +026 +012 +086 +041 +051 +086 -032 +006 +052 +037 +001 +054 -058 +025 +053 +065
+052 +078 -007 +034 -060 +058 -041 +081 +084 -054 -013 -035 +037 +078 -042 -004 -058 -028 -083 -040 -067 +053 -020 +082 -014 -063 -003 -032 +100 +012 -015 -053 +023 -043 +000 -072 +024 +074 -018 +044 -034 -067 -006 +026 -022 -030 +062 +068 +030 +027 -080 +078 +000 +041 +080 -056 +077 +020 +058 -003 +077 +032 -030 -087 +036 +024 +077 +035 -061 -047 +006 +058 +008 +032 -030 -046 -011 +083 +018 +076 +066 -011 +022 +027 -081 +006 -048 -070 -024 +001 +032 +003 -077 +007 -014
+066 +067 -026 +045 +083 +084 +040 -066 +082 -035 -085 +004 +080 -077 -002 -067 -005 -053 +075 -027 -001 +007 +040 -048 +084 -023 -007 +002 -040 -014 -085 +043 +002 +062 +084 -088 +043 -075 -025 +074 -047 +040 +063 -016 -015 +057 -085 +024 -076 +011 -077 -008 -050 -061 +083 -021 -038 +014 -036 -044 -060 +081 -075 +058 +038 -055 -020 +024 +046 +021 +001 -025 +016 -016 -053 -087 -011 -021 -072 +038 -082 +017 +076 -074 -056 +007 -066 +001 +006 -001 +005 +047 +050 +075 +064
-006 +040 +014 +042 +018 +006 -067 -033 -003 -052 -065 +041 +044 -062 +073 -051 -033 +066 +073 +020 +034 +000 +065 -080 -040 -010 -088 +048 +025 +051 +040 -004 +022 -014 +067 -008 +052 +081 -082 +036 -025 -001 +016 -081 -034 -000 +036 -066 +068 +016 -073 -086 -040 -014 +055 -002 -056 -014 +008 +088 +023 -034 -070 +006 +043 -054 -015 -040 +045 +057 +011 +041 +036 -058 +014 -004 +052 +011 +012 -065 +030 +076 -016 +038 +040 -045 +055 -012 -035 +028 -011 +032 +077 -052 +071
-068 -007 +000 +058 -088 -004 +063 +082 -043 +074 +047 +028 -078 -085 -033 -020 +076 -035 +047 -036 +040 -062 -077 +050 +051 -068 -032 +034 +085 -033 -002 -013 +016 +048 -005 -063 -053 +056 +015 +032 -004 -014 -068 -001 -023 +088 +037 +036 -084 +010 +025 +040 -027 +061 +080 +041 +053 +034 -045 +058 -067 +063 -003 -014 +044 -045 +036 +088 -085 -025 +042 -055 -087 +074 -038 +032 -082 +021 -026 -026 -061 +042 -066 +040 -083 -088 -048 +034 -010 +016 +055 -030 +082 +065 +008
-073 -048 -003 +035 +066 -035 -040 +032 +001 -034 +023 +083 -023 -045 +036 +064 -064 -000 -070 +076 -070 +050 -047 -058 +060 -024 -067 +074 -015 -064 -031 +008 +064 +036 -080 +036 -032 +070 +011 -038 -030 -014 -000 -031 +034 -051 +034 -076 +048 +014 +031 -024 -026 +055 +048 +051 +067 +076 +080 -002 -060 +073 -032 +016 -027 -068 +076 +065 +054 -021 +003 +031 +056 -013 -086 -076 +041 +024 +061 +088 +033 +064 +063 +062 +011 +072 -043 +063 +027 +018 -015 +077 +067 +073 +082
-023 +074 +027 -002 +026 -036 +058 -014 +021 -000 -041 +004 -040 -056 +071 +017 -063 +057 +070 +087 +044 +037 +002 -031 -050 -022 -007 -047 -016 +015 -022 +033 +010 -061 -024 +014 -082 +021 +002 +084 -047 -048 -076 -078 +004 -052 +075 -056 -048 -010 -078 +023 -042 +020 +040 -051 -010 +082 -036 -033 -035 -006 +085 -082 -071 +076 +031 -034 -046 -005 -048 -032 +001 -026 +053 -068 +080 +008 +034 +066 -017 +061 -052 -082 +075 +077 +041 +040 +005 +036 +088 +065 -082 -016 -054
+007 +051 -038 +042 +018 -030 +084 -022 +013 -086 +082 +022 +083 -020 +008 -030 -055 +022 -008 -052 -042 +067 -044 -008 -004 -000 +047 +027 -025 +058 -037 -001 -001 -087 +083 +071 +010 +024 -025 +022 +002 +008 +046 -013 -002 -042 -024 -015 -051 -044 -018 -002 +087 +021 -054 +067 -041 -088 +017 -041 -061 -008 +065 -022 +066 +083 -010 -005 -044 -044 -000 -060 -073 +036 -044 +034 +037 -016 -051 -073 +035 +066 -081 -042 -075 +048 +081 -054 +046 -028 -011 +003 +067 +002 -030
+058 -001 +070 +078 -088 -026 -073 -088 -044 +072 -085 -027 +082 +032 +088 +075 +053 +021 +071 +011 -018 +082 -087 +024 -015 -063 -025 -001 -031 +050 +022 -002 +032 +061 -076 +045 +085 +042 +004 +047 -068 -083 +014 +063 -053 -017 -038 -077 +074 +044 +033 -037 -086 +087 +062 +054 +031 -076 -021 -003 -057 -044 -088 +024 -023 -030 +073 -037 +088 +041 +051 -037 -055 +068 +100 +018 -082 -021 +011 +074 -010 +064 +017 -000 -088 +011 -033 +002 -058 -072 +066 -026 -078 +027 +024
+022 +045 -070 +072 +057 -084 +038 -015 +014 -073 -003 -045 -020 -061 -087 +081 -077 -063 -054 -027 +022 +016 -031 +010 +026 +048 -077 +040 +035 -052 -050 +046 +017 +004 +067 -061 +017 +037 +050 +071 -080 +076 +044 +051 +047 -008 -003 +078 +014 -086 +044 +018 -064 -066 +086 +075 -086 +058 -068 -035 +000 -016 -001 -057 +055 -001 +054 +007 -027 -022 +002 +005 +065 -024 -006 -067 +016 -033 +033 +032 -048 +056 +085 -023 -003 +033 +085 +051 -050 +021 +081 +061 +046 +037 +022
+036 +058 +037 +070 +084 +073 +061 +017 +082 -052 +066 -042 +062 -004 +037 +032 +020 -077 -042 -048 -052 -025 -065 +027 +015 -066 -031 +026 -065 +020 +086 +008 -070 +083 +020 +072 -054 -005 +086 +066 -033 -020 -084 -054 +021 +081 +047 +008 -001 +022 -028 -057 +005 -078 +030 -003 -030 -043 -056 -018 +000 -038 +045 +054 -076 +062 -080 -087 +010 -023 -036 -018 +018 -085 +067 +023 +002 +060 +077 -026 -083 -027 +006 -082 +008 +004 -046 +026 -021 +034 +003 -078 -045 -073 -042
+006 -082 +082 +006 +035 +026 -007 +082 -026 -021 +051 +016 -055 +037 -052 -004 +010 -014 -046 +054 -021 +004 -055 -024 -051 +024 -035 +018 -074 +005 -023 +032 +036 +053 -018 -041 +000 +037 +003 +083 +080 +005 +060 -018 +021 +063 +036 -023 -060 +074 -022 -033 -035 -067 +050 -076 -082 +034 +026 +053 +006 +086 +085 +007 -020 -023 +044 +070 +018 +070 +066 -054 -027 +034 -067 -083 -027 +037 +027 +027 -014 +024 -000 +007 +040 +035 +013 +003 -071 +011 +010 -088 -021 -013 +050
-005 +075 +016 +081 +025 -072 +046 +051 +013 -056 -025 -088 -071 +064 +061 +043 +033 -036 +065 -025 +017 -045 -041 -060 +077 -001 +056 -075 +017 -025 -086 +015 +068 +034 +036 -030 +044 -046 -053 -036 -067 +068 +078 +081 -013 +043 -050 +086 -036 -037 +052 -002 +080 -081 -082 +037 -054 -058 +038 -062 +033 +002 +088 +012 +026 +045 +048 +061 -040 +035 -030 +042 -006 +054 +077 -034 +026 +024 -063 +058 -035 +076 -053 +066 -077 -028 +036 +017 -022 -037 +008 -025 -047 -014 +043
-053 +057 -028 -100 +038 +084 +003 +082 +070 +014 -045 +010 -033 -050 +056 +052 -063 -088 +033 -062 -007 +044 -007 -085 -076 -024 -085 +083 -068 -100 -042 -022 -026 -013 +067 +003 -030 -004 -015 -061 +016 -042 -048 +004 +061 +055 -016 +085 +050 -017 +035 -071 +045 -030 -022 -022 -037 -033 +005 -077 -023 -005 -063 -076 -008 +011 +031 +002 -042 -014 -076 -075 +005 +032 -025 +032 +037 +013 +076 -073 +078 -040 +044 +005 -021 +001 +066 +044 -022 -014 -063 +076 +010 -040 -011
-045 -014 -040 +062 +074 -057 -060 +087 -052 -057 -001 +057 -042 -017 +077 +084 +045 -080 +026 -086 +081 +071 -033 +070 +072 -076 -087 +007 -016 -028 +043 +042 -072 -005 -028 +040 +085 +048 -046 +006 -015 -001 -082 -073 -004 -043 -087 -046 -035 +073 -074 +043 -052 -050 -075 -013 +082 -044 +061 +081 +022 +008 -057 +086 -085 -042 +011 +050 -005 -067 +072 -026 -078 +071 +086 +034 -051 -050 -073 -000 -076 -024 -048 -017 +004 -084 +026 -013 +006 -080 +034 +072 +035 +072 -080
+067 -024 +010 -032 +008 -012 +028 -038 +047 -014 -012 -072 -077 -000 +010 +073 +042 -086 -068 -074 +075 -075 -080 +076 +030 -040 -021 -007 -025 -021 +081 +004 +001 -002 +070 +027 +022 -064 +023 -041 -083 -006 +065 +016 +064 +041 +024 -077 +064 -100 -035 +075 +007 -036 +086 -064 +085 +018 -082 -066 +066 +070 -004 +056 +032 -015 +017 -075 +004 +046 +084 +064 +047 +045 -023 +037 +032 +027 +071 -002 -004 +003 -080 -032 +006 +002 -025 -012 -002 -067 +025 -006 -010 +061 -056
+076 -076 -015 -041 +074 +008 -044 -040 +032 +020 -031 -017 -046 -014 +015 -085 +071 +038 -086 -087 -063 +065 +067 -055 +062 -000 -060 -075 -064 -004 +064 -052 -000 -087 -035 +051 +000 -050 +032 +058 -053 +014 -024 -045 -002 +023 -065 -010 -054 -024 -033 +006 +037 +043 -021 -021 +065 -016 -014 +018 -082 +044 -064 +056 +060 +015 +050 +065 +005 -062 -032 +037 -020 -023 +005 -034 -054 -061 +057 -088 -051 -015 +031 +047 +018 -015 -016 -007 -013 -033 -047 +087 -020 +074 +048
+032 -025 -075 -032 +002 +011 -088 -063 +037 +085 -054 -038 -002 +042 -083 -073 +038 -020 +017 -034 +051 +027 -060 +013 -052 +005 +058 -018 -026 +033 -041 +043 +007 +057 +072 +056 -015 +044 -037 +087 +038 +060 +012 +074 +036 -085 +062 +083 -053 +080 -058 -003 -013 +010 -065 -063 -050 -024 -018 +051 +066 -025 +006 +054 -071 +017 -030 +027 +006 +003 +068 +032 -048 +043 -056 -015 -042 +083 +085 -072 -033 -057 -081 +028 -044 +014 +040 -082 +052 -058 -082 -068 +001 +002 -024
+002 +053 -051 +032 -020 +042 -035 +066 +086 +032 +048 -055 +027 -005 -042 -061 -043 -077 -000 -086 -062 -015 -085 -073 +052 -081 +037 -032 -047 +003 -017 -028 -005 +076 +068 -077 +080 +006 +032 +015 +058 +014 +015 -048 +071 -088 -012 +070 +053 -084 -011 -013 -030 +070 -016 -048 +017 +061 +086 -018 +003 -047 +015 +055 +056 -031 -020 +061 +066 -081 -060 +072 -081 +072 -007 -056 -083 +037 -080 +034 -022 -017 +021 -078 +084 -082 -027 -005 +001 -031 -065 +042 +011 +077 -017
-022 -061 +010 -027 -024 +063 -034 +005 -031 -060 +058 +025 -074 -045 -086 -040 +046 +088 +013 -043 +060 +080 +087 -042 +086 -028 -011 -053 -080 -077 -036 -087 -055 -087 +027 +065 -056 +081 +033 +000 -015 -017 +073 -024 -058 -064 -010 +078 +036 -012 +058 +027 +037 +000 +028 -087 -020 +023 -087 +002 -023 -061 -056 +045 +056 +065 -076 +037 -044 -038 -078 -073 +073 +065 +052 +017 -015 +062 +033 -011 +038 -018 +065 +088 -060 -001 +023 -043 -055 +015 -046 +034 -067 +054 -085
-033 -050 +065 -020 -063 -004 +073 +017 +015 +006 +064 +076 -025 -060 +063 +077 -056 -083 +083 -055 +067 +082 -025 +027 +087 +015 -087 -044 +048 -084 -088 +060 +045 +073 -054 -007 -074 +084 +076 -074 -021 +047 +027 -072 -054 +004 +017 -080 +068 +042 +056 -052 -051 -053 +064 -023 +050 -047 +048 +027 -046 -027 -036 +076 -081 +021 +027 -100 +013 -082 +080 +037 -035 -042 -072 +072 -047 -072 +066 -067 -080 -023 +040 +053 +087 -066 +074 +015 +030 +015 -046 +017 +050 -052 +074
+058 +018 -023 -045 -023 -015 -076 -045 +067 +077 +077 -021 +062 +045 +032 +055 -082 -064 -024 +033 -058 -041 +047 -040 +071 -034 -074 -000 -034 -077 -002 -042 +051 -047 +032 +083 +033 -041 -052 -018 -064 +031 +006 -080 -032 -015 +015 +000 +014 -014 -041 -004 +081 +067 +048 +032 -015 -000 -053 +065 +045 -040 +076 +061 -085 -010 +016 -048 -057 -067 +034 +027 +008 +071 -026 +057 -018 +085 -080 +018 +018 +048 -066 +060 -045 +041 -021 -041 -055 -030 +067 +041 +006 -054 +037
-027 -086 -080 -083 -001 -040 -087 +080 +028 +018 +081 +075 +057 +037 +011 +030 -063 -006 +050 -053 +021 -023 -033 +044 +082 +020 +025 +008 +070 -070 -051 +021 +031 -004 -062 +086 -037 +060 +023 -054 +086 -016 -035 -040 +055 +073 -061 -052 -022 -061 -027 -034 +026 +070 +064 -080 +018 -057 -007 -011 +043 +041 -002 +037 -044 +050 -043 -076 +030 +007 -067 -027 -044 -017 -055 +100 -016 -033 +011 +086 -076 +081 -088 +037 -074 +021 +053 +042 +080 +065 -026 -055 +053 +067 +031
+085 -025 +027 +042 -010 +066 +051 -026 +018 -001 +032 +058 +034 +020 +057 -028 -031 +003 -024 +067 +008 -040 -050 -085 +000 +011 +023 +046 -022 -056 +028 +011 +001 -071 -077 -041 +074 -022 -014 -052 +045 +041 -020 -004 +015 +062 +008 -006 +024 +044 -054 +083 +087 -086 +000 -040 -016 -003 -013 -007 +086 -078 -007 -054 +054 -083 +088 +076 -087 -014 -021 -077 +001 -036 -040 -063 -033 +024 -082 -065 +066 +000 +014 -046 +017 -041 -002 +016 -008 +040 -024 -076 +068 +061 +046
-004 +087 -041 +024 +040 -071 -012 +084 -046 -071 -072 -080 -083 +054 +014 -040 -076 -014 +018 +057 +064 +030 -064 -080 -004 +071 +046 +051 +050 -016 -065 +003 +020 +077 +031 -078 +003 +031 -087 +008 -000 +028 -036 -081 -000 -081 -025 +040 +084 +038 -064 +064 -057 +024 +044 -048 +061 -037 -000 +037 -068 -078 -030 +055 +050 -038 +034 +074 -052 -021 -013 -004 +045 -055 -016 +016 -045 -035 +065 -026 +086 -053 -004 +018 +053 +066 +012 +074 -004 +023 -042 +100 -084 -086 -018
+046 +086 +064 -083 +068 -004 +026 +002 +045 +041 -060 +063 -034 -061 +050 +015 +073 +081 +023 +068 -017 -036 +078 -038 +061 +043 +024 +066 +028 -073 +045 +015 -005 -042 +014 +087 +061 -052 +030 -022 +040 +006 +011 -051 +000 +006 -031 -053 -087 -056 +047 +057 +015 -038 +007 +043 -051 -061 -058 -031 +022 +045 +014 -063 +082 +023 +028 +043 +054 +050 -037 +060 +043 +057 +078 +042 -020 +027 +035 +050 -088 +064 -084 +063 +026 -052 +078 +003 -058 -033 -033 -070 -017 +034 -051
-075 -013 +074 +008 -075 -006 -082 -034 +031 -072 -083 +006 +075 -058 -054 -006 -071 +074 +044 +032 +042 -001 +003 +057 -032 +020 -086 +063 -041 +022 -010 -085 -022 +044 +002 +014 -015 -043 -063 +045 +064 -040 +012 +022 +043 -046 -068 -038 -040 -036 -054 +067 +038 +005 +034 -016 -023 -065 +042 +048 +025 -032 -057 +006 +062 -053 -060 +038 -083 +050 -051 +015 -015 +046 +051 +068 +055 +031 -016 -061 -077 -072 -053 +013 +054 +026 -081 +036 -021 -027 +088 -000 -063 +036 -020
+043 -034 +035 -072 +077 -012 -062 +086 +031 -016 +012 +058 -063 -045 +018 -017 +084 +017 +072 +053 -080 +053 +066 +046 -003 -051 +031 +058 +032 +018 +005 -064 +054 +068 +040 +087 -030 -062 +056 +080 -032 +070 +010 +057 +056 +100 -082 -085 +002 -088 -046 +058 +082 -007 -066 +043 -042 +042 -056 -010 +041 -003 +024 +024 -004 -032 +038 +072 +073 +027 -032 +075 -066 +007 +081 -076 +003 +071 +058 -082 +053 +056 -054 +041 +024 -027 -068 -013 -056 -071 -004 -014 -033 +013 +085
-087 -045 +063 -006 +001 +081 +008 +076 +004 -062 -023 -080 -036 +021 +050 +001 -077 +002 +000 -078 -040 -006 -086 -030 +078 +035 +073 +074 -022 -042 -043 -057 -073 +038 -048 -020 -012 -015 -035 +026 -011 +084 -083 -018 -003 -028 -045 +046 +055 +034 +030 +082 +018 +071 +080 -042 +011 +022 +085 -078 -037 -008 -007 +004 +002 +002 +040 -041 +047 -003 -077 -066 +047 +075 +080 -003 -045 -012 +066 -083 +024 +027 -081 +058 -067 +065 +043 -033 -005 -022 +041 +068 -012 +077 -022
-005 +021 -062 +100 +061 -063 -022 +012 +003 +068 -066 +088 -085 -043 +054 +084 -078 -033 +017 -021 -070 +020 -026 +011 +078 -088 +051 +078 +075 +067 +066 -047 +040 +031 -000 +035 -051 +000 -066 -048 +006 -034 -071 -061 -070 +067 -063 +011 +072 -041 -052 +040 -042 +031 +067 +057 +023 +064 -010 -063 +051 +037 +000 +005 +020 +037 +054 -050 -008 +031 +043 +063 -020 +053 -002 +003 +020 +063 -050 -080 -078 +073 +015 -061 +048 +070 -011 +017 -058 -071 +018 +047 +036 -031 -012
-033 +057 +100 -004 -046 +078 +062 +086 -007 +058 +015 +018 +065 +022 +027 -078 -028 +077 +088 -040 +088 -031 +083 +016 -063 +054 -062 +061 -035 -065 +045 +044 -011 +054 +082 -046 +026 -088 -031 +007 -072 -023 +100 +056 +066 +044 +084 +074 +054 -047 +068 +070 -062 +021 +061 +024 +045 -000 +074 -003 +037 -015 -007 +050 +018 -088 -024 -043 +067 +068 -036 -027 -002 -026 -073 -000 -066 +014 -024 -065 -074 +058 -021 +070 -082 +050 +016 -027 +100 -003 -070 -060 +020 +057 +008
-010 +072 -005 -056 -050 +056 -001 +000 +001 -055 +035 +006 -043 -030 -012 +008 +007 -045 -055 -033 -037 +085 -027 -041 -073 -030 -070 -041 -035 -082 +030 +047 +000 +053 +021 +026 -015 +078 +021 -055 -035 -078 +028 -083 +057 -073 +010 -057 -008 +086 +048 -021 -017 -088 +040 -061 +064 +003 -003 +032 -072 +006 +072 +012 +047 -083 +066 +048 -082 -078 -065 +087 -064 -074 -012 +015 -001 -047 -071 -066 -064 -064 +028 +052 -063 +051 +083 -083 -025 -087 -048 +017 -008 +023 -031
-002 -021 -028 -076 +007 +077 -070 -061 -044 +074 -057 +072 -055 -043 +002 +100 +084 -025 +016 +026 -072 +010 -003 -062 +075 -060 -055 +017 +037 -013 +028 +066 +064 +031 +008 +031 +044 +034 -004 -086 +083 +032 -033 +004 -014 +053 -065 +053 +042 +037 -026 +012 +041 +070 +042 +027 +074 -008 +082 -041 +046 -042 -018 -071 -085 +020 -031 -035 -047 +048 -075 -055 -015 +081 +040 -100 -037 +028 +026 -086 +078 +031 -064 -041 +085 +001 -050 +065 -075 -041 -048 -036 -072 -045 +080
+046 +003 -035 -087 +002 -088 +023 -081 -042 -035 -084 +025 -063 +065 -038 -071 +010 +044 +002 -012 +087 -064 -030 +058 +066 +022 +022 -071 -074 +044 +085 +014 -045 -014 +083 +004 +067 -051 +024 +041 -056 +006 +008 -087 -046 +057 -067 +031 -048 +084 +027 -012 -033 +018 +075 +041 -086 -027 +024 -003 +042 +053 +051 +060 +033 +065 +038 -004 +024 -016 -006 +015 -062 +033 +016 +081 -070 +056 -024 -051 +062 +007 +061 +034 +031 -087 +041 +061 +011 -010 -048 +017 +045 -031 -018
-055 +076 +088 +023 -044 -016 +073 -026 +087 +054 +024 -072 +022 -011 -066 +048 -022 +027 -074 -003 -052 +004 -016 -074 +011 -083 +100 +054 +031 -015 -081 +050 -020 +088 -085 -014 +012 +080 -077 -073 -050 -065 +005 +011 +080 +057 +100 +078 -027 +060 +056 +013 -013 -060 +010 +100 +023 +080 +060 +088 +011 +100 +087 -027 -051 +040 -004 -031 +061 -027 -018 +043 -050 -067 -067 +047 +051 -067 +037 +015 -086 -046 +038 +047 +030 -030 +014 +072 -084 +031 -004 -034 +076 -081 -020
-017 +057 +028 -022 +073 -063 -023 +033 -074 +033 +073 +047 +070 +052 +075 -031 -011 -024 +060 +081 +016 +014 -046 +065 +008 -013 +075 +066 +076 +077 -080 -073 -088 -008 +075 -024 -007 +087 +075 -045 -023 -060 +034 -043 -054 -004 -087 +083 -030 -030 -066 +061 +082 +088 +028 -060 +041 +007 -006 -064 +053 +013 +071 -064 +038 -013 -058 -080 -022 +041 -020 +076 +001 +048 -087 +045 -054 -027 -072 +063 -006 +084 -026 -064 -032 +005 +065 +063 +006 +047 +064 -004 +003 +067 +043
-021 -060 -048 -051 -073 -075 +084 +023 -042 +048 +088 -032 +048 -042 +073 +010 -053 -020 +011 -022 +026 -016 -016 -081 -084 -031 +084 +082 -081 -047 -045 -063 -016 +045 +004 -087 +058 +060 -010 -028 -074 +081 +016 +011 +035 +038 +032 -005 -046 +043 +015 -030 +034 +034 +084 +016 -033 -007 +068 +047 +015 +003 +026 +071 -051 -033 +007 +045 -066 -054 +047 +002 -035 -034 +024 -016 +065 -010 -035 -053 +046 +045 -076 +010 +045 -013 -034 +087 -071 -052 +074 +058 +088 +077 -001
+000 -045 -011 +028 -016 +037 -031 -054 +073 +062 +025 -024 -012 +084 -020 +075 +025 -056 -047 +055 -036 -030 -033 -051 -015 -016 +045 +027 +033 -064 +031 +036 -014 +082 +021 -005 +083 +015 -100 +015 +034 -021 +085 +078 +014 -057 -087 -001 -041 -024 -082 -074 -010 +004 +037 -071 -070 +070 +004 +008 +028 -070 +051 -001 -005 -078 +047 +002 -012 -068 -031 +041 -072 +055 +027 -042 -035 +087 -021 +044 -063 +052 -027 +066 -070 +077 -077 -063 -023 -015 -063 +044 +100 -003 -016
-011 +035 +064 -007 -057 +028 +050 -084 +087 -040 -080 +066 +073 +057 -038 +000 +046 -007 +068 +043 -011 -076 +051 -055 +078 -077 +054 -008 -071 -035 -058 -011 +038 +068 +041 -074 +046 +075 -063 +085 +050 +043 +066 -005 +082 +084 +064 +005 -055 -007 -014 -058 -042 -013 -027 -022 +045 -014 +022 +035 -037 +072 -020 +014 -065 -017 +001 +034 +084 -066 -018 +002 -026 +052 -036 -024 +078 +032 +024 -070 -080 +002 -083 +031 -038 -004 -070 +065 +085 -040 +003 -071 -030 -061 -082
-016 +021 +016 -051 +004 +063 -061 -056 +027 -084 +050 -062 -047 -011 -078 +074 +037 -042 +070 -032 -087 +071 +026 -030 -036 +077 -053 -066 -006 +058 +068 -087 +032 +010 -034 -011 +018 +086 -063 +085 -081 -030 +086 +047 +065 -055 +023 +048 -063 +007 +048 -038 -007 +046 -024 +026 +067 -024 +044 +005 +047 +006 +020 +082 -085 +068 -088 +056 +047 +022 -034 +042 +031 +058 +004 -100 +026 -055 -005 +005 +016 +021 -087 +071 +027 +045 -074 +057 -016 -001 -027 +037 -005 +032 +021
-037 -022 -061 +056 +078 -055 +088 -002 +051 +007 -044 -037 -038 -088 -046 -012 +076 -025 +085 +050 -038 -031 -088 +017 +100 -036 -044 +043 +054 +031 -078 +006 -053 +056 -080 -023 -036 +005 +035 +044 +067 -000 +008 +020 +075 -047 -016 +015 -085 +006 +100 -087 -023 +060 +068 -085 -010 +045 -048 +041 -066 +071 -022 +048 -023 +004 +052 +000 +054 -062 +067 +051 -075 -015 -036 -053 +060 +072 -032 +088 -064 +085 -040 -028 +026 -087 -023 -081 -025 +068 +050 +015 +003 -088 -031
+042 +056 -043 +050 -016 -038 +073 +071 -042 -081 -043 -010 -082 -012 -030 -031 +048 -083 -033 +024 -018 +022 +036 +086 +051 +034 -076 +047 -015 -022 +045 -001 +086 -052 -011 +035 -032 -013 -024 +052 -042 -007 +071 +088 -080 +028 +002 -054 +047 +012 -017 +017 -070 -037 -004 -003 +042 +013 +040 +065 -042 -036 -011 +088 +001 -058 +027 +060 +078 -080 -057 +053 -045 +047 -014 -045 -042 +001 -025 +038 +057 -037 -004 +064 +011 -058 +047 -025 -018 -062 -026 -058 -015 -066 -018
-033 -022 +018 -081 +055 -057 +042 +025 +065 +058 +086 +088 -035 -068 -071 +010 +047 -027 -068 +043 -087 +006 +087 -057 +027 -064 +051 +050 +013 -038 -040 +010 +011 +077 +033 -056 +004 -021 +006 +080 -037 -068 -050 +021 -032 -043 -062 +055 -036 -080 +004 +052 -047 -038 -040 +001 +031 -052 +045 -048 +018 +045 +048 -042 +025 +067 -062 +061 -085 +051 -018 +084 -051 -023 +076 -052 -062 +013 +001 -067 -053 +046 -071 -031 -061 +017 -030 +041 -057 +027 +047 -087 -085 -087 +003
-022 -015 -001 -002 +036 +020 -002 +020 +042 -043 +074 -007 -073 -071 -087 -041 -008 -084 +086 -048 +010 +016 +081 +083 -016 +000 -088 -071 -086 +038 -053 +074 +030 -084 -065 -022 -061 -061 +002 +007 -054 -042 -032 +075 +023 +058 +085 -070 -083 +061 -038 -048 -006 +045 +004 +007 +056 -030 +024 -006 +040 +007 -030 -083 +042 +055 -046 -024 +004 +071 -061 +055 +081 +015 -055 +057 +085 +074 +005 -073 -046 -033 +028 +067 -023 +031 -063 -064 +078 -081 +041 -031 -066 -030 -010
+066 -032 +052 +030 +064 -031 -044 -006 +004 -031 -060 +007 -064 +078 +002 +017 -051 +100 +063 -073 -081 +025 +024 +078 +071 +008 +085 -026 +060 -087 +048 +052 +042 +053 +004 +080 -085 -085 +083 -042 -077 +061 -034 -042 +082 +015 +000 -002 -006 +084 -040 -057 +064 +027 +042 +034 -032 +022 -044 +000 -024 +074 -050 -026 -045 +064 -081 +057 -037 +018 +034 +055 -087 +025 -071 +053 -038 -053 -058 +032 -082 +018 -056 -071 +010 +006 +055 +016 -078 -076 +033 +028 -051 -003 -083
-078 +033 +088 -022 -022 -067 -086 +086 +036 -024 -081 -030 -005 +016 -071 -025 -005 -012 -078 +061 -004 +031 +078 +040 +084 +057 -033 +018 -078 +011 -027 +087 +067 -073 -030 +024 -001 +071 -011 +017 +057 -001 -023 +064 +066 +014 -040 +075 -003 +050 -027 +036 -080 -037 -065 -044 +084 +032 +013 +034 -020 -033 +058 -060 -065 -027 -033 -036 +075 +058 +052 +070 +032 -073 -001 +021 +067 +001 -033 +068 +000 -077 -087 +001 -066 +074 +018 -067 -076 -063 +075 -017 +066 +052 +066
+013 +086 +023 -070 -070 +042 -011 +078 +066 -083 +041 -082 +086 -083 -010 -036 +048 +023 -006 +058 +042 -011 -032 +044 -088 -008 +060 +070 +011 -030 -024 +086 +035 -021 -038 +052 -066 -080 -038 +080 +050 -015 +054 -011 -008 -046 -057 -074 -063 -035 -006 +061 -016 -015 +066 +054 -040 +025 +022 -050 -036 -032 -030 +066 +008 -003 +072 +044 +025 -065 -028 +038 +084 +028 +051 +037 +005 +065 +068 +081 -026 +002 +023 -003 +057 +072 +044 +073 -007 -011 -003 -007 +085 -056 -030
-020 -071 -020 +080 +008 -088 +073 -040 -004 -037 +085 -045 +005 +060 -072 -060 -044 -027 -068 -031 +033 +020 -077 +082 +061 -057 +020 -063 -020 +024 +050 +064 +031 +007 +002 -015 -061 +068 -030 +077 -080 +068 +024 +031 -001 -024 -063 -043 +043 -048 +034 -004 +030 -073 +044 -046 +076 -061 +067 +047 -065 -074 +010 +015 +006 -037 +001 +022 -038 +010 +012 -052 -016 +054 -033 -035 +004 -021 -044 -037 -012 -086 +082 +082 -010 +083 +073 -078 +056 -074 -054 +075 +016 +031 +072
+054 +071 +023 +028 -067 -076 -012 +037 +026 -050 +017 -051 -041 -063 +036 +084 -002 -053 -046 +040 -078 -075 +010 +038 +061 +013 -075 +040 -062 +024 -023 -005 -066 +005 +057 -037 -040 +006 +033 -041 -081 -018 -064 -061 +100 -062 -003 +025 +038 +008 -073 +076 +006 -084 -067 +088 +002 +088 +074 -083 +068 -006 -057 +024 +061 -035 +088 +046 +062 +026 -025 -042 +058 -026 -008 -055 +010 -083 +011 +085 -062 -076 -057 -070 -066 -005 +061 -044 -078 -063 +011 -057 +033 -043 +010
-013 +036 -078 -070 -004 +063 -048 +003 -068 -007 -038 +031 -002 +026 -066 -066 +063 +047 +087 -083 -008 +052 +052 -072 +003 -004 +008 +088 -018 +086 -023 +057 -015 -011 -068 -003 +048 -062 -058 -061 +027 -032 -070 +027 +046 -008 -045 +048 -037 +016 +068 -008 +082 +088 +071 -052 -046 -033 +030 -074 -076 -036 +048 -077 -020 +013 -043 +010 -060 +058 +057 -023 +042 +045 -068 +037 +017 -006 +065 -076 +070 +052 +032 +086 -017 +011 -056 +013 +088 -100 +048 +061 +082 +033 +087
+073 +058 +045 +008 +064 +035 +016 +021 -057 +018 -063 +016 -017 -034 +065 +077 +084 -070 +004 -041 -033 -006 -045 -013 -030 -018 -041 +086 +070 -006 +002 -052 -067 +075 +082 +055 -043 -062 +016 -055 +042 +083 -086 -004 -052 +060 -046 -000 +032 +001 +086 -007 -013 +088 +013 +088 -002 +017 +057 +085 -050 +002 -058 -072 +017 -060 -080 +047 +037 -031 -077 +100 +023 +014 -050 -056 -072 +015 +027 +083 -058 -016 -084 -044 +080 +037 -035 -010 +076 +077 -006 -012 +017 +072 +061
+077 +053 -003 -040 -014 +010 -056 +022 -047 -037 +053 -070 -076 -006 +064 -078 -010 +024 -057 +001 +025 -020 +058 -081 +008 +020 -025 +082 -041 -034 -006 +006 +038 +014 -034 -022 +024 -023 +012 -048 -086 -081 -070 +010 -081 +052 -034 +046 +053 +082 +025 +013 +040 -030 +036 -067 +040 -042 +026 +013 +003 -073 +018 -035 -055 -057 -057 +024 -053 -071 -046 +015 +035 +018 +054 +007 -075 +073 -010 +013 +032 +022 -027 +023 -051 +074 -058 +077 +031 -055 -028 -074 -064 -004 +016
