-063 -075 +001 +001 +028 +054 +070 -012 +085 +066 -074 +017 +062 -072 +005 +041 -054 +002 +068 -025 +006 +005 -000 +074 -061 +064 -001 -020 -032 +051 -013 -086 -023 -056 +043 -047 +065 -081 -010 -057 +085 +085 -024 +046 +080 -015 +052 +028 +002 -058
+087 -052 -012 +062 +022 -054 +005 -013 -037 -056 +036 +071 +040 +037 +061 -065 -060 -042 +078 +026 -054 +068 -083 -073 -044 -000 +026 -084 +045 +031 +051 +013 -046 -013 +012 +040 -016 -075 +082 +061 +008 +060 +047 +070 +046 +012 +068 -061 -016 -047
-000 +065 -031 +073 -012 -017 -082 -013 -078 +023 -055 -072 +086 -047 +003 +041 +051 +057 +008 -085 -085 +073 -066 -051 +060 +002 +000 -036 +052 -071 -074 -011 +087 -058 +073 +022 +077 -063 +002 +048 -013 +027 -088 +018 +006 +065 -064 -041 -023 +023
+068 -047 +045 -011 +055 -067 -030 +053 -022 -024 +066 -025 -017 -037 +016 +074 -017 +071 +062 +066 +027 +075 -077 -023 -021 +007 +034 -018 +083 +025 +007 -012 +002 +048 +028 +043 +024 -062 -007 -080 +038 +066 +037 -087 +011 -047 +015 -070 -030 +058
-068 -023 -083 +084 +010 -067 +000 -075 -002 +082 +067 +055 -015 +055 +066 -054 +065 -005 +046 -021 +002 +045 +021 +005 +076 +037 +057 +086 +068 -051 +025 -082 +007 -083 +044 +084 +033 +066 -058 -084 -026 +081 -051 -082 -070 +034 -076 +044 +066 +003
-083 -007 -088 +012 +056 +021 +017 +071 +076 +077 +036 -044 +051 +015 -072 -035 -011 +020 -013 -074 -043 +086 -005 +012 +012 -021 -071 -026 -007 +050 +033 -004 -068 +016 +080 +002 +060 +062 +021 +072 -032 -084 -065 +006 +016 -058 +007 +085 +042 -031
-047 +052 +046 +000 -010 -027 +027 +003 +065 -052 +021 +042 -023 +014 -041 -044 -061 +052 +027 +086 -078 -008 -042 +018 +055 +081 -081 -055 -033 -031 -057 +005 +005 -068 -053 -088 +082 +072 +041 -022 -020 -078 +041 -033 -033 -041 +016 +021 +024 -080
-061 -017 -024 -036 +012 -011 +033 -020 +016 -002 -072 +028 -031 +084 -060 +018 -040 +022 +047 -026 +015 +087 -045 +003 +042 +014 -015 -043 -055 +025 +064 -054 -067 +037 -004 -084 +005 +010 -057 +002 +056 -036 +024 -012 -068 +007 +084 +008 -023 +005
+060 +035 +070 +076 +044 -054 +087 +066 +051 -018 -030 +048 -086 -034 -052 +010 -017 -073 +041 -037 +072 +031 +067 +016 +081 -077 +012 -082 -074 -050 -000 -062 -066 +044 -073 -084 -066 +060 +026 -038 -080 +001 -007 -058 -043 -001 -062 +010 +038 -041
+013 +075 -020 -080 -013 -040 -066 -018 -012 -058 -017 -040 +073 +012 +085 -060 -087 -024 +023 -074 -045 -025 -040 +081 +017 -021 -012 +078 +042 -005 +074 +077 -086 -048 +036 +008 +035 -063 -074 +083 -045 -030 -014 -042 -047 -081 +034 -040 -010 +022
+004 +023 -064 +013 +035 -006 -031 +046 -062 +076 +004 -041 -066 -026 -006 -022 -006 +007 +067 +048 +081 +021 +020 +032 -021 -000 -024 +067 +015 +071 +030 -054 +065 -017 +081 -013 -030 +088 +020 -075 +084 -070 -074 +086 -030 -053 +075 -023 +002 -027
+058 +062 +071 +081 -064 +028 +042 -055 +078 -065 -022 -071 +024 +074 +061 +013 +026 -030 +015 -060 -086 -025 +038 -052 +017 +053 +016 -086 -007 -012 -062 +012 -011 +016 -011 -040 +055 +044 -068 -005 -038 -083 +050 +041 -018 +063 -033 -001 +031 +042
-040 +037 +042 +031 +064 -056 +010 -053 +018 -042 -048 +015 +047 +080 -087 -005 -030 -038 -087 -060 +061 -013 +040 +003 +004 -053 -014 -058 -000 -021 -024 +062 +035 -018 -080 -044 +082 +001 -010 +026 +005 -048 +043 +076 -076 +005 +030 +015 +058 +010
+075 +075 -063 -074 -002 -078 -042 -073 -015 -050 -042 +033 -003 +047 +047 +033 -053 +022 +046 -067 -036 +035 -027 +043 -080 -031 +047 +001 +061 -000 +040 +006 -068 +027 +017 +011 +008 -050 -008 -077 +015 +071 +038 +072 -067 +022 -022 -021 +001 +018
+062 -062 +031 -066 +047 -027 -063 -016 -015 -055 -088 +013 -086 +082 +076 +066 -087 -044 -001 +011 -027 +052 +001 +057 -074 +050 -085 +077 -078 -031 +034 -056 -073 -073 -026 +007 +015 -012 +044 +061 +082 +005 +022 +041 +023 +063 -010 -065 +013 -010
+052 -057 -075 -083 -001 +084 -018 +032 -086 +022 +047 -083 +028 +060 +027 -044 +063 -078 -060 -005 +020 -018 +024 -067 -041 -021 +036 -011 -051 +037 +065 +043 +007 -080 +040 +083 +055 -058 -050 +010 +008 +058 -037 -063 +013 +084 -044 +043 +052 -088
+030 -051 +076 -044 -018 +083 +062 +023 -086 -062 +002 -082 +000 -056 -023 +045 -033 +010 +058 -085 -036 -040 +027 +034 -026 -013 +086 -045 +077 +081 +038 -044 -016 +052 -032 -077 +056 -085 -072 +072 +067 +061 -000 -015 -006 -076 +005 +066 -031 -041
-042 +015 +041 -063 +064 +001 +024 +074 +030 +084 -064 -011 -057 -006 -030 +001 +012 -071 -065 -085 +055 -083 -082 -066 -045 -013 -045 -014 -036 +082 +085 +075 +042 +023 -077 +008 +001 +026 +008 +067 +078 -071 -055 +083 -026 +082 +078 +053 -021 -008
-055 +044 +037 +052 -014 +054 +016 +022 -067 -022 -035 +058 -075 +074 +008 -052 -083 +008 +083 -043 +012 +048 -032 +017 +020 -072 -024 -034 +043 -026 +033 -034 +045 -040 -016 +062 +078 -017 -014 +024 -046 -048 +003 +014 +047 -043 +075 +070 +020 +084
+027 +071 -040 -047 +060 +072 +018 -038 -075 +043 +017 +055 +070 +053 +047 -007 -037 +078 +048 -067 -022 +066 +081 +006 +063 -012 +024 -030 +043 -070 -016 +061 -061 -067 +078 +008 -003 +037 +083 +006 -004 -024 +040 +043 -082 -100 -030 -066 +060 +027
-074 -054 +000 -008 -003 +044 -061 -080 +006 +033 -043 +004 +087 -011 -047 -041 +053 -018 -075 -055 -044 -075 +000 +053 -040 +074 -054 -062 -051 -023 +013 +045 -007 +086 -024 -028 +087 +100 -028 -016 -014 +011 +010 +016 -070 +025 -055 +044 -015 +020
-051 -065 +052 +038 -016 +063 -065 +076 -011 +075 +061 +080 +018 -075 +012 +026 -011 -048 -081 +075 -018 -056 -034 +043 -045 -046 -083 +006 +050 -038 +074 +040 -047 +008 -058 -074 +083 +073 -075 +020 -065 -004 +083 +064 +035 -061 -074 +077 -004 -037
+062 +063 -030 +050 -033 +058 -034 +006 +015 +015 -072 -033 -014 -066 +051 +044 +043 -026 +020 +044 +043 -050 +070 +003 -015 -021 +053 +007 +043 -060 -065 +065 -036 +054 +088 -058 -080 +015 +046 -051 -076 -021 -071 +064 -075 -057 +007 -013 -078 +037
-051 +012 +027 -077 -057 +066 +082 -082 -014 +041 +007 +037 -086 -073 +034 +022 -031 +076 +026 -013 -057 -051 -070 -050 -026 -038 -005 -071 +001 -023 +030 +058 -068 +030 +063 -072 -077 -080 -052 +080 -023 +016 -045 -042 +003 +026 -028 -008 -053 -074
+022 +084 -028 -003 -051 +004 +003 +015 +041 -003 -051 +076 +013 +031 +041 +084 +021 +061 -032 -018 -060 +087 +061 -015 +051 +072 +088 +037 -040 +051 +002 +100 -002 +033 +076 -014 -060 +100 +068 -076 -054 +078 -023 +067 -060 -038 -031 -011 -045 -030
+015 -057 -080 +022 +015 -050 -057 +058 +056 -008 +058 -005 +048 +007 -075 -083 -072 +045 +038 -021 +055 -045 +042 -033 +041 -017 +013 -012 -045 +028 +077 +061 +071 +037 -015 +042 +076 +028 +008 +074 -025 +055 +066 -038 +060 -018 -068 +014 +073 -033
+010 -063 +023 +011 -085 -060 -005 -063 -016 +027 -062 +035 +022 -000 +021 -076 -016 +001 +014 +074 +041 -073 +040 +063 +077 -026 -003 +048 -056 +013 +075 +054 +083 -031 -023 +074 +063 -005 -035 +048 -081 -012 +023 +027 +037 +001 +013 +003 -038 +015
+043 -015 +012 +061 +085 -078 -012 +052 -007 +088 -050 +002 -070 -075 -078 +081 +026 -028 +100 +075 +053 -082 +014 -018 -028 -086 +067 -082 +032 +050 +084 -071 +047 -033 -077 -007 -032 +016 -000 +055 -020 -004 +087 +027 +033 +082 -056 -050 +036 +073
-077 +018 -032 +020 +028 +026 -053 +081 -027 -033 -007 +043 +074 +010 -044 +004 -022 -013 -010 +083 -037 +022 +055 -083 -001 -008 +008 +047 +100 -088 -004 -047 -036 +006 +027 +050 -028 -061 -046 -076 +048 +025 +004 -085 +022 -027 +016 -088 -024 -024
-012 -021 -073 -077 -080 -076 -040 +036 +002 +013 -077 -085 +036 +048 +066 -077 +028 -061 -002 +026 -015 -023 -066 +084 +058 -070 +035 +005 +050 -077 -012 -060 -002 -058 +028 +080 -074 +025 -074 -002 -070 -063 +058 -014 +008 -012 -006 -070 +055 +052
-082 -030 -023 +021 +042 +050 -051 +060 +073 +082 -038 +033 +075 +033 -086 -053 +021 -008 +082 +010 -038 -086 -077 +061 +086 +050 -072 +048 -087 +057 -021 -066 +033 -006 -008 +074 +034 -060 +020 +036 -066 -054 -083 +074 +071 -063 -086 +022 +056 +100
+015 -007 +037 -080 +000 -053 +040 +066 -047 -054 -026 +001 +067 -010 +013 +067 +032 +016 -001 -071 -034 +062 +067 +014 +022 -002 +051 +013 +082 +025 +008 -002 -012 -008 +045 +036 +042 +074 +038 +043 -023 +082 -073 +018 +033 -022 +075 -063 +026 +071
+013 +060 +031 +035 +032 +017 +064 +072 +016 +027 +043 -055 +086 +058 -040 +060 +087 -088 -061 +021 -078 +023 -044 +081 -005 +018 +006 +042 +072 -030 +027 +071 +057 +055 +065 -011 -008 -043 +086 +036 +057 +008 -087 +030 -034 +048 -071 +042 -067 -006
-088 +043 -076 +032 -070 +080 +065 -036 +031 +075 -013 -033 +071 +086 -023 +075 -031 +041 +044 -067 -074 +046 -034 +082 +002 -053 +037 -070 -033 -075 -011 -040 -074 -001 +021 +007 -074 +025 -003 +074 +084 +047 -035 +072 +006 +051 +053 +081 -045 -016
+052 -051 +043 +047 -007 -086 -031 -014 +014 +056 +017 +083 +028 +058 +067 +065 +026 -077 -066 +055 -015 +014 -017 +066 -078 +005 -074 +011 -012 +052 -086 -043 +000 +027 +060 -047 +043 +087 -035 +075 -047 -066 +001 -064 +088 -025 +013 -068 -041 +078
+016 +067 -053 -075 -078 -023 -006 -065 +026 +036 +086 -056 +001 -072 -045 -018 -003 +041 +044 +080 -006 +008 +014 -071 -045 +020 -024 +032 -073 -056 +055 -071 +022 -064 -020 -045 +012 -067 +002 -087 +032 +000 -012 -035 -074 +022 -061 -006 -033 -003
-071 -081 +005 -021 +018 -058 +056 -023 +007 +046 -003 +020 +054 -078 +041 +044 +072 +070 -018 -004 +046 -000 -032 +028 +057 -002 +061 -016 -013 -051 +078 -067 -021 +052 -050 +084 +040 +010 -018 -087 +032 -006 +014 +007 -043 +046 +055 -062 -060 +005
+048 +024 +057 +087 -032 -017 +016 -030 +067 -047 +067 -085 -000 +071 -077 +071 +085 -032 +000 +016 -011 -006 +057 -073 -074 +002 -007 +058 +076 +087 +054 -083 +074 -087 +026 -038 +068 +084 -034 -030 -041 +071 -050 -066 +042 +033 +054 -058 +077 +015
-054 -021 -046 +017 +084 -084 -046 +025 +035 -063 +078 -047 +073 -016 +023 -044 +055 -050 +042 -076 -025 +072 -057 -068 -052 +000 -002 +006 +001 -045 +051 +010 -027 -000 -058 -085 -076 -082 -022 +004 +040 +014 +056 +012 +066 +053 +075 +005 +014 +000
+033 -084 -055 +051 +001 -017 +071 -035 -047 +021 +067 +062 +046 -014 +006 -033 -005 +002 +064 +032 +008 +100 -066 +066 -063 -062 +052 +010 -068 +050 +042 -001 +066 +051 -080 +077 +073 +054 +030 +021 -058 -022 -081 +005 -085 +064 +037 +004 +066 +038
+043 -032 -050 +071 -030 -002 -074 -070 -062 -018 -066 +043 +006 -010 +047 -042 -028 -053 -073 -070 +037 +022 -086 +071 -010 -047 +002 -087 -030 +045 -043 +033 -033 +088 +018 +040 -067 +018 -066 -020 -004 -076 -038 -055 -050 +036 +070 +068 -004 -068
-067 +072 -053 -026 -078 +022 -013 +057 +080 -085 -022 -044 -070 -038 -064 +052 +033 +040 -006 -042 -051 +030 +077 -083 +033 -057 +053 +078 -024 +053 +063 +015 -014 -034 +086 -087 -088 +024 +016 +032 +042 +065 -056 -064 +005 +022 +073 -041 -047 -018
+056 -052 +015 -023 +030 -087 -003 +078 +003 -026 +043 +014 +082 -037 +071 +054 +064 +076 +062 -047 -041 +005 -066 +001 -024 -030 -030 +075 +030 +081 +063 -024 +004 -054 -016 -046 +077 +074 -012 -053 +015 +016 +000 +005 -065 -054 -044 +047 +085 -087
-070 +015 +067 -050 +058 +080 +055 +064 +024 -051 -000 +033 -026 -028 +035 -060 -026 -005 -030 +054 +005 -050 -036 -080 +081 -066 -037 -006 +040 +037 +015 -040 -011 +057 +006 -021 +076 -010 +032 -087 -050 -081 +020 -014 +040 +075 -002 -018 +046 -022
-004 -061 -078 -054 +006 +078 +031 -086 +028 +028 +018 +006 +070 -086 +063 +025 -004 +050 -074 +037 -062 +086 -085 +071 -025 +018 -028 +055 -002 -006 +038 +000 -062 +047 +064 -070 -045 +085 +062 +026 -068 -028 -057 +061 -018 +040 +042 -076 -042 +044
+051 +030 +024 +037 +027 +027 +044 -060 +062 +047 -017 +025 +052 -045 -080 +003 -034 +088 +057 +065 +002 +033 -043 +032 -064 -013 +014 +047 -045 -026 +067 -067 -031 -002 +082 -044 -026 -025 -066 -021 +015 -012 +081 +071 +010 -083 +023 +014 +061 +078
+034 +071 -048 -082 +021 -071 -054 -061 -001 -045 +048 +021 -002 -047 -060 -031 -084 +081 +033 -034 -083 +003 -036 -035 -070 +066 -061 +067 +003 +057 -036 +066 +062 -023 -050 +012 -018 +026 +065 +054 -072 +047 -061 +075 +016 -051 +013 +066 +082 +003
+066 +072 -038 +066 -087 -003 -038 +073 +055 -053 +056 +050 +024 -022 +054 -074 +063 +051 +068 -012 -081 -038 +047 +043 -062 +072 +074 +066 +013 +063 +041 -046 -021 +057 -023 +068 -025 +048 +066 -031 +073 +073 -070 +072 -040 -037 -078 -048 -060 -034
+008 -017 +074 -060 +075 -012 -047 +085 +088 -067 +022 +058 -013 -082 -061 -015 -070 +062 -086 -084 +020 +008 -074 -008 -067 -023 -008 -010 +033 +053 +021 -072 -014 +001 -081 -067 -010 -006 +050 -053 -055 +053 +023 +060 +007 +087 +003 +053 -028 -038
+056 -022 +031 -050 -033 -070 +061 +021 +065 -047 +075 -051 -067 +055 -083 +071 -074 -050 +073 +081 +026 -077 -046 +060 -022 +047 -042 +043 -066 +072 -010 +006 -060 -011 +015 +053 -072 -035 +084 +058 -042 -084 -088 +072 +023 -055 +064 -062 -008 -020
+038 -058 -085 +034 +070 -064 +046 -054 -046 +057 -082 -033 -081 -013 +083 -004 -002 +053 +064 +011 +007 +002 -068 -016 -061 +002 +076 +087 -038 +081 -075 -016 +027 -002 -065 -023 +083 -055 +031 -053 -047 +014 +007 +051 -032 +008 +032 +018 -025 -013
+100 +007 -003 -015 -018 -016 +086 -067 -085 +020 +030 +082 +041 -085 +068 -011 -081 -081 +021 -051 -057 -074 +044 -003 +078 +100 +046 -015 -088 -051 -045 +078 -080 -085 -063 -077 -064 -060 -088 +056 -002 +006 +026 +007 +024 +008 +027 +007 -017 +080
+081 +036 -033 +001 +022 -001 -010 +020 +001 +041 -015 -011 +061 -084 -077 -031 +011 +033 -064 +055 +082 +016 +088 -052 -036 -084 +083 +084 +085 +080 +047 -000 -043 +081 +045 +071 -026 +082 +083 -060 +011 +000 -074 -053 +045 -063 +084 -035 -004 -020
-040 +057 +050 -040 -021 +015 +078 +010 -075 -011 +064 -070 +060 -015 +066 -005 -055 +004 +087 +036 +058 +046 -078 +035 +078 +038 -042 -015 +087 +031 +048 -076 +006 +053 -020 +041 -021 +043 -077 +054 -036 -000 +020 -075 -087 +023 -058 +022 +100 +052
-002 -081 -084 -018 -022 -073 -042 -058 -005 -026 -021 +071 +047 -050 +057 +081 -078 -020 +073 -073 +031 +028 +055 +064 +084 -028 +008 +005 +024 +063 +002 -036 -030 +006 -057 +074 +038 -030 -083 -021 -035 +003 -003 -100 -022 -002 +050 +071 +037 +004
+018 +006 -082 +010 -054 +012 +055 +023 -003 +070 -067 +007 +074 -028 -067 -068 +014 +086 -046 +024 +067 -050 +023 +048 -025 +061 +001 -020 -048 -048 -087 -013 +001 +100 +076 +002 +015 +027 +012 +024 +047 +065 -052 +073 +008 +040 -054 -025 +064 +041
-030 -011 +018 -013 +004 -003 -015 -054 +048 -065 -087 -001 -010 -078 +067 -062 -078 -002 +048 +064 -067 -042 -031 +031 -048 +072 -082 -006 +006 -022 -085 +000 -062 +062 +033 -100 -088 +086 +030 -027 -088 +082 +032 +061 +046 -004 -011 -063 -055 +024
+045 -051 +061 -065 -046 -022 -025 +084 +001 +056 +041 -020 -007 +080 +031 -100 +003 -001 -005 +012 +015 +008 -075 +052 -055 -034 -032 -043 +025 -022 -067 +042 +051 +046 -027 +046 -027 -052 +082 +044 +027 -076 +041 +060 +088 -024 +042 +018 -023 -030
-078 -100 +024 -040 -032 -005 -035 -018 -088 +055 -037 +007 -041 -084 +082 -057 +002 +013 -035 -003 +045 +044 +011 +014 +028 +083 -081 +068 -061 +052 +054 -066 -008 +086 -087 +083 -065 -030 -018 +005 +020 +018 -067 -075 -052 -058 +025 -010 +014 -002
+087 +054 -052 +011 -021 +024 +071 +047 -051 -041 -020 +064 -046 -084 +004 +052 -008 -043 +016 -025 -014 +028 -082 -022 +030 -087 +021 +074 -066 -066 +003 +080 +052 +054 -046 +040 +028 +047 -045 +023 -077 +051 -018 +044 -025 -074 -082 -068 -022 +086
-071 +051 +025 +071 -084 -043 +065 -085 +055 -078 -067 -074 +046 -026 +038 -051 -072 +023 +056 +073 +082 -018 -012 -064 +082 -088 -054 -074 +017 +030 +002 -014 +067 +075 -004 +068 +045 +007 +027 -063 +063 -045 +075 +032 -037 -012 -061 -061 -013 +033
+048 +036 -047 +055 -062 +031 -012 +032 +015 +034 +075 +043 +021 -073 -068 +007 +041 +035 +038 -087 +028 -040 +020 -010 +063 -080 -032 +083 -058 +048 +100 -054 +065 +055 -005 -087 +020 +068 +015 +064 +063 +053 -073 +035 +084 +085 +088 +046 -008 +073
-074 -058 +054 -073 +015 +055 +064 -014 +076 -003 -084 +055 +084 +083 +055 +065 -054 +013 +000 -083 -038 +073 +013 -026 +047 +025 +081 +086 +062 +012 +042 +016 +006 -052 +082 -057 -051 +086 +001 +011 +061 -060 +073 -012 +076 -084 -048 -076 -064 +021
-027 +021 -027 +081 +043 +070 -022 -014 -021 +013 -061 -023 +036 +000 +050 -024 -053 +024 +018 +033 -017 -038 -018 -061 +021 -064 +037 +007 +018 +024 +053 +083 +088 +055 -047 +073 +038 +045 +067 +024 -008 +035 -058 +014 +014 +003 -055 -057 -033 -064
-031 -045 +023 -071 +061 -030 -054 -071 -051 +020 +065 -043 +032 +076 +032 -031 +086 -051 +050 -071 -081 +055 -066 -027 -061 -082 -065 +013 +067 -051 -072 +010 -047 -002 -024 +100 +021 -083 +065 +005 -068 +054 -041 -062 -046 +064 +011 +021 -066 +100
+031 -042 +086 +047 -020 -017 +000 -008 +031 +035 +012 +073 -088 -001 +020 -012 -064 +030 -062 +062 +035 -083 -061 +026 -046 -077 +024 +038 -084 +047 -050 +006 -025 +020 -032 -035 +052 +058 +050 -044 +024 -072 +021 +015 -024 -006 -085 -022 -033 +041
-006 +011 -011 -028 +088 -060 -040 -028 +032 -084 -007 -020 +000 +035 -057 +017 +014 -050 +025 -013 +010 +025 +007 -061 +047 -010 +033 -003 -100 -054 +058 -017 +003 -015 -082 -023 +061 -022 +055 +006 -037 +064 -065 -010 -005 -012 -056 -085 +022 -068
-031 +042 -044 -065 -100 +053 +067 -031 -016 -050 -044 +087 +061 +001 +086 +012 -032 -040 +046 -071 +003 -087 +057 -045 +086 -001 -022 +058 -083 +076 +012 +034 -033 -021 +013 +006 +086 -064 +038 -044 -037 -075 +020 -030 +052 +012 +032 -057 -008 +056
-007 +023 +035 -023 -043 -030 -023 +017 +028 -052 -036 -015 +055 -026 -034 -002 +100 -021 +081 +017 -048 -036 -032 -014 +061 +040 +022 +053 -037 +084 +050 -084 -064 -001 -000 +085 -003 +026 -035 +000 -086 +016 +071 +066 +075 +050 +046 +013 +087 +010
-068 -054 +023 +047 +016 -012 -038 -044 +041 +030 +005 +084 -027 +012 -002 -074 -002 +001 -010 -068 +057 +024 +062 -004 -078 +047 +066 -022 +055 -067 +003 +027 -067 -061 -083 +028 -017 -007 +057 -085 -045 +088 -007 -080 -030 -041 -037 +012 -056 +012
-020 +018 -004 +072 -048 +063 -050 -084 +028 +023 -041 +011 +083 +043 +070 +054 -017 +014 +054 +004 -080 -074 -013 -045 +085 +058 +028 -032 -023 -007 +048 -006 -038 +070 -010 -005 +050 -003 +004 -077 -012 +078 +077 -026 -008 +040 +072 -045 +065 -034
+048 +016 -041 +077 -075 +023 +046 -035 -055 -055 +067 +005 -068 +078 +070 -068 +001 -063 +084 +058 +062 -032 +058 -082 +037 -028 -058 +031 +007 +021 +057 +053 -077 -027 -027 -075 +067 +038 -006 -024 -078 -020 +074 +075 -014 +034 -051 -046 -002 +040
+042 +010 -040 -065 +072 +032 -033 -057 +057 -025 -015 -015 -068 +030 -006 -085 -064 +047 -035 +074 -072 -082 +058 -022 -077 -002 -023 +067 -045 +001 -033 +083 +056 +025 -045 +082 +072 +015 +074 -037 -066 -008 -033 +040 +072 -068 +064 +020 +016 +041
-087 -021 +050 +040 +068 +046 +075 -032 -011 -054 -018 +074 -022 +034 -088 -080 -020 +045 -056 -014 -011 +062 -073 +076 +058 -058 -062 -027 +042 -068 +023 -081 -025 +100 -075 -032 +008 -033 -006 -005 +037 +075 +064 -047 -055 -037 -031 +031 +034 -068
+053 +000 -044 -057 +056 +016 -012 +077 -043 +054 -060 +000 +025 -071 +028 -070 -052 +002 -054 -015 +051 -031 +045 -050 -020 -041 +050 -016 -014 -014 -065 +070 +018 +086 -044 -003 -078 -038 +007 +038 -022 +081 -082 -016 -076 +068 -026 +053 +045 -054
+022 +012 +018 +067 -046 +077 +071 -081 -050 -026 -023 -047 -067 -052 +053 +045 +018 +041 +085 +022 -068 -002 +035 +045 -100 +056 -028 +023 +010 +041 +056 -024 -045 +050 -027 -084 -017 -073 +021 +052 -060 +061 +028 +071 +016 -017 +011 -086 -034 +007
-012 -008 -002 -018 +060 +083 -051 +045 -005 -021 +010 -080 +083 +067 +052 +080 +027 -062 -027 +051 +042 +048 +000 -058 -017 -085 -001 +073 -070 -070 -027 +018 -031 -053 -074 -024 -027 -077 -048 +054 +020 +005 +077 -047 -056 +011 +013 +007 -022 -072
+015 +045 -027 +053 -066 -044 +026 -001 +021 -004 +042 +027 -007 -034 +016 +008 +020 -020 -044 -014 +001 +082 -067 +027 -044 -054 +087 +038 -022 -041 -082 +051 +027 +028 -001 +004 -082 -072 -036 -018 +052 -077 -045 -024 -012 -088 +020 +073 -082 -014
-025 +014 -003 +016 -003 +045 +041 +023 +004 +062 +004 +031 -003 +054 +007 -003 -001 -085 +056 -070 +075 -014 +001 +008 +028 -018 +046 -031 -010 -062 -085 +037 -014 +032 +076 +028 -073 -085 +015 -053 -086 +021 -080 +051 -014 -040 -023 -057 +073 -077
-015 +034 -054 +010 +041 -077 +035 -032 -042 -018 +074 -086 -021 -030 +046 -056 -031 -100 +066 -000 +046 -064 -081 -004 +017 -076 +083 +057 -020 -056 -003 -030 -082 -024 -080 +032 -023 +055 +045 +075 -044 -044 +011 -084 +061 +052 -081 -056 +050 -020
-073 +076 -002 -056 -062 +062 -032 +015 +036 -088 -060 -020 -046 +078 -082 +000 -011 +038 +028 -032 -017 +037 -062 +066 -026 -025 -054 -028 +082 -052 -100 +082 +054 +021 -037 -038 -007 -010 -054 +082 +004 +022 +014 -044 -022 +073 -011 +087 -088 +078
-008 -042 -047 +050 +016 -071 -054 +023 -010 -005 -013 +006 +021 +067 -042 +014 +032 -071 +026 +052 -057 +010 -026 -044 +065 +054 +005 +035 +016 -021 +052 +067 -084 -042 -084 -042 -013 -051 +032 +060 -084 +083 +065 +078 +058 +041 -007 +045 -013 -060
+081 -046 -037 -035 -014 -083 -000 -064 +023 -034 -024 -075 -008 +036 +034 -047 -064 -067 -056 -024 -021 +016 -053 -007 -056 +050 +042 -024 -024 +032 -066 +016 +037 +066 -061 -006 -072 +088 -013 +032 +024 -030 -010 -001 -047 +022 +003 -003 +042 +077
+086 +048 -048 +036 +051 +015 +006 +026 -068 +078 -032 +084 +042 +006 -067 +076 -063 -044 +035 +050 -007 +087 -033 -031 +067 +000 -051 -038 +001 +027 -053 +048 +088 -018 -014 -024 +002 +070 +003 -002 +018 -072 +038 +005 -037 +041 +062 -016 +082 -006
-064 -086 -000 -022 +086 -070 +016 -072 -074 -074 +035 -083 +057 -063 +056 -033 +031 +051 +087 -007 +015 -016 +046 -087 +012 +076 +077 +028 +024 +063 +002 -018 -070 +084 +006 +063 -017 +066 -024 +023 +028 -031 -024 +030 +072 +022 -034 -055 +047 +065
-070 +088 -076 -068 -087 +025 -036 -067 +072 -044 -011 -016 -050 -027 +065 -033 -081 +044 -016 +070 -083 +001 +036 +036 -053 +051 +074 -075 +066 -047 -067 -007 -100 -034 +048 +010 +048 -040 -025 -012 +068 +050 -077 -058 +067 -020 +054 -007 +017 -086
+067 -050 +061 +080 +003 -070 -010 +018 +035 +070 -065 -004 -017 +006 -028 +051 +078 +045 -081 -016 +000 -057 -007 -043 +032 -087 +076 +066 -005 +025 -030 -087 +060 +064 +083 +013 +051 -077 +088 -076 -043 -088 -015 +041 -030 +068 -076 -025 -086 +035
-053 +057 -076 +045 -062 -066 +004 -082 -084 -072 -016 +073 -014 -035 -061 +064 -005 -056 -015 -038 -082 +002 +035 -070 +046 -058 +056 +008 +046 +032 +024 -017 -063 -070 +023 +030 +065 -017 -081 -007 +044 -040 -014 +022 -038 -055 +022 -050 -000 +012
-030 -025 -015 +034 -083 +014 +061 +015 -064 -018 +050 -066 +045 +025 -078 -010 +087 -087 +042 +081 -011 -014 +030 +052 -012 -078 -042 +013 -071 +036 -034 +038 -062 -062 -001 +008 +085 -020 -015 +042 +051 +070 -065 +035 +000 -010 +050 -017 -084 -034
+041 -007 -087 -007 -083 +078 +085 +022 +037 -021 +058 -045 +031 +078 -014 +031 -036 -083 -065 +041 -035 -038 -042 +045 -025 +071 +034 +065 +030 -074 -060 +012 +081 +024 +056 -032 -046 +060 -042 -063 +055 -078 -074 +031 -015 +005 -062 -083 +012 +030
+048 +075 -086 -056 -070 +026 -064 -088 -061 +003 +060 +012 -076 -040 -080 -046 -020 -082 +056 -004 +037 +028 +080 -072 +087 +045 +047 +072 +012 +014 +080 -016 -037 +018 +046 +063 +008 -078 -026 -003 +082 -011 +014 -058 +015 +028 +004 -007 +006 +050
+006 +085 +077 +040 +022 +020 -063 +080 +038 +000 +076 +000 +042 +086 -075 -024 -075 -087 -034 -053 -060 -023 -007 +003 +087 -028 -044 +080 -035 +023 -040 +055 +073 -037 -067 +063 +031 +085 +053 -060 +042 +025 +006 -017 -025 -021 +045 +068 -001 +041
+085 +070 +040 +016 -003 -046 -062 -018 +087 +085 -054 +037 -071 -050 -030 +022 +061 +075 -024 +075 -043 +017 -044 +016 -047 -022 +054 -082 -021 +073 +042 -016 -033 +013 -076 -036 +063 -034 +068 +015 -063 -037 +002 +082 +015 -034 -037 +082 +015 -054
-015 +000 -038 +055 +006 +038 +054 -071 -066 -034 +037 +016 -078 +062 -033 +058 +002 -033 -046 -053 +011 -068 -080 -014 +068 -000 -005 -003 +072 -035 +013 +060 +041 +075 -085 -047 +072 +052 +016 +035 -045 +002 -046 +078 +065 -052 -084 +000 +025 +050
-017 -008 -005 +083 +085 +020 +062 +041 -053 -013 +011 -017 +051 +015 +085 +043 +017 +082 +060 -036 +008 -048 -013 +083 +050 -034 -048 -005 -050 +010 -050 -052 -031 -087 -031 -013 +066 -025 +015 -066 +050 +024 +024 +083 +075 +040 -085 -005 -035 +035
-003 -048 +042 -058 +083 -076 -021 -033 -003 -062 -058 +068 -025 -047 +064 -037 +033 +047 -077 +100 +085 -012 -088 +064 -037 -076 -083 +013 +020 +001 +036 -060 +057 +031 +082 -057 -055 +005 -073 -065 -020 +056 -082 +084 -014 +081 -086 -006 -043 +050
-002 -088 -010 -017 -030 -033 +027 -035 +003 +006 +040 +023 -035 -026 +032 +054 +004 -087 -011 -053 -058 -077 +048 -031 -021 -038 -002 -023 -077 -033 +037 -024 +002 -051 -083 +018 -046 -045 -065 -016 +068 +000 +006 +068 -058 +057 +020 +084 +033 +031
-053 -060 -000 +055 +055 -032 +026 +036 +020 -067 +086 -052 -030 +065 +040 -005 -031 -001 +056 -001 -032 +068 -068 -055 +010 +018 -014 -000 +032 -077 +083 -064 -005 -088 +027 -022 +004 +086 -055 +050 -055 -034 -055 -066 +015 -087 -062 -060 +082 +033
-026 -038 -044 -041 +058 -043 -063 +020 +052 -088 +043 -020 +078 -020 -028 -062 -013 -047 +008 -012 +046 +056 -025 -037 -032 +085 +068 +045 -036 -016 -072 +082 +072 -047 -048 -067 +040 -036 -060 -055 -063 +048 +087 +075 +013 -052 -012 +056 +040 +028
-018 -026 +053 +001 +011 +076 -020 -052 +084 -001 -083 -046 -006 -085 -081 -042 -053 +005 -056 -020 +052 -085 -055 +007 +035 +004 +063 -068 -081 -007 -073 +037 -046 +084 -045 +032 +022 +062 -063 +040 -038 +073 +052 -057 -085 -036 -027 -016 -004 -037
+036 +047 +054 -088 -051 -066 +056 +016 +045 +076 +041 +064 +073 +013 +087 -020 +024 +007 +012 +038 +018 +032 -020 +074 -040 -014 +033 +014 +022 -053 +027 +041 +048 -006 -071 +070 +047 +050 +055 -027 -056 -034 -041 +002 +032 -046 +018 +001 -004 -041
+047 -042 -056 +001 +038 -071 -005 -072 +030 -036 +010 +028 -085 +016 +058 +073 -088 -011 +000 +022 -018 +081 -025 -037 +040 -016 -051 -065 +038 -032 -085 +022 +027 +004 +074 +074 -018 +052 -084 +032 -065 +065 -032 -008 -048 -060 -056 +088 +064 -081
-032 -063 +061 -082 +054 -075 +014 -077 +071 -073 +054 -034 +040 +082 +017 +046 +031 -011 +064 +008 -025 -032 +074 +002 -041 +083 +035 +023 -082 -060 -054 +065 -001 +028 +075 -050 -024 +066 -052 +082 +078 +051 -053 -021 -082 -014 -086 +015 -040 +007
-085 -068 +036 +024 +058 +056 +017 -008 +016 +055 +008 +032 -066 -052 -004 +010 -020 +058 +053 -056 -023 +007 -070 -088 +042 -077 +081 +084 +011 +061 -032 +073 -070 +065 -085 +028 -064 -041 +078 -086 -037 +077 +015 +054 +083 -041 +080 +066 +030 -038
+024 -077 +064 -068 +004 +047 +067 +057 -045 +022 -018 -056 +043 -018 +025 +006 -014 +043 +013 -064 -041 -033 +034 +033 -100 +062 +026 +041 +041 +043 -030 -014 +067 -003 +070 +021 -045 +076 +001 +001 -026 +070 +034 +083 +041 +062 +004 -060 +006 -078
+061 +023 +046 -042 -042 -080 -080 -086 +063 -026 +015 -073 -081 -008 +018 +080 -013 -081 -028 -017 -000 +001 -028 -081 -077 -074 +037 +064 +004 -037 +006 +027 -040 +040 +067 -081 -028 +074 -047 +034 +087 +001 +016 -007 +082 +026 -085 -042 +084 +038
+072 -007 -060 -078 -076 -060 -035 -074 +045 +014 -027 -077 -033 -007 -082 -066 -008 +008 +020 -038 -035 +072 +046 +030 -021 -042 +004 -081 -060 +074 +040 +035 +045 -018 +018 -070 +075 +033 +057 -056 +020 +001 +031 +012 -078 +050 +041 +050 +017 +078
-050 -036 +040 -080 +043 +010 +002 -016 -054 +000 -014 +030 +075 +056 +044 +083 +072 +087 +037 -025 +047 -068 -020 +058 +033 +082 -080 -100 -007 +075 -088 +080 -058 +004 -068 -000 +007 -086 +007 +006 +036 +063 +001 +058 +054 +064 -004 -008 +034 +040
+012 -035 +038 -037 -002 +030 +064 -011 +100 +071 +075 -030 -014 +052 +077 -030 +043 +070 -013 +072 -078 +013 +050 -068 -061 -064 -058 -013 +026 -043 -030 +027 +068 -024 +047 +043 +036 -015 +024 -062 -062 +070 -052 -081 +051 -056 +017 +086 -085 +086
-034 -043 +067 +002 -020 -058 +064 -045 +038 +066 +013 +072 +087 -002 +076 +063 -068 -023 +033 +081 -007 -060 +064 -071 +034 -005 +071 -056 -045 -021 -046 +012 -075 -067 -034 -100 +028 -034 -044 -060 -008 +081 +086 +085 -078 +048 +018 -015 -058 +072
-004 -006 -077 -042 -063 -066 +050 +021 -060 +016 -017 +054 -003 -004 +043 -054 +082 -018 -031 +078 +065 +074 -052 -018 +011 +002 -043 -063 -053 -033 +008 -018 -002 -008 -085 -015 -064 -001 -017 +080 +037 +034 +062 +005 -065 +066 -065 +046 -058 +058
-070 +085 -083 +083 +085 -062 +033 -017 +066 -053 +053 +022 -040 -002 +011 -062 +053 -081 -035 +003 -005 -020 +061 -021 +077 -084 +052 +065 +004 +052 +081 +021 +027 -032 -038 +050 -073 +051 +004 -042 +085 +082 +052 +058 +073 -024 -020 +075 +074 -047
+087 +014 -010 -011 -064 -083 -056 +060 +005 +082 +050 +056 -013 +070 -021 -018 -078 -004 +055 -012 +082 -055 -055 -014 -087 -048 +068 +028 -070 -071 +031 -074 +004 -085 +033 +036 +001 -055 +088 -064 -057 +012 -065 +040 +022 +077 +024 -027 -056 +004
+066 -028 -004 +017 -081 +058 +088 +028 +086 +081 +040 -083 +077 +072 -006 +020 -048 +063 +048 +043 +081 -034 -023 -002 +064 +063 +038 +088 -025 +013 -051 +033 +021 +016 -053 -032 -013 -080 +064 -048 +074 -047 +077 -018 +052 -064 -043 -078 -083 -043
+080 +050 -031 -010 +035 +018 -057 -078 +067 +000 -033 +024 -045 +003 -023 -061 +023 -042 +037 -005 +053 +033 -046 +071 +000 +013 -024 +021 -056 -030 -046 -022 -010 -022 -035 -066 -052 +057 +060 +066 +005 +020 +016 -047 -088 -044 -061 +084 +016 +064
-058 -077 +036 -007 +077 -037 +075 -054 +048 -002 +031 +002 +057 +070 -023 +077 +042 +003 +043 -064 +082 -017 +063 -044 +028 +022 +056 +000 +058 +100 +086 +048 +047 +064 -081 +085 +067 -042 +011 -064 +038 +078 -014 -058 -051 +027 -044 -061 -037 +028
-011 +005 -053 +038 +047 -068 +057 -055 -034 +081 -004 -001 -004 +064 +071 +061 +067 +003 -027 -002 -068 -013 +087 +025 +086 +006 -022 -050 +022 +033 +063 -007 +088 +056 +065 +053 -047 +035 +057 -016 +077 +043 +048 +030 -077 +031 -010 -002 -057 +067
+068 -070 +086 -050 +077 +017 -084 +006 +004 +038 +070 +054 +001 -038 -072 -085 +000 +022 -017 +044 +084 +062 +052 -012 +068 +068 -088 -073 +084 -075 +003 +088 +015 -078 -024 -028 -031 -061 +044 -021 +042 +020 +034 -056 -028 +036 +088 -088 +002 -080
+081 -075 -037 +054 -052 +100 -053 -043 +027 -075 +081 +032 -085 +031 +066 +088 -088 +086 -055 -068 +045 -087 +024 +081 +085 -077 +043 +041 -028 -061 +088 +087 -055 -083 +043 +006 -072 +044 -014 -040 -027 +008 -024 +022 -020 -084 -041 +076 +000 +080
