+036 +032 -054 +088 +007 -085 +030 +065 +071 +062 -083 -017 -012 -008 -053 -021 +080 +005 -068 -017 +011 +061 +001 +070 -036 +083 +033 -052 +084 -034 -071 -073 +008 +076 +061 +050 +002 -013 +038 +001 -008 -086 -045 +067 +014 +082 +083 +086 -017 +040 -100 +046 -070 -043 +024 -024 +016 +053 +070 -010 -028 -086 +021 +043 +073 -031 +061 +047 -044 +033 +003 -062 -082 -052 -072 -052 -070 -008 -080 +053 -034 +080 -056 +011
+027 +063 -083 +054 -060 -003 -055 -034 -056 +070 +014 -100 +054 -071 -075 -052 -047 +022 +083 +046 -070 -085 -086 -064 -042 +016 +048 -036 +072 +014 +021 +040 +008 -071 -030 +034 -070 +068 +040 +028 +022 +080 +022 +075 +013 +037 +068 -010 -014 +030 +063 +054 +006 -043 +002 -082 -017 -072 -004 +033 +001 -054 -005 -016 -052 +043 +073 +062 +006 +085 +068 -015 -076 -050 +004 +006 -030 +022 +057 +085 -004 +046 +052 -085
-060 -078 -011 -018 +061 -040 -000 +050 +030 -081 -057 +056 -012 +025 -080 +024 -055 +072 -054 +001 -031 +013 +020 +064 -080 +017 -036 -001 -053 +026 +054 +030 -002 -031 -004 +037 +008 +012 +057 +058 -065 +050 -003 -033 +033 +015 +066 +010 -078 +072 +075 -031 +017 +030 +048 -086 +024 +017 -046 -065 -075 +021 +075 +014 -051 -034 -017 -007 +077 +008 -055 +076 -001 -063 -056 -053 +072 -056 -030 -068 -066 -083 -062 +003
-046 -017 +024 -046 -061 -053 -063 +074 +072 -068 +006 -054 +030 +088 +025 +040 +032 -047 -042 -011 -064 +025 -012 -084 -082 -041 +070 +006 -006 +050 +084 -028 -068 -018 -046 -042 -042 -000 -058 +025 -038 -074 -020 -076 +072 +087 +044 +087 -022 +077 +070 +045 -073 +076 +080 -047 -027 +077 +006 -085 +005 +015 +047 +010 -062 -034 +042 +024 +051 -074 -023 -083 -055 -067 +031 +036 +006 -047 +086 -028 +026 +058 -018 -012
+041 +026 -051 +087 +071 +043 +085 +100 +005 -050 +086 +084 -043 +053 +056 +061 +006 +065 -023 +081 -022 +086 +024 +048 +082 +086 -022 -058 +027 -072 +000 -085 -015 -001 -030 +078 +020 +040 -100 -018 -076 +015 +022 -050 +018 +052 +054 +024 +037 -034 +034 -026 -033 -040 -001 -040 +075 -038 -054 +007 -084 -023 -080 -002 +017 -032 +068 +047 +003 -060 +024 -032 +022 -063 +074 +022 +020 -048 -086 +030 -075 +055 -062 +076
+037 +025 -041 -035 +058 +060 +051 +061 +047 -016 -085 -060 +070 -073 +082 +013 +073 -058 -004 -024 -080 +057 +074 +047 -022 +045 +042 -014 -051 -031 +070 +073 -047 +058 +037 +025 +017 -075 +015 -030 +068 -010 +083 +051 -027 +060 +088 -020 +046 -064 +026 -017 -013 +066 -035 +063 +040 -000 +070 -068 +065 +012 -075 -023 +024 -080 +024 +088 +003 -011 +020 +002 -032 -002 +002 -088 -066 +086 +050 +075 -081 +018 -011 -067
+062 +034 -088 -034 -050 -074 -086 -035 +100 +024 +076 -088 -012 +067 -061 +018 -037 -026 +030 +023 +043 -018 +056 +057 +038 +045 -066 -057 -000 +060 +063 -022 -075 -061 -062 +040 -005 +015 +027 +073 +073 -005 -016 -066 -007 +071 +037 -008 -056 +035 -055 -012 +078 +063 -067 -004 +035 +014 -076 -006 -055 +042 +001 +030 -086 -058 +063 -004 -043 -028 +010 -062 -074 +053 -080 -046 -056 +068 +015 -067 +033 -087 -025 +085
-013 -017 +022 +050 +017 -067 -066 +015 -030 +044 -054 +050 -024 +078 -044 -053 +038 -067 +031 -087 -071 +063 -062 +032 +066 +002 -083 -015 +056 +032 +040 -046 -042 +002 -006 -038 -076 +088 -063 -028 -064 -064 -014 +032 +061 -045 -068 +058 +042 -032 -023 -085 +073 -080 -073 -053 -081 -011 -073 +015 -016 -068 -044 +040 -062 +067 -054 -057 +026 -018 +073 +050 -062 -031 +047 +000 +032 -013 -046 +037 +037 -025 -064 -006
+024 +013 +023 -003 -024 -023 -037 +063 -018 +021 +004 +018 +064 -006 +043 +018 +000 -032 -082 -067 -013 -001 -042 -053 +046 +055 -022 +060 -077 +007 +042 +067 -001 +026 -072 -005 -027 -050 +007 -066 +086 -058 -014 -048 -055 +002 +067 -043 -001 +034 +033 +016 -077 -055 +012 +013 +050 -020 +014 -032 +080 +024 +081 +031 +088 +008 -048 -035 +033 +035 -010 -044 -081 +026 -024 +016 +024 +073 -036 +015 -031 -063 -050 +016
+003 -025 -033 +053 -006 +075 -033 +044 +032 +083 -050 +068 +045 +022 -005 +074 +032 +032 -006 +005 +062 -008 -070 +026 -083 -062 +087 +056 -073 +085 +036 +074 -046 +061 +100 -077 +065 -066 +080 +060 -063 +072 -013 +088 -063 -024 +008 +046 +078 +014 +082 +027 +080 +068 -066 -028 +021 +023 -072 -038 +050 +010 -066 -050 -087 +050 -063 +030 -056 +007 -016 +086 -055 +008 +026 +083 +084 +008 +088 +077 +022 +010 +021 -001
+018 +041 +053 -014 -063 -065 -046 +034 -032 +078 -024 +013 -067 +021 -074 -018 +082 -035 -004 +058 -060 +037 +071 -078 +035 +014 +038 +046 +032 +016 +078 -054 +076 -006 +021 -067 +078 +038 -030 -007 -036 +023 -024 +077 +033 -015 -084 -000 -073 +030 +026 +040 -085 +017 +000 -060 +015 -002 -050 -077 -037 +074 -088 -025 +021 -041 +077 -086 -083 +034 -062 +056 -037 -075 -066 -034 +012 +084 -053 -081 +042 -033 -068 -020
+073 +054 -040 +013 +026 +003 -026 +074 +036 +046 +038 +015 -021 -031 +033 +051 +046 -018 -012 +003 -032 -074 -081 -075 -002 -021 +023 +050 +010 -028 +048 -030 +071 -047 +034 -007 +062 -066 -042 +005 -006 +002 -072 +027 +016 +056 +030 +072 -086 -048 -082 +028 -062 +032 -004 -078 -014 -023 +002 +001 +026 +013 -041 -030 +044 -076 -005 -001 +031 +024 -017 -064 +058 +011 -051 -055 -000 -080 +000 -034 -086 -037 -048 +021
+052 +065 -014 -012 -028 -004 -014 -013 +026 -048 +084 +030 -015 +068 +045 +085 -071 -052 +042 -045 -023 +077 -010 -037 +081 -013 +063 +051 -045 +002 +088 +001 +077 +006 -024 +047 -048 -034 -040 +025 +040 +062 -028 +006 +022 -013 +034 -035 -035 -047 -026 -040 -076 -006 +013 +002 +081 -043 -056 +100 -056 -072 -050 -013 -086 -038 -001 +074 -011 +058 +020 -023 -051 +016 -008 +075 +058 +082 -078 -037 -086 +007 -067 +022
-027 -071 +063 +008 +066 -084 -055 -035 +045 -060 +041 +022 +027 +072 +013 +014 -023 -086 +053 +088 -010 +018 -020 +032 -083 -025 -028 +002 -028 -001 -061 +070 +054 -005 +043 +034 +056 +055 +012 -056 -021 +011 -035 +087 +004 -044 +015 -034 -053 -046 -077 -100 +085 -065 +008 +018 -074 +072 +041 -015 +047 +088 +066 -037 +071 +075 -010 -060 +062 +055 -052 +038 +088 +084 +017 -047 -081 +035 -028 +083 +077 +014 -010 +085
-028 -003 -022 -058 +081 -087 -031 +082 +041 -024 +032 +038 -021 -060 +070 -014 -014 -023 +083 -012 +082 +005 +047 -016 +081 +078 +036 +005 +058 -085 +073 +026 -052 -073 +042 -035 +030 -082 -046 -017 +086 +087 -044 +017 +032 -033 +005 +080 -065 +035 -067 -025 +005 +063 +054 -082 -055 +077 -082 -011 +031 +070 -100 -047 +048 +012 -075 +044 +060 +087 +011 -083 -081 -047 +000 -004 +024 -081 -010 -040 -041 -076 +047 +015
-011 -000 -088 +041 +008 +077 +083 +077 +036 +084 -045 -078 +077 +005 +056 -081 -080 -065 -071 +045 +040 -032 +026 +021 -058 +080 +006 +034 +047 -055 +067 +016 -004 +010 +061 -040 -016 -006 +024 -083 +008 +008 -004 +002 -022 -052 -017 -070 +015 -011 -078 -077 -007 -033 +075 +083 -060 +065 -024 -037 +071 +052 +053 +084 +043 -072 -057 +086 -046 -057 -008 -066 +062 -002 -083 +057 +057 -028 -082 -025 +028 +032 -020 +055
+008 -083 +005 -052 -017 +032 -025 -088 +028 +051 +036 +078 +026 +035 -086 +077 -038 +057 +078 -073 -058 -068 -005 +066 +067 +060 +002 -085 -074 +004 +030 +017 -065 +003 -017 -028 -041 +004 +011 +032 -040 -083 -088 -018 +013 -088 -007 +081 +012 -087 +065 +075 -078 -034 -004 -076 +068 -073 -004 +047 +031 -016 -100 -065 -013 +064 +064 -016 +075 +001 -036 +067 +025 -020 -078 +038 -008 -087 -040 -051 -057 +075 -055 -006
+078 +064 -041 -077 +001 -088 +032 +063 +052 +052 +017 +066 -004 -086 -052 -070 -073 -061 +005 -054 +003 -086 +024 -100 +042 -071 +085 +011 -078 +027 -068 -068 +031 -082 +047 -023 +080 +078 -074 +084 +063 -004 -074 -087 +017 +038 -051 -024 +040 +082 +006 +060 -017 -024 +015 -004 +032 -042 +015 -085 +071 -030 -084 -067 +087 +004 +071 -004 -058 -078 -014 +015 +021 +013 -026 +050 -018 -036 -022 -033 +025 +041 +076 -074
-066 -057 +037 -056 +057 +001 +087 -047 -028 -055 +008 -005 -016 -068 +013 -075 -067 -022 -032 -073 -080 +053 -086 -084 -085 +071 +088 -054 -044 +027 -088 -037 -072 -033 -080 -044 -076 +041 -012 +072 -044 -058 -044 +018 +058 +057 +086 -045 -048 +060 +058 -026 -087 -084 -086 +043 -056 -001 -055 -047 +003 -007 +078 -020 +067 +054 -021 -006 +080 -048 -022 +044 +048 -037 -075 -067 -085 -073 -031 +055 +030 +006 -077 +054
+075 +085 -010 +036 +056 -046 -073 -024 +040 -012 +072 -071 +021 +057 +053 -055 -040 +035 +028 +057 -007 +063 -010 +026 -036 -087 +001 -085 -016 +015 -042 +076 -072 -016 +081 -055 +045 -044 +026 -041 +072 +018 +007 -033 -046 +000 +072 -082 +086 +068 +086 -041 +040 +024 -071 -006 -016 +038 +072 +033 +015 +064 -012 +061 +018 +014 +060 +027 +063 +041 +026 -078 +038 -032 +047 +084 +053 -040 +074 +033 -084 -000 +053 +042
+020 -074 +023 -053 +003 +070 +061 -061 -036 +068 -066 -032 -063 +055 +032 +008 +041 +051 +080 -083 +046 +087 +060 -026 -017 +004 +058 -034 +006 +086 +065 -077 +046 -082 +004 +051 +033 -062 +062 -035 -087 +088 +088 +032 -006 +075 +074 +061 -045 -064 -053 +056 +023 -000 -006 -056 -027 +076 -002 -063 -086 -020 +052 +071 +028 -078 +006 -014 +031 +035 -036 +042 +007 -078 +057 -007 -083 -060 +080 -053 +004 -085 +055 +053
-082 +043 -063 +062 +074 -007 -066 -050 -064 -001 +066 -022 +077 -008 +044 -087 -016 -038 +060 +078 +056 +033 -028 -072 -036 -016 -047 +033 +016 +004 -052 +041 -045 -075 +001 -082 +010 -071 +013 +073 -030 -031 -051 +043 +023 +000 -038 +061 +070 -011 +044 -087 -021 -030 -036 +027 -077 +068 +062 +075 +058 +028 -075 -057 -054 -071 +044 -020 -008 +030 -000 +055 +048 -012 -025 -025 +050 -070 +007 +073 +051 -017 +051 -036
+038 -088 +017 -036 +077 +066 -061 +070 +051 -083 +027 +063 -082 -074 -004 -016 +055 +013 +100 +074 -006 +056 +008 +082 +035 -080 +050 -031 +083 +100 -023 +061 +067 -028 -015 -064 +075 +026 -015 +027 +038 +085 +037 +071 -085 -020 -082 +082 -012 -047 +075 +053 +052 +045 +082 +087 +077 +000 -046 -080 +022 +055 -084 +015 +058 -075 +042 -061 -056 +018 +070 +040 +040 -072 -050 -080 +012 -083 -004 +022 -047 +002 +074 -054
-014 -027 -010 -032 -085 +000 -085 +002 +048 -064 +005 -013 +000 +000 -006 +087 +011 -075 +058 +084 +008 +038 -011 -018 -040 +001 +003 -037 +022 -013 -012 +040 +028 +080 +046 +017 +001 +008 +088 +083 +048 +071 -022 +081 -016 +038 -010 +060 +041 +052 -075 -054 +056 -066 +028 -048 +067 +050 -021 +015 -044 +000 -072 +030 -057 +052 +035 -052 +088 +016 +068 -061 +052 +048 -077 -031 -000 -022 +027 +068 -070 -040 -040 -005
-077 +037 +005 +044 -030 +038 +025 -050 +031 -006 +017 +065 +071 -011 +003 -003 +023 -000 +022 +018 -046 +065 +066 +066 +018 -042 +004 -070 +032 +037 -038 -008 +072 -082 +006 +048 -015 -003 -072 +007 +008 -006 +081 -081 +058 +065 +002 +048 -024 -061 +013 -068 -082 -003 +027 +064 -056 -010 -051 -063 +014 +038 +003 -024 -025 -031 -050 +011 +032 -084 +088 -078 -080 -080 -014 +002 -083 -017 +067 -054 -012 +070 +088 -038
-052 -085 -063 +003 +061 -085 +065 +050 +052 -002 -084 +056 +062 -073 -012 -015 +006 -027 +068 +060 +081 +055 +024 +013 -088 -062 +001 -064 -056 -048 +056 -016 +080 +025 -030 -068 -001 -012 +076 +078 +016 +032 +044 -040 +002 +020 -030 -080 -068 +040 -047 -028 -032 +033 +005 +007 -074 -043 -017 +083 -070 +002 -028 -010 -020 +046 -046 -043 -073 -005 -002 +058 +037 -055 +030 -016 -086 +008 -017 +064 -077 +054 -037 +004
-038 +041 +053 -032 +072 +071 +031 +051 -056 -010 +044 -045 -062 -072 -048 -088 +032 +062 +018 -055 +000 -087 -041 +031 +086 -063 -076 -053 +025 -028 -007 -054 -052 -060 -013 -047 -014 -053 +025 -005 -065 +082 +081 +081 -080 -004 -021 -042 +050 -012 -077 +067 +083 -048 -006 -100 +031 +023 +074 -044 +083 -015 -038 -078 +068 -000 -086 -023 +051 -026 -053 -042 +018 +031 -040 -076 -033 -086 -002 -022 +043 +015 -023 -057
-010 +037 +032 +033 -065 +025 -022 -076 -076 +038 -037 -014 +005 -012 +004 +017 +046 +007 +021 +072 +005 -012 -022 -081 -003 +087 -060 -042 +035 +035 -055 -082 +060 +076 -072 -023 +016 +044 -010 -061 +004 +016 +076 +070 +060 +021 +024 +048 -043 -083 -046 -001 -056 +075 +070 +080 +074 +066 +048 +054 -068 +044 +080 -007 -015 +055 -060 +060 -073 -000 +078 +066 +065 -001 +026 -028 +047 -014 +080 -033 -048 -014 -013 -083
+033 -013 -031 +005 -022 +031 -013 +010 +015 -033 +014 -001 +040 -100 -073 -042 -005 -076 -060 +054 +037 -041 -050 +070 +017 +057 +002 -043 +066 +038 -016 +078 +016 -026 -042 -007 +064 +037 +035 -061 +028 -045 -016 -021 -077 +011 -074 +085 -002 +062 +017 +072 +083 -007 +018 +000 +001 +075 -006 +087 -065 +066 +047 -005 +038 +078 +037 +052 +030 -041 -058 +083 +072 -083 -032 +027 +025 -016 +034 -052 +011 -040 +035 -065
+016 -042 +026 +075 +088 +041 -017 +066 +048 -017 -051 +083 -036 +045 -015 +057 +001 +068 +000 +077 -071 +022 +021 -037 -043 +068 +047 -082 +056 -045 -004 +021 +034 -028 +074 -054 +038 +077 +075 +000 -062 -016 -016 -044 -085 -035 -041 -012 -048 -043 +033 -056 -042 -055 -007 -031 +017 +073 +040 +030 -086 +023 -080 -053 +006 +025 -004 -051 -072 +007 -060 +022 +000 +080 -016 +086 -084 +027 -058 -045 +002 +017 -002 +027
-051 +017 -084 +002 -047 +075 -076 -050 -051 -007 -066 +026 +036 -072 -086 +035 -040 +064 +031 +085 -032 +072 +076 -082 +073 +082 +012 -040 +006 -037 -061 -065 +042 +074 +068 +018 +021 +075 +083 -063 -088 +084 +025 +062 -046 +040 -013 +075 -014 +050 -056 -062 +068 +048 +024 -027 -031 -068 +042 -011 -077 -072 -018 -011 +064 +003 -012 +052 -083 -005 +061 -075 +084 +086 +047 +017 -058 -015 -075 -015 +028 +031 -047 -075
-054 -036 -082 -047 -026 -044 +078 +085 -004 +024 -041 -008 +050 -030 -001 -006 -061 -016 +005 -080 +064 +040 +042 +044 -078 -068 -055 +003 -026 -034 +017 -033 +008 -044 -028 +062 +066 +058 -014 -082 +018 +065 +086 +053 +040 +080 +000 -066 +075 +042 +081 +082 -063 -025 +011 +025 -020 -054 +044 -064 +061 +077 +016 -083 -038 -046 +078 +042 +018 +086 -087 -075 +081 +063 -024 -054 +074 -026 -001 -075 +076 +072 +077 +003
-015 +001 -057 -073 +073 +025 +010 +048 +035 -061 -050 +071 +045 +086 -027 +037 +034 +057 -021 -080 -003 -026 -072 +078 +088 -015 -013 +067 +056 +075 +083 -084 +026 +003 +020 +076 -003 -055 -032 +041 +066 +047 +065 +044 -035 -077 -070 -011 -048 +068 -013 -006 -012 +057 -072 +038 -037 +021 +034 -063 -057 -070 +075 -001 +034 +026 -025 -028 -045 -010 +028 +100 -037 -056 +052 +023 -047 -057 +100 +072 -083 +018 -022 -047
+066 +042 -064 -100 +066 -060 +054 -051 -080 +061 +061 -042 -050 -013 -055 +060 -085 -073 +044 +007 +034 -042 -047 -058 +023 +070 +070 +015 +022 +054 +020 +056 -077 +005 -045 -073 +040 +060 +040 -050 +061 +065 +001 +078 -050 -032 -077 +063 +022 +046 -025 +057 -061 +060 -024 -040 +044 +078 +060 -022 +048 +071 -051 -060 -021 +020 -066 -068 -071 -056 +068 +013 +051 +035 +037 +040 +023 -005 -034 -024 -086 +031 -026 -037
+083 -056 -026 +025 +068 +050 +076 +078 +034 -016 -043 -100 +046 +002 -024 +024 +043 +035 -046 +038 -037 +003 +003 +023 -046 -046 +006 -003 +083 -050 +056 +026 -037 -037 -041 +015 +018 +056 +008 -063 -078 +048 -080 -077 -026 +067 -075 -083 +064 -041 +063 -012 +063 -021 -080 +066 +013 -065 +014 +020 -076 -067 +074 -034 -042 +071 +026 +072 -075 +005 -047 -086 -053 -023 -004 -027 -021 +000 -032 +072 +043 -047 -075 +037
+073 -055 -018 -046 +007 +044 +040 -075 +063 -031 +002 -073 -085 +003 +014 -036 -087 +082 +016 -070 -016 +022 -021 -005 +028 +081 -041 -032 +075 +017 +024 +012 -063 +055 -077 +048 -070 +068 +018 +042 -051 -071 +003 +044 -040 +061 +087 -034 -026 -051 +085 +023 +044 -088 +008 +071 +020 +027 -071 -037 -047 -024 -041 +040 -056 -077 -064 +000 +025 -085 +082 -013 -077 +075 +044 +004 -052 -045 +073 -078 -075 +055 +080 -086
-085 +052 -071 +055 -004 -063 +083 +006 +006 +086 -026 +088 -046 +068 +013 -078 -067 -085 -052 +072 +061 -031 -013 -068 -033 +060 +061 -062 -022 -036 -054 -070 +058 +031 -047 -070 -020 -035 +036 +061 +030 +026 -075 -043 +087 -010 -082 +053 +046 -054 +061 -062 -026 -072 +084 -074 +022 -057 -073 -074 -070 -043 -021 +027 +044 -001 -005 +065 +022 +074 -040 +046 +080 +047 +082 -013 -033 +081 +041 +078 +017 +085 +075 +056
+086 +006 -012 +070 -038 -082 -054 -048 -062 -087 -087 -056 -078 -087 -004 +042 -008 -086 -037 +038 +078 +036 +073 +080 +017 -000 -021 -013 -026 +034 +051 -005 +041 +042 +084 +077 +058 -008 -075 +055 +067 -071 -064 +012 -045 +004 +055 +051 +062 +024 -056 +055 -087 -006 -036 +020 +006 -040 +081 -082 -047 -055 +010 -001 +050 +028 -058 +054 +010 -036 -022 -062 -050 +037 -048 -067 +035 -086 +031 -017 +084 -060 +001 +004
+063 +083 -013 -012 -070 +014 -048 +034 +061 -086 -067 +017 +018 -010 +023 -065 -041 +011 +085 -017 +020 -031 -025 -076 +070 -068 -043 +035 +063 +050 -077 -025 -041 +031 -065 -048 +048 -020 +027 -014 -084 -030 +078 -061 +011 -052 +067 -076 -044 -016 +047 +042 +034 -018 +045 -060 -042 -003 -015 -055 +028 -003 +052 +003 -052 -043 +035 -028 -044 -032 -027 +080 -064 -021 -055 +035 -016 +073 -020 -041 +001 -032 +056 -060
+056 +003 +082 -043 -054 +046 -020 +056 +021 -022 -068 -051 -048 +018 +061 +062 -028 +042 +088 -002 +082 +068 -031 -070 -017 -076 +074 +025 -021 -056 -030 -088 +080 +004 -015 +073 +010 -027 +025 -081 +076 -058 +026 -030 +054 -047 +006 +076 +026 +027 -032 -026 +006 +065 +004 -026 -044 +056 -007 +070 +035 -047 +063 +006 -012 +064 -024 -077 +028 +034 -047 +002 -008 -046 +005 +066 +026 +033 +065 -017 +071 -061 +024 -086
+008 -061 -003 +071 +075 -052 -027 +038 -073 +084 +068 -044 +071 +041 -074 -071 -015 -010 -037 +046 +030 +008 +087 -076 -028 -073 +021 +005 +063 -046 +031 -051 -075 -045 -064 +004 +006 -064 +010 -074 +085 -013 +035 -013 +001 -046 -073 +065 +003 -038 +074 -006 -051 +037 -078 -062 +024 -006 -005 +080 -043 -048 +010 +045 -047 +082 +058 -074 +072 -042 -043 -070 +000 +048 -087 -064 +045 +076 +023 +087 +008 -004 +036 +080
+002 -088 -011 +058 -035 +033 -016 +088 +088 +017 -060 +070 -052 -087 -038 -072 +066 +005 -044 +043 -061 -024 -075 +035 +000 +047 -026 +037 -038 -023 -010 +004 +071 -070 -048 -008 -021 -032 +054 -065 +065 +004 -055 -063 -066 -057 +031 +031 -020 +073 +033 +060 +031 -068 -030 -066 +020 +057 -088 +023 -015 +007 +051 -061 -008 +006 -086 +068 +055 +043 -011 +027 -080 -028 -001 +055 +068 -082 +047 -004 +078 +080 +000 -005
-054 -084 -043 +032 -048 -034 +023 +000 +036 +042 +046 -055 -067 +067 -057 +046 -005 -072 -020 -085 +003 -025 -046 +068 -024 +058 -017 +030 -032 -023 +016 -035 -014 +066 -047 +055 -068 -058 -015 -084 -040 +061 -031 +068 -044 +088 +070 -054 +041 -071 -071 -073 +033 +002 +006 -076 +042 +082 +085 -066 -010 +022 +013 +040 +026 +032 +082 +085 -020 +034 -074 -000 -053 +038 +010 +017 +001 -053 +001 -000 +015 +012 +010 -020
-012 -044 -052 +044 -053 -044 -015 -053 -084 +041 +018 +055 +011 -075 -018 -085 -075 +040 +025 +078 -078 -025 +062 +043 -042 +056 -058 -063 -082 -078 +025 +036 -037 +026 -048 +038 +080 +006 +050 -066 -057 +088 -053 +016 +007 +010 +014 +035 -007 +030 +056 -025 -012 -080 +027 +073 -026 -013 +055 -027 -002 +086 +011 -030 +063 +025 -006 +050 -085 +018 +043 +045 -001 -030 -081 -064 +076 -050 -017 +035 +073 -078 +047 -051
-084 +082 +010 +002 -085 -037 -045 +028 -010 -040 -073 -037 +030 -005 -013 -100 +031 -074 +075 -003 +001 +084 +001 +040 +007 +037 +051 -073 -056 -075 +035 -037 -013 -074 -021 -057 -041 +042 +027 +085 +030 +080 +061 -050 -030 -057 -027 +081 +050 +024 +076 +013 +002 -026 +022 +011 -066 -036 -021 +011 -000 -050 -087 -080 -005 +063 +067 +075 -027 +008 +088 +047 +064 +021 +068 -072 -011 -088 +027 -054 -030 +025 -100 +084
-046 -002 -046 +015 -047 +044 +016 +040 -027 -013 -023 +021 -007 -004 -028 +064 +040 -085 -068 +037 +011 -061 -088 +056 +077 +024 -057 -058 +007 +054 -085 -064 +072 -037 +000 -034 -021 +025 +071 -032 +001 -012 -018 +044 +014 +033 -028 -035 +073 -066 -037 -025 -033 -024 +052 +008 -056 -080 +080 +038 +064 +037 +066 -065 +070 -046 -051 -076 -023 -013 -067 -061 -054 -017 -034 -040 -004 -011 +087 +073 +013 +060 -020 -034
+033 +005 +066 -082 +000 +026 -034 -047 +028 -002 +054 +002 +050 +025 +035 +017 +083 -036 -048 +035 +028 -062 -047 -045 +071 -008 +074 -071 +017 +085 +073 -032 +060 +100 -083 +087 +034 +028 +033 -080 -050 +042 +051 -002 -031 +075 -088 +086 +034 -005 -053 +015 +045 +031 -000 +088 -040 -082 -073 +068 -052 +018 +078 +064 +021 -020 +060 +021 -045 -043 -060 -003 -073 -027 -046 +047 -007 +062 -071 -016 -078 -057 +040 +086
+026 +066 +012 +023 +077 +053 +070 -054 -065 +051 -077 -017 +056 +071 +086 -053 -081 -005 +086 +017 -006 +068 -024 -045 -061 +045 -073 -060 +074 -073 -077 +000 -087 -024 +001 -024 +077 -023 -007 +031 -083 +010 -018 +011 +046 +026 +032 -086 +037 +002 +028 +004 -034 +015 +062 +045 +045 +022 +083 +088 -051 +024 -008 -034 +085 +030 +072 -035 -028 +054 +075 -051 -012 -012 -027 -016 +014 -056 -043 -027 +001 +070 -057 +086
-020 +008 +042 +076 -016 +026 -087 +027 +083 -008 -004 +007 -050 +067 +085 -041 +013 +031 -003 -087 +085 +056 +074 -022 -003 +041 -004 +018 -041 -078 -005 +032 +043 -048 +100 -021 +064 +022 +053 -011 -047 +024 +032 +053 +042 -064 +070 -078 +070 +077 +010 +027 +025 +006 -015 +028 +077 +003 +042 +056 +065 +054 -067 -016 -016 +012 +075 -002 +045 +061 -043 +015 -003 -048 -051 -003 -053 -012 -075 -040 -022 +075 -021 -040
-028 +001 -068 -040 -024 -057 -075 -051 +007 +057 +050 +037 +085 +035 -022 +027 +020 +037 -086 +031 -053 -067 -048 -024 -012 -032 -001 -084 -032 +021 -066 -036 -043 +045 +044 -061 +087 +080 +013 -073 +072 -012 -036 -047 -012 +017 +010 +080 -064 +017 -024 -066 +085 -067 +017 +068 +051 -086 +061 -053 +042 +048 -054 +020 -036 -042 +001 -033 +065 -058 +068 -007 +033 -047 -075 +068 +013 +004 -076 +087 -083 +043 +030 +070
+027 +052 +043 -022 +041 -056 -028 -061 +036 +008 +084 -080 +052 -018 -051 +040 +047 -032 -060 -003 -075 -016 +065 -041 -026 +053 +032 +052 -042 -013 -015 -023 -014 +076 -010 -017 -005 +018 +050 -077 -078 +083 -057 +027 -062 -025 +015 +078 +033 -040 -027 +084 -025 +042 +013 -048 -005 +044 -066 -026 -063 -042 +016 +005 -021 -024 -028 -064 +063 +028 -044 -024 -004 +022 +004 -004 -034 +076 +052 -047 -043 +056 +003 -017
-015 +018 -037 +086 +013 +004 +037 +055 -004 +030 -036 -030 +053 +073 -030 +026 -060 +030 -035 +076 -071 +043 +017 -061 +073 -031 -016 +066 +024 -054 +066 +002 -045 -008 -081 -065 -046 +050 -051 -045 +007 +030 -062 +003 -072 -011 +066 +080 -038 -024 +048 -033 -061 +036 +068 -015 +062 +026 +025 +015 +018 -015 +065 +056 -062 -058 +046 +045 -015 -012 -025 +017 +027 +046 +008 +064 -007 -088 +002 +030 +025 -074 +035 +017
-038 -041 +065 +070 -087 +100 +007 -077 +022 +067 -030 -016 -075 +061 -016 +038 -045 -081 +022 -074 +014 -068 -017 -072 -030 -082 -051 -084 +021 +037 -023 +000 +003 -068 -051 +015 -024 -034 -026 -033 +001 -065 +083 -020 +084 +062 +048 +035 -043 -042 -051 -065 +055 +080 +033 +034 -017 +083 +065 -073 -021 +041 +085 -042 -085 +038 +001 +076 -030 -087 -007 -062 -076 -052 -064 -072 +061 -025 -011 -016 +086 +074 -062 -072
+072 -007 +038 -064 -065 +084 -033 -088 -076 +047 -087 -045 -061 +015 +032 -032 +011 +013 -048 -008 +056 -056 +038 +084 +057 +065 +040 -063 +082 +074 -018 -051 -082 -036 +046 -072 -056 -021 +001 -076 -015 -003 +004 -015 +076 -077 +058 +022 -071 +047 -032 +055 +081 -006 -076 +047 -000 +064 -040 +037 +082 +010 -010 -013 -021 -086 +021 +035 -010 -003 +088 -087 +038 -081 +011 -052 +007 +001 +068 -025 -034 +010 +030 +070
-055 +045 -021 -013 +064 -027 +074 +033 -007 +054 -015 -053 -012 +002 -035 -044 +014 -044 +056 +001 +002 +028 -053 -010 +010 -066 +002 +071 -016 +002 -025 +001 +041 +048 +014 +020 -033 -003 +001 +050 +037 +087 +040 -076 -048 -023 -081 +100 +018 +066 -077 +026 +071 +058 -050 +044 -083 +035 +058 +067 +072 -063 -072 -032 -032 -054 +088 +033 -051 -083 -066 +081 -062 -010 +087 +062 -081 +068 +051 +054 +001 -032 +022 +037
-062 +041 +087 -033 +082 -023 -075 +071 +065 +018 +001 -051 -024 -043 -042 -052 -020 +084 -036 -028 -042 +078 +000 +023 -003 +057 -020 -002 -004 +087 +047 +064 +025 +007 +070 -047 -004 +018 +005 +054 -017 +058 -053 +030 +073 +046 +072 -063 -045 +030 -038 +045 +020 +044 -082 -033 -045 -065 -027 -074 +081 -053 +082 +072 -061 +041 -004 -027 -082 +024 +041 +041 -072 -040 -032 -003 +086 -071 +051 -088 +046 -020 -053 +073
+014 +036 +087 -075 -053 +087 -034 +078 +048 -055 -002 -036 -000 +008 +001 -017 +025 +025 +001 -063 +044 +082 -086 +068 -060 -040 -014 -026 +014 +020 -028 -058 -032 +017 -070 -047 -055 +047 -066 +040 -027 -021 -031 +085 -054 +000 +016 +055 +016 +013 +034 +002 +035 -033 +032 +017 -030 -084 +022 +042 +047 +015 -003 -000 +052 -052 -087 -012 +023 -042 -065 +075 +041 -057 -002 +030 +083 -034 +038 +021 +046 -007 -061 +060
-006 -073 +058 -047 -057 -025 +080 +045 -082 -036 +088 +022 +045 -087 -085 +041 -063 -011 +021 -022 -027 -058 +002 +044 -071 -038 +005 +073 +051 -060 +076 +000 +007 -081 +018 +056 -048 -071 -053 +025 -020 +018 +040 +040 -058 +001 +025 +064 +036 -085 +001 +032 -008 +040 -076 +084 +073 -066 +005 -003 -028 +054 +063 +085 +066 -001 -010 +042 -037 +086 +043 +053 -040 -054 +004 +025 +023 -068 -088 -013 -075 +031 +011 +052
+035 +007 -027 +064 -012 +064 -006 +043 -045 +035 +066 -061 -035 +048 -013 +023 -047 -027 -068 +081 -030 -075 -028 +085 +031 +065 -011 -067 -047 +062 +058 -002 -073 -034 +044 -061 +051 +030 +010 -068 +054 +036 +007 -027 -086 +081 +057 +030 +038 +066 -076 +048 -012 +011 +036 +015 +023 -028 -010 +085 +080 +030 -015 +070 +020 +034 -002 +088 +037 -015 -080 +034 +044 -015 -081 +055 -000 -068 +043 -017 +003 -051 -062 +020
-052 -050 -050 -066 +024 -086 -043 +067 -051 +070 +083 +005 -010 +017 -025 +076 +021 -017 -020 +020 -071 -008 +042 +012 +031 -012 +044 -066 +073 -055 +030 +002 -044 -076 -022 -036 -068 -022 +033 -044 +080 +086 -048 -035 -080 -042 +028 -067 +083 -036 -037 +087 +005 +075 +007 -035 -080 -072 -042 -051 -006 -055 -006 -031 +042 -051 +010 +046 -033 +030 -033 +036 -016 +006 -001 +042 +076 -071 -038 -074 -086 -050 -013 -004
-085 +047 +005 +005 -068 +061 -078 +005 +078 -002 -087 -058 +001 +077 -065 +076 +015 +082 -067 -001 +038 +081 +023 -027 -034 -072 +054 -003 +072 -085 +071 -028 -063 +052 -088 -056 +100 +048 +032 +080 -017 +062 +042 -065 +044 -016 +022 -008 +018 +035 -007 +077 -032 -034 -066 +025 -083 -062 +067 +074 +001 -043 -001 -032 -042 -008 -057 -061 -056 -010 -081 -042 +046 -022 -065 -024 +027 -031 -062 -068 +058 -085 +065 +068
+036 +016 -087 -053 +088 -017 -026 +056 -067 -057 +062 -060 -046 -043 -036 -036 -037 -037 -100 +082 +058 +028 -082 -022 -044 +078 -013 -080 -085 +071 -084 +100 -031 -052 -008 -034 +028 +036 +024 -077 -030 -020 -070 -038 -015 +062 +070 +033 -076 +070 +013 +002 -071 +035 -031 +086 -016 +036 -062 +086 -057 +028 -015 -010 -010 -014 +087 +067 +052 +088 -000 -070 +018 +043 -021 -028 +068 +045 -052 +031 +082 +022 +072 -100
+007 -015 +085 -010 -000 +006 -002 -062 +004 -082 +046 -073 -038 +062 +066 -044 -054 +023 +084 -005 +081 +063 -071 +012 +084 +061 -005 +017 +060 +031 -071 -076 -016 -055 +034 +014 -007 +063 -052 +044 -044 -067 +070 -058 +015 -036 +007 +013 +015 +048 +002 -045 -084 +040 -022 -023 -071 -032 -013 -066 -003 -052 +068 +076 +045 -077 +088 +014 +008 +086 -003 +046 -006 -027 -070 -006 +087 -055 -054 +047 -055 -006 -025 +082
-077 -043 +067 -062 -072 -005 -002 -007 +087 -054 +013 +067 +015 +041 -055 +026 +001 -066 +015 +076 +028 +077 -042 -066 -027 +046 -013 -008 -001 +075 -020 -048 +074 -060 +027 +030 -053 -071 +007 -044 -050 -062 -078 -021 +076 +053 +085 -011 +066 -063 +004 -051 -063 +062 -086 -050 -082 -025 -022 -007 +015 +015 -007 +046 +082 -041 +006 +011 -010 +050 -015 -055 +064 -012 +052 +056 +054 +058 +046 +080 +014 -060 +023 -045
-048 +047 +016 -067 -007 -046 -084 +023 +034 +057 +044 -030 -061 -028 +038 +035 -074 -041 +037 +084 -065 -076 -072 -048 -060 +000 -021 -048 +018 +047 -010 -073 -053 -065 +078 +062 -077 -010 +050 +081 -074 +024 +007 -066 +022 -081 +082 -085 +027 +073 -058 +060 +000 +046 +041 -061 -047 +052 -018 -057 -045 -046 -006 +024 +014 -024 +071 -081 -041 -056 -053 +025 +071 -010 +056 -072 +002 +075 -083 -020 +020 -001 +045 -052
-013 -087 +008 -050 +015 +072 +073 -061 -056 -055 -003 +046 -056 -023 +040 -010 +044 +020 +043 +027 -067 +018 -086 -087 +074 -087 -014 +033 -010 +082 +075 +006 +045 +044 -014 +084 -047 -003 -047 +033 +008 +052 -026 -088 -053 -075 -083 +022 +070 -051 +085 -017 -006 +027 +021 -022 +017 -065 -043 -085 -088 +028 -034 -003 +080 -073 -062 -016 -007 +062 +040 -082 +055 -011 +067 +025 +050 +042 -056 +014 +056 -084 +035 +006
-016 +013 +016 +053 -058 +084 +061 +087 +077 +086 +031 -016 +006 -000 +046 +063 +063 +005 -022 +031 +001 -030 +028 +057 +020 -003 -010 +062 -036 +027 -034 +006 -082 -056 -004 -056 +038 -023 +064 +086 -055 -038 -043 +010 +065 +037 +037 -070 +061 +020 +016 -073 -063 +007 +021 -068 -051 +087 +020 -028 +026 +000 -040 +070 -003 +058 -016 -041 +024 +050 -067 +062 +016 +037 +042 -087 +048 +047 +050 +022 +033 -086 +061 +065
-031 +045 +060 +068 +080 +025 -028 +046 +077 +072 -004 +026 +051 -025 +052 +060 +014 +038 -063 +086 -033 +005 +015 -048 +035 -076 -022 -020 +026 +052 +076 +063 +070 +065 +028 -072 -010 +064 -045 -048 -032 +060 -056 -051 -046 +041 +018 +035 +034 +017 -034 -088 -051 -017 -022 -045 -028 +011 +024 +038 +086 +010 -024 -074 -067 -087 -081 +012 -037 -003 -010 +068 +053 -054 -084 -060 +087 +086 +041 +058 -088 -035 -032 -007
+028 -040 +076 +041 -042 -037 -044 +005 -040 -046 +080 -081 +083 +032 +007 +007 -014 +045 -081 -055 +052 -066 -056 -085 -047 +028 +038 +076 -041 +081 +062 +004 -044 -034 -034 -048 -067 -004 -036 -071 -060 +068 +018 -053 -042 -024 -034 +081 -044 -070 +016 -006 +084 +048 -067 +036 +046 -022 -034 -051 +002 -002 -066 +077 -003 +071 +060 -002 -077 +045 +018 +038 -051 +013 +087 +066 +033 -076 +018 -072 +083 +000 +058 -030
-064 +084 +020 +037 +082 -068 +062 +047 +031 -030 -054 -010 -020 +028 +007 +034 -054 -056 -030 -005 -042 -015 +062 -008 +073 +014 +073 -057 +008 +028 -076 +035 -021 +032 +051 -000 -087 -048 -012 +034 +013 -044 -017 -042 +051 +030 +022 +033 -075 -022 +004 +023 +017 -072 +077 +071 +086 -012 -051 -057 +014 -006 -055 -014 -081 -060 +080 -072 -076 -077 +012 -053 +035 -057 -044 +082 -016 +006 +001 +064 +028 +057 -000 -038
+024 +062 -085 +035 +086 +082 +068 -017 +023 +070 +066 +017 +030 -082 +043 -046 +037 +022 -046 +025 -073 -014 +013 -005 +033 -075 -062 -046 +062 +005 -008 +060 +030 +040 +038 -087 +013 -041 +072 -065 -048 -036 +076 +064 -017 +063 +062 +052 +070 +061 -035 -077 -038 +047 +038 +048 +070 +045 +085 +024 +063 +048 +035 -066 +042 +076 +074 -020 +058 -027 -086 +053 -077 +033 +011 -023 -048 +006 -007 +013 -066 -070 -068 -078
+072 +076 -027 -021 -018 -080 -015 -018 +028 +047 +044 -056 +076 -036 -024 +033 +045 -100 +025 -056 +006 -002 -000 -070 -038 +074 +000 -023 +060 -027 +032 -081 +000 -047 -082 -048 +088 -068 -000 -026 -060 -061 +045 -076 -014 +008 +041 +006 -086 +065 -088 +024 +071 -036 +100 -033 +060 +060 -023 +086 -046 -063 +082 +002 +026 +047 +047 -074 -041 +061 +053 +055 +038 +017 -084 +016 -015 -047 +021 +048 +067 -056 +044 -033
-024 -086 -038 +087 +016 +027 -074 -021 -074 -054 -086 -025 +003 +011 +058 +067 -083 +054 -082 -041 +005 -072 -021 +047 -071 +053 -032 +017 -018 +088 +088 +061 -013 -084 +010 -080 -078 -074 -034 +038 -014 +057 +084 +055 -062 -052 +067 +057 -016 +005 -068 -010 +067 +020 +046 +060 -036 +013 -065 +067 +001 -030 -077 +055 +048 -073 +003 -074 -025 -036 -001 -035 +046 -011 +088 -066 +057 -038 -043 +085 +013 +060 +085 +005
+085 -062 -058 -072 +026 -028 -031 +073 -076 -024 -006 +075 +080 -071 +088 +034 +000 -081 -016 +068 +085 -004 +016 +043 +005 -026 +043 +078 +004 +037 +065 +061 -074 -088 -054 -071 +036 +005 -036 -077 +003 -010 -044 +070 -072 -007 -043 +080 +007 +078 +082 +077 -075 +007 +032 -073 -077 -025 +078 +025 -070 +035 +026 -020 -100 -040 +010 -015 +067 +012 -056 +052 -038 -007 +048 +085 -083 +077 +032 -046 +077 +026 +006 +038
-021 -037 +036 -005 +017 -053 -055 +040 +006 +013 +022 +072 -056 -058 -071 +002 +040 +025 -002 +037 +078 +003 +047 -005 +044 -045 +063 +071 -045 +032 -057 -004 -083 -071 -012 +048 +047 +037 +056 -083 -005 +047 -003 +024 +056 +028 +015 +047 -034 -065 -076 -040 -030 +033 +082 -071 -030 -100 -043 +034 +038 -031 -070 +028 +003 -013 +066 +011 +033 -084 -056 -055 -075 +020 -010 -081 +000 +016 -024 -078 +055 -057 -015 +037
+072 -066 -017 -038 -078 +031 -072 -000 -055 +030 -073 +071 +083 -062 -062 -085 +072 +088 -017 -068 -015 -015 +027 +068 +100 +002 -052 -023 +022 +038 +056 -054 -014 +011 -014 -041 +027 +043 -007 +015 -023 -041 -085 -061 +057 +038 +032 +074 +010 -015 +067 +082 -013 +072 +078 -053 +046 +043 -072 +065 +065 +034 +048 +011 +033 -018 -047 +080 +045 -067 -058 +026 -083 +077 +071 -066 -071 -022 -018 -023 -051 -071 +003 -067
-022 -072 -030 +035 +076 +033 -003 -054 -015 -050 -018 -014 -056 -068 -084 +082 -081 +032 -003 +088 -032 +067 -033 -073 -074 -002 -087 -045 -055 +012 -045 +020 +077 +057 +014 -033 +048 -015 +086 -048 -062 +072 -018 -064 +071 +008 +027 +065 +013 +068 -007 +046 -010 +068 +057 -062 -017 +035 -041 +038 -012 -008 +085 +024 -032 +036 +087 +041 +036 +083 -085 +018 -043 +037 +071 -081 +050 -024 -031 +072 +052 +086 -006 +028
-077 +070 +068 +052 -001 -018 +021 -082 -037 +068 +011 +004 +077 -037 +064 +075 +011 +017 -060 -066 +025 -044 +038 +062 +028 +081 +045 -042 +007 -043 -026 -010 -033 -063 +021 +006 +018 -054 -016 -032 +085 -075 +020 +020 +043 +048 +043 -076 +044 +020 -082 -041 +000 -012 -043 +050 -087 +100 +005 -021 +037 +070 -021 +061 +000 +065 +064 +048 -006 -025 -062 +074 -005 +066 -013 -075 -075 +057 -002 -036 -083 +045 -013 -016
+056 -061 -024 -005 -066 +070 +026 +071 +033 +037 +055 +083 -053 -063 -040 +022 -053 -068 -052 -032 -058 -013 -074 -050 -022 -038 -087 +083 -015 +010 +058 +062 -000 -074 +016 -051 -064 +085 +054 +012 -041 +042 +064 +012 +085 -027 +075 -078 +040 +007 +056 +056 -064 -068 +012 -060 +010 -062 -052 -038 -070 +064 +018 +035 +054 -012 -064 -077 +034 -051 -074 -011 +037 -013 -005 -048 +056 -028 +001 -011 +025 -100 -074 -032
+044 +050 -048 +023 -030 -022 -020 -074 +070 -063 +021 +052 +088 -088 +020 +050 +003 +064 -036 +076 -014 -078 -047 +057 +083 -023 +083 +056 +084 +014 -043 -038 +062 +018 +020 -035 -072 +016 -033 +086 +045 -063 +006 -013 -068 -025 +015 +050 -067 -073 -007 -042 +008 -043 -055 -030 +040 +002 +018 +023 +083 -064 -061 -010 +026 -001 +068 -040 -042 -068 -042 -026 -074 -047 +021 +075 +050 +021 -047 -016 +088 +003 -000 +015
+014 +004 -043 -035 -040 +082 -056 -074 +070 +046 +026 -063 -018 -010 +077 -024 +077 +040 +086 -085 -077 -048 +061 -016 -006 +084 +077 -055 +063 +008 +087 +088 +048 -023 -021 -038 +050 +076 -084 -018 +085 -011 -074 -011 +054 -081 +048 -015 -040 +034 +001 +038 +006 -030 -037 -084 -072 -061 +057 +046 +034 -056 +016 +051 +013 -037 +006 +074 -028 +085 -081 -024 -011 +002 +007 +065 +076 -016 +027 -064 +055 +013 -078 -002
+087 +017 -051 -022 -065 +008 -027 -031 -013 +000 +013 +014 +058 -055 +018 +014 +052 +035 +005 -088 +024 +037 -034 +074 -033 -016 +018 -020 +054 -048 -055 -063 +017 +042 -086 -001 -075 -051 +058 -080 +000 -004 +058 -025 -007 -073 +002 -028 -052 -043 +080 +078 -055 +083 -078 -017 +066 -081 -076 +063 -082 +005 -025 +023 +070 -056 +011 +015 -017 -050 -087 -012 +048 -017 -072 -067 -028 +077 +085 +080 +013 -002 -046 -040
-067 +032 +002 +030 -083 +018 -084 +044 -028 +015 -082 +041 -053 -074 +004 +022 -014 +040 -013 +023 -057 +083 -010 +002 +088 +063 +065 +048 +087 +045 +084 +046 -033 +070 +044 -077 +014 -015 -087 -063 -080 -057 -061 +004 +100 +058 -023 +015 -015 -006 -007 +086 -007 +055 +048 +056 +064 -046 +074 +046 +065 +003 +014 +064 +054 -000 -086 -041 +072 +035 +033 -070 -041 +062 -003 +084 -064 +088 -052 +081 -071 +073 -057 +014
+045 -053 -088 +015 -080 -064 -061 -075 -002 +063 +063 +017 +037 +037 +040 -042 -014 -086 -005 +031 +024 +083 -013 -025 -041 -031 +063 +028 -062 +015 -052 +037 -086 +042 +008 -020 -006 -038 -048 -008 +068 -041 -054 -005 +078 +001 -025 -042 -081 -004 -026 +013 -078 -068 -008 +024 -008 +060 -040 +065 +015 +085 -086 +028 +042 +048 -066 -084 -021 -028 +038 -016 -083 +001 +066 -015 -041 -074 +072 +016 -070 -007 +084 -047
+037 -072 -033 -074 +013 -030 +002 -074 +031 -071 +078 -006 -080 -002 -060 +014 +084 -066 -055 -086 -077 +087 -073 -066 +053 -060 +073 -024 -087 +045 -010 +075 -071 +084 +054 +005 +008 -082 +080 +025 +080 +065 +060 +055 -073 +086 -048 +016 -007 +006 -077 -083 -026 -001 +052 -054 -025 +043 +043 -051 -025 +060 -021 +045 +077 -083 +071 +003 -070 +064 -036 +025 +037 +072 -055 +013 -018 -045 -015 +011 -012 +057 -068 -048
+043 +046 -023 +021 -022 +007 +087 +041 -068 -041 -064 +017 +022 -042 -051 +010 +007 -052 +053 +054 +045 -066 -050 +044 +064 +012 +086 +012 -003 +054 +058 +000 +056 +057 -042 +073 -015 +006 -083 +078 +003 -033 -005 -077 -058 +053 -064 -082 -078 -010 +021 +027 -085 -062 +061 +025 +087 -000 +081 -060 -035 +040 +062 -018 +040 +012 +067 +052 +056 -027 -038 -034 +025 +081 +064 +000 +003 -013 -004 +071 +007 -056 +030 -023
-012 -022 +010 -006 +037 +087 +033 -035 -064 -048 +063 -016 +052 -063 +031 -016 -025 -006 +046 -025 -007 +087 -050 +036 -055 -035 -087 +048 +015 -008 -065 +050 -050 -018 +050 +061 -085 -088 +025 -066 +022 -044 +038 +020 +011 +087 -071 +044 +036 +035 -006 -072 +048 -053 -021 +006 -003 +013 +071 -074 -043 -037 +055 -075 -005 +012 -047 -053 +000 +001 -085 +075 -087 +018 +036 -006 -058 -043 +004 +035 -031 -075 -038 +041
-030 -048 +073 +051 +100 -030 -073 -004 -030 +087 -037 +042 -085 +022 +080 +028 -075 +024 -015 +085 +037 -025 +001 -060 -082 -042 -085 -017 +074 +080 -076 +042 +062 -001 +086 -050 -023 +038 -031 -046 +041 +065 +013 +037 +076 -081 +020 +056 -020 +037 -005 +014 -058 +054 -067 +042 +016 -012 -072 +000 -055 -001 -026 +076 -076 +080 -057 -035 -038 -023 -053 +001 +055 +022 +037 -026 +083 -050 -031 -001 -055 +048 -056 +037
-062 -022 -013 -011 -025 +025 +018 -004 -006 -050 -054 +055 -077 +001 -070 +057 +075 +061 +000 +065 +072 -066 +004 -085 -076 -072 -027 -006 -075 +005 -077 -026 -020 -007 -060 +074 +065 +025 -060 -066 -026 -070 -003 -007 -067 +086 -003 -024 -012 -006 +067 +036 -087 -085 -076 -087 +037 -021 -008 -014 -037 +062 -023 +080 +002 -053 +055 -047 -067 +033 -026 +068 +006 -023 -057 +040 +051 +068 +066 +063 -034 -005 +073 -052
-028 -048 -068 -033 +086 -058 -014 -035 -085 -041 -058 -026 -082 -074 -037 -047 -003 +002 -043 +066 +045 +061 +058 +070 +007 -078 +002 -056 -010 -025 -007 +056 +023 -027 -063 +082 +050 +077 -046 -050 -085 +072 -054 +075 -043 +031 -067 -060 +016 +076 -014 -060 +008 -013 -068 +034 +073 -034 -014 +077 -037 -042 -028 -074 -015 -034 -013 +020 -013 +013 -004 +027 +074 +002 +011 +003 -068 +057 +066 -037 -002 -000 +071 +025
-008 -074 -044 -016 +078 -027 +027 +074 -025 -007 -034 -032 +028 -034 +036 -008 -030 +023 -003 +011 -024 -004 -011 -060 -050 +058 +100 -046 -043 -062 -085 +008 +067 -048 +034 +076 -013 +037 -082 +016 +088 +063 +077 +063 -085 -073 -064 +046 -011 +037 +038 -007 +057 +063 +072 +000 -051 -026 -015 +050 +080 -015 +047 +044 -017 +021 -061 -030 -052 -075 +033 -045 -074 -077 -064 +088 -052 +041 -027 -044 -051 -021 -087 -087
-004 -084 +058 -071 -021 -083 -015 +011 +038 +051 -011 -048 +074 +036 +002 +020 -014 +006 +061 -058 -033 -004 -088 +001 +022 -013 -017 +064 +018 +012 -040 -014 +074 -078 -088 +056 -006 +008 -052 -057 +043 -052 -055 +088 -038 -083 -073 +081 +041 -027 +037 +072 -002 -006 -065 +053 +077 +077 -038 -071 -047 +032 -017 -044 +080 -016 +024 +031 -017 +024 -001 +042 +044 +056 -005 +001 +001 +010 -061 -041 +040 -017 -058 +085
-037 +064 -033 -077 -042 -025 +027 -000 -073 -082 -012 -028 -036 +045 -044 -074 -045 -003 +052 +007 -003 +044 +000 -056 +020 +073 +011 -042 -044 +060 -025 +035 -014 +017 +033 +007 +033 +088 -058 +067 -006 +042 -017 -068 +061 +063 +041 -011 +021 +026 -041 -022 +026 +087 +041 +005 -040 +076 +042 +016 +071 +016 -086 +036 +017 +016 +083 -017 +010 -052 +072 -058 -064 +055 -084 +057 -006 -003 +067 -080 +075 +033 -030 +078
-036 +083 +083 -038 +001 -072 -031 -008 +043 +011 +068 +030 +071 -086 -012 -058 -007 +080 +085 -020 +031 -053 +054 +002 -020 +011 +017 +004 +013 +076 +024 -060 -038 -082 +080 -048 -005 +048 +015 +078 +048 -043 +074 -053 +016 -053 -076 +055 +007 +085 -036 -026 +031 -088 -016 +034 +023 +018 +022 +002 -063 +033 +012 -064 -086 +068 +016 +011 +057 -080 +077 -042 +084 -043 -025 +063 -011 -067 -074 -000 -000 +082 -061 -072
-018 -015 +016 +081 +066 -013 +045 +072 +016 -003 +081 -025 +086 +030 -068 +034 -075 -045 +061 +038 +082 -053 +052 -030 +042 -028 -088 +032 -042 -050 -030 +066 -011 +043 -083 -080 -053 -018 +052 -072 -056 -040 +081 +057 +058 -024 -075 +044 +060 -021 -080 -034 +050 -006 +028 -036 +057 +065 +005 -032 -030 -044 -016 +063 -030 -040 -072 -052 +000 -064 +058 -030 -056 +017 -080 -014 -021 -056 +031 +016 -044 +065 +053 -086
+038 +017 +042 -003 -034 +017 -047 +063 +047 -003 -022 +051 +010 +051 -030 -057 -040 +015 +051 -022 +063 +032 -014 +086 +044 -043 +050 +025 -088 -042 -043 +004 -014 +003 +100 -004 -057 +063 +060 +084 +025 +007 +054 +025 +088 -046 +028 -081 -041 -084 +002 -083 -007 +054 +087 +017 +015 -067 +004 -068 -066 +030 -043 -035 -064 +053 +084 -055 +030 -014 +066 +007 +084 +045 +033 +040 -007 +028 +026 -040 -073 -082 -023 +026
+052 -088 +058 +057 +011 -088 -011 +073 +084 +047 -030 -060 +015 -011 +030 -002 +088 -001 -054 +020 +023 +043 -055 -025 -050 -074 +053 -075 -071 -080 +084 +010 -084 +076 +002 +088 +025 +018 -080 +050 +034 +058 +076 +066 +066 -007 +048 -087 +042 -077 +063 -043 +012 +060 +058 -062 +038 +048 -058 +011 -071 -002 +003 +074 +011 +084 +054 -045 +020 -010 -020 +040 +033 +010 +047 +087 -018 -050 +066 -058 +048 +015 -034 -073
+006 -074 -023 +027 -056 +084 +032 -018 +028 +010 +014 +071 -041 -071 +068 +007 +030 -012 -060 -013 +023 +080 +035 +072 -028 +024 +046 +015 +003 +008 +042 -070 -027 +064 -071 -030 +041 +013 +033 +038 +015 -017 +008 +041 +007 +010 +034 -056 +016 +012 +038 -058 +044 -035 +084 -035 +024 -041 -028 +026 -085 -080 -028 +023 +064 -078 -027 -062 +065 -086 -001 -070 -024 +067 -078 -002 +087 -067 +014 +008 +002 -006 +015 -068
-035 +027 -043 +084 -070 +057 -024 +048 -065 -068 -051 +052 -081 +043 -004 -004 +024 -036 -028 +065 +055 -037 -032 +041 -044 +058 -078 -044 -007 -011 -084 -001 +075 +072 +005 -064 -036 -044 +063 -067 +073 -083 -038 +031 -086 -011 +067 -041 -071 -005 -062 +040 -073 -058 +010 +014 +007 -008 -057 +040 -040 -010 +081 -027 +080 -080 +052 +018 +065 +067 +023 +012 -008 -046 -017 -022 -088 -055 +006 +010 +060 +058 +016 +041
+073 +011 -061 -018 -017 -044 +025 +044 +060 +017 -037 -004 +038 +037 +023 +054 +012 -010 +004 +037 -074 +022 -084 +014 +023 -024 +023 -063 -025 -044 -013 +043 +025 -065 -006 -086 +061 -078 +078 +050 -018 -015 -028 -081 +023 -080 +084 -034 +034 +044 +077 +084 +032 +001 -068 +060 -080 -004 -055 +035 +014 -028 -068 +011 -080 -008 -076 -051 +014 +073 +052 +036 -030 -011 -088 +034 -015 -026 +028 -054 -006 -088 -038 -046
+036 +034 +033 +060 +014 -080 -022 +076 -012 +024 +006 +054 +016 -080 +088 +006 +041 -067 +065 -050 +076 +087 -077 -037 -047 -038 -047 +038 +001 -038 +081 -050 +080 -061 -078 -058 +015 -032 +061 +052 +042 -018 +060 +042 -005 +053 -072 -073 -070 +060 -073 +012 +038 +026 -070 +085 +026 +060 +074 +046 +027 +082 +064 -085 -062 +074 +073 +022 -052 -032 -050 +003 +084 +065 +062 +066 -050 +056 +052 +005 +006 +004 -036 +057
-021 -035 +076 -057 -055 -015 +004 -013 -011 -014 +038 -006 +005 +081 +006 -072 +020 -013 -012 -081 +020 -011 -002 -065 +018 -040 +025 -001 +000 -021 +020 -078 +006 +034 +033 -071 +087 +058 +077 +073 -057 -086 +000 +038 -022 +085 +004 -076 -071 -046 +002 +063 +086 +025 +021 -080 +056 -050 +014 +048 +024 +005 -023 -022 +008 -034 -084 -003 +073 -038 -035 +035 -001 -001 +038 -081 -016 -004 +031 +054 +073 -008 -043 -021
-073 +035 -074 +064 -035 -003 -032 -083 +084 -041 +031 -080 -002 -027 +003 +017 -080 +031 +086 +035 -051 +085 -008 -028 -041 +028 -078 -081 +064 +063 -074 +010 -066 -046 +060 -033 +001 +004 -027 +083 -043 -100 +004 -060 -032 +016 -087 +062 +084 +017 -040 +041 -036 +074 +044 -058 +034 +064 +021 +054 +057 -021 -016 +024 +085 +085 -001 +005 -035 +035 -023 +043 +003 +076 +017 -031 -034 +024 +082 +033 -082 -064 -057 -016
-004 -070 +056 -058 +054 -022 +075 +028 -000 +025 +007 -025 -017 +041 -023 +054 +015 -053 +066 +056 +034 +086 +061 +021 +033 +030 -071 -043 -035 +053 +080 -078 -010 +002 -017 +063 +038 -088 +047 +031 -002 +050 +044 -071 -001 +018 +013 -100 +043 -030 -018 -005 +031 +051 +020 +054 -038 -035 +024 +050 +088 +062 +036 +086 -031 +036 +015 -074 +025 -007 +081 +085 -051 +088 +020 -018 +012 +028 -038 +020 +065 -035 +043 -063
+077 -047 +045 -044 -032 +086 -041 -071 -003 +074 +032 +007 -051 +064 +088 -075 -085 -026 +013 -058 -020 +048 -071 +023 +082 +058 -064 +080 +062 -041 -020 +074 -084 -084 +033 +003 +076 +070 -087 -034 -052 +014 +085 +026 +100 +006 -047 +035 -050 +080 -044 -041 -048 +072 +033 -026 +087 -035 -047 -058 +068 -025 -085 -061 -075 -071 +070 +014 +017 +021 -020 +086 -076 +075 -074 -036 +002 -051 -035 -041 -012 +048 -023 +073
