-023 +008 +040 -078 +070 +071 +067 -087 +011 +028 -005 +065 +043 -043 -022 -081 +047 +076 +057 -100 -017 -054 -044 -032 +062 -001 -051 -006 +081 -022 -014 -063 +013 +018 -074 -077 -026 -022 +032 +080 +057 -004 +078 +076 +088 +041 +077 +077 -063 +036 +008 -037 +040 +030 +081 -026
+056 +076 -047 +036 +038 -084 -007 -071 +043 -100 -077 -050 -061 -043 -027 +015 +088 +000 +036 -067 +013 +075 -067 -057 -044 -062 -058 -042 +013 +058 -020 +015 +033 -058 -031 -085 -030 +076 -077 +040 -008 +055 +016 -020 -053 +081 +027 +085 +018 -014 +042 +055 +068 +043 -035 -020
+031 +064 +060 +042 -088 +013 +003 -010 -002 -007 +036 -088 +047 +044 +054 -016 +011 +021 +015 +011 -023 +066 -050 +004 -078 +010 +053 -076 -010 +085 -022 +030 +081 +001 +084 +004 -038 -082 -048 -067 +036 -032 +061 +024 +053 +083 +043 +071 -082 +080 -023 -062 -011 +060 +051 +033
+080 +007 +071 -035 +084 +014 -016 -044 -021 +042 +033 +074 +054 +036 +004 -062 +018 -053 +010 +076 -033 -025 -071 +024 +041 +050 +005 -017 -003 +050 +063 -068 -078 +024 -022 +083 -038 +068 +100 +003 +038 +007 +047 +051 -020 +058 +075 -007 +051 -084 -084 +002 -082 +065 +044 +042
-018 +081 -017 -081 -016 -078 -060 +068 +058 -034 -002 -007 +030 +010 +087 -065 +030 -036 +032 -024 -043 -045 -033 +018 +034 -066 +061 -066 -028 -046 +035 -084 +022 +057 +002 +034 +063 -018 +054 +033 -024 -067 -066 +080 -014 -082 +082 +040 +016 -017 +027 -070 -087 -085 -035 -027
-031 +045 +044 +043 +013 -007 +053 -055 -067 -071 +000 -043 +075 +077 +083 -033 -017 +026 -011 +065 +034 +028 +010 +032 -022 -004 +070 +073 -088 -052 -084 -032 -015 -020 -028 -020 -012 -056 +032 -006 +052 +046 +065 -080 +050 -002 +023 -001 -076 -081 -073 +074 +083 +048 +026 +032
+070 +024 +017 +008 +058 -010 -033 -074 +026 +082 -088 +088 +044 -075 +058 +054 +045 -062 -005 -028 +086 +056 -072 -052 +088 +005 +047 +056 -064 +053 +064 -063 +035 -013 -063 -012 +077 +014 +077 -014 -024 +031 +037 +002 +100 +010 -017 -000 -038 +027 -055 -083 +047 +063 -045 -044
+065 +088 +012 -010 -026 +088 -031 +045 +061 -054 -057 +007 +043 +051 +060 -071 +052 -032 +058 +056 -030 +076 +072 -043 -050 +058 -022 -047 -025 +001 +087 +043 +078 -002 -042 +018 +023 -022 +058 -028 +061 -084 +003 +071 -060 +077 -043 +006 -024 -071 +067 -044 -058 -063 +078 +017
-041 +023 -068 +081 +034 -050 -033 +003 +083 -071 -025 +038 +006 -053 -018 -040 +083 +016 +012 -064 +006 +025 +083 +063 +075 +057 -100 -081 -067 +065 +027 -014 +036 +014 -081 +017 +047 -018 -004 +022 -043 -015 -087 -067 -088 +080 -088 -082 -023 -001 +076 +002 -048 -083 -046 -033
+025 -030 +050 -005 +072 -076 -010 -015 -081 +062 +010 +058 -063 -032 -073 +018 -070 +004 +088 -064 +042 -038 +060 +025 -061 +025 +048 +012 +026 -064 -001 +052 -072 +020 -077 -068 +007 +074 -017 -036 -052 -026 -057 +053 +043 -012 -032 +076 +082 -010 -086 -012 +035 +054 +048 -083
+025 -013 -017 +022 -083 -082 -054 +012 -084 +020 -023 +012 -027 -020 -035 -042 -100 +033 -078 +072 -022 +013 -013 +077 -063 +057 +063 -032 +043 -084 -007 +017 +046 +027 -068 +070 -070 -004 -060 -047 -000 -052 -002 +005 +067 -076 -004 -024 +080 -044 +003 -080 -013 +028 +030 +063
-026 +065 +016 +078 +088 +008 -033 -088 -062 +003 +008 -047 +023 +083 +061 -023 +077 -035 +084 +003 -083 +057 +000 -000 +066 -038 +072 -017 -017 +036 +083 +066 -051 -008 +055 +056 +036 -086 +055 +010 -066 +025 +017 +036 -016 +088 +004 +080 -053 -067 -025 -073 +030 -072 -036 -080
+052 +023 +064 +003 +021 -060 +017 +087 +034 -005 +034 +071 +040 +042 +003 +068 -060 +014 -042 -052 -010 +084 -030 -030 -057 -004 +084 +052 -085 +075 +061 -070 -051 -036 -032 +040 +031 +022 +000 +056 +062 +060 -058 +061 -080 +071 -015 -066 -084 +054 +031 -070 +064 -032 -072 -032
-041 -087 -043 +040 -021 +055 +051 +067 -041 +064 -001 -074 +010 +027 -046 +082 +033 +017 +061 -084 -017 +061 +001 -036 -004 +048 +021 -078 -016 +007 -078 -078 -075 +002 -052 -072 -066 +085 -056 -014 +086 +078 -072 +043 +010 +020 -018 -042 -043 +013 +068 -028 +023 -033 +045 -008
-065 +066 +071 -057 -025 +075 -072 +068 +081 -085 +044 -000 -062 +072 +066 -003 +026 -011 -025 -013 +085 +026 -088 +058 +037 -025 -100 +053 +057 +023 +032 -064 -060 -016 -081 -052 +041 -004 +013 -017 +087 -030 -052 +000 -054 -034 -045 +005 +078 +001 +086 -068 +071 +042 +080 -040
-060 +026 -051 +002 -005 -063 +085 -063 -053 -047 -030 -033 -082 -075 -084 +063 -023 +016 -004 -071 +076 -085 +086 +044 -085 +010 -018 -038 +052 -002 -067 -038 +020 +012 -002 -081 +022 -072 +074 -051 +026 +081 +048 +041 +054 +031 -021 -047 +054 +075 -042 +076 +031 -087 +041 +028
-048 -012 -023 +037 -066 -005 +054 -057 +030 +072 -037 -066 -073 -065 -070 -082 -082 +036 -047 -021 -047 -021 -068 -025 +048 -076 +051 +068 +051 -035 -017 +052 +047 +011 -065 -073 +051 -036 -044 -017 -076 +076 -004 -006 -013 -024 +004 -048 +060 -065 +005 +047 -023 +052 -033 -045
-050 -051 -074 +061 +076 -043 -025 +045 -027 -008 -028 -017 +036 +035 +014 -043 +007 -050 -037 +022 -083 -000 +020 -054 +035 +048 -016 +071 -014 +040 +024 +036 -046 +087 +080 +046 +085 -021 -032 +076 +043 +023 +022 +066 -083 +088 -052 -084 -003 -070 +020 -028 +011 +007 -073 -076
-005 +057 +025 -044 -100 -021 +060 -024 -031 -017 -057 -007 +034 -065 +003 -022 +055 -056 +041 +074 +001 +054 +055 -047 +030 +027 -066 +082 +077 +022 +035 -065 +048 +084 +063 +043 +011 +011 -044 -062 -068 -043 -018 +024 +043 -085 +004 +014 -045 -066 -077 -021 -077 -065 +086 +010
+073 -074 +044 -047 +033 +041 +023 -073 +073 -024 -076 +052 +080 +003 +002 -008 -035 +033 -041 -041 -031 +024 -023 +040 -085 -060 +042 +066 -070 -080 -028 -024 -028 -087 +003 +100 -057 +047 +036 -080 -037 +081 -026 +058 -081 +063 +057 +004 -053 +004 +041 -067 -053 +083 +074 +075
+043 -052 +067 -031 -048 +071 +033 -048 +076 +074 -082 -012 +073 +074 +068 -038 -032 +008 -006 +018 -056 +021 +036 -057 +016 +048 +002 +061 +052 +057 +080 +072 -036 +025 +032 -020 -047 +031 +032 +038 -026 -034 +076 +077 -073 +081 +010 -044 +056 +066 -032 -008 +057 +014 +020 +036
+016 -055 -006 -071 -003 -008 -082 -062 +055 +040 -002 +015 +038 +003 -016 -075 -043 +008 -020 -021 -025 -020 -031 +088 -063 -037 -013 +003 -053 -076 +038 +002 -007 -001 +011 +050 -050 -031 -066 +017 -022 +003 +030 -047 +057 +077 +075 -000 -053 +013 -002 +005 -034 -030 +052 +015
+056 -086 -088 +020 +033 -084 -084 +047 -008 +016 +000 -010 -064 -076 +065 +080 -078 -068 -054 +006 +015 -060 +023 +038 -031 +070 +034 +041 +034 +080 +028 +036 -024 +000 -031 -086 -040 +061 +008 -062 +028 +042 +006 -016 -016 +027 -022 -047 -006 +014 +011 -023 -063 -006 -081 -003
-047 -023 +041 +037 -047 -032 +080 +026 +036 +073 -022 +053 +087 +000 -037 +005 +031 -001 -040 +071 +014 +082 +082 -076 +031 -013 -074 -065 +065 +005 +066 -062 -017 +000 +057 +062 -083 +056 +032 +037 +074 -048 +040 -071 -077 -084 +080 -033 +032 +007 +024 +048 -040 -013 -051 +070
+008 -000 -001 +032 -085 -058 -061 -072 -077 +018 -051 -006 +016 +064 -031 -052 -023 -061 -051 +075 +076 +100 +046 +026 +071 -047 -014 -040 +085 +008 +003 -002 -027 +054 +064 -068 -085 +026 -032 +002 -071 -081 +076 -074 +076 +080 -013 +048 +060 -073 +044 -060 +074 +077 -038 -058
-080 -045 -046 -018 +008 -038 -077 -052 +042 -078 -080 -030 -034 +077 -054 +031 -028 -030 +010 +074 +008 -055 -071 -020 -084 +023 +083 -056 +045 -047 +021 -052 -005 -073 +076 +053 -080 -024 -084 +024 -050 -053 -071 +013 +061 +086 -017 -051 -061 +000 +085 +058 -040 +073 +016 +026
-026 -070 +086 -082 -021 -027 +063 +006 -020 -037 +051 -072 -068 -036 +000 +010 -081 +050 -068 -012 -016 +044 -012 -010 -020 +085 -083 +078 -078 -080 -060 -068 -058 -023 +001 +055 -083 -007 -025 +048 +037 +045 -072 +023 +038 +071 -070 -060 +000 -062 +064 +067 +047 -062 -022 +088
-086 +035 +068 +081 +063 -071 -027 +038 +082 +001 +084 +058 -040 +001 +043 -056 +083 -076 +026 -027 +087 -068 -008 -026 +068 +004 -042 +057 -084 +053 +074 +007 +064 -014 +075 +071 +024 +016 +068 -065 +011 +020 +047 -080 -088 +008 +026 +058 -064 -036 -038 +010 -027 -042 -046 -040
-048 +037 +045 -023 +013 +075 +052 -030 -067 +058 -010 +073 -086 +005 -085 +072 -082 +004 +058 +003 +088 -057 -054 +031 +003 -000 -063 +066 +004 +054 -058 +008 -060 +074 +075 -064 -024 -015 +046 +084 +035 +038 -038 -000 -050 -044 +088 -078 -048 +035 -067 +006 +004 +074 -024 -060
-001 +054 -072 +056 +033 -068 +048 -008 -080 -064 -085 +082 -010 -058 +037 -083 -065 +073 +024 +028 -042 -030 +007 +007 +084 +084 +038 +085 +053 +000 +070 +015 -077 -017 +004 +018 +077 +037 -008 +078 +005 -038 -051 +036 -081 +013 -030 +001 +067 +038 +016 -032 +022 -042 -027 -011
-088 +042 -023 +003 +001 -063 +027 +082 +017 +003 -001 +038 +001 -066 +086 -035 +022 +011 +058 +086 +088 -033 +030 +044 +034 +022 -036 +020 +021 -023 -004 -032 +036 -033 +016 +003 -082 -080 +068 +030 +004 -063 -087 -010 -008 -018 +008 +042 -035 +010 -057 +075 -085 -021 +002 +004
+011 +062 -010 -016 -038 +005 +000 +067 +048 -061 +055 -086 +060 -044 +005 -007 +015 -065 +030 -032 -077 -053 -054 +003 +008 +064 -060 +067 +034 +040 +030 +061 -084 +063 +073 -014 +035 +017 +072 -064 -033 +050 -001 +061 -000 -018 +026 +026 -083 +042 +044 -031 +053 +054 -088 +058
+005 -074 -012 -034 +058 +058 +054 +040 +064 +024 +033 -047 -087 +012 -015 +013 +077 -020 -063 +008 +018 -073 +026 -011 +088 -068 +061 +046 -023 +050 +035 +002 +006 +054 -052 +007 +000 +065 -000 -057 +045 +010 +005 -040 -084 +025 +002 -013 +075 -008 +070 +072 -016 -073 +045 +016
+088 +058 +032 -002 +078 -006 -044 -035 +002 -065 +001 +047 +053 -035 -075 -030 -013 -077 -008 +085 -014 +025 +038 -027 -013 +037 +053 +044 +075 -038 +007 -011 -061 +077 +041 +008 +066 -030 -012 -080 -065 +012 -064 +067 -073 -068 -025 +041 +038 +053 +083 -003 -085 +073 +020 -004
-042 +041 -031 +001 +088 -026 +032 +042 -008 +044 -065 +016 -027 +022 +034 +057 +045 +016 +038 -082 -081 +010 -024 +075 -070 -047 +017 +030 +001 +021 +002 +065 +002 -004 +011 -032 +053 -086 -068 -061 -036 +022 -041 -055 -021 +051 -032 +071 +058 +025 +025 -037 +075 +014 -074 +003
+033 -053 -067 -051 +084 -060 -053 -045 -017 -036 +071 -023 -078 +022 -067 +081 +000 -044 -050 -076 -083 -038 +030 -011 +081 +012 +007 -088 -015 +004 -081 +027 -040 -076 -036 -020 +012 +068 +063 +037 -007 -005 +081 -050 +006 +047 -040 +007 -037 +041 +011 +036 +013 -083 -003 -027
-033 +045 -044 +017 -050 +074 -025 +033 -004 -022 +015 +050 +011 -036 +005 +071 +025 +083 -078 +021 +071 -071 +005 +047 +036 -001 +100 -066 +087 -014 -064 +054 +056 -054 +073 -043 +023 -041 +062 +082 +003 -044 +021 +084 +048 -007 +046 -074 +055 -051 -035 -050 +087 -048 +058 +051
-071 -042 +046 -007 +048 -066 -030 -028 +038 -028 +004 -040 +006 -074 +011 -083 -010 -061 +014 +073 +065 -074 +038 +020 +034 +057 +074 -033 +077 -066 -067 -068 -087 -053 -032 -074 -074 -024 +076 -024 +088 -062 -080 -025 +068 -018 -008 +020 -061 -041 -052 -016 -025 +083 +037 +045
-028 -044 -048 -073 -030 -063 +030 -087 -068 -032 +017 +037 +076 -084 +001 -076 -042 -037 -075 +028 +030 -050 -035 -088 +074 +072 +006 -010 -012 -066 -087 -016 -076 -034 -041 -016 -002 -016 -027 +011 +016 -032 -038 +054 +085 +030 -013 -020 -011 -083 -032 +038 +070 -008 -058 -037
+022 -010 +062 -048 +003 -027 +057 -068 -030 -002 +054 -078 -085 -011 -017 +025 -085 +026 +055 -041 +033 -054 -084 -001 -076 -030 +046 +028 +025 -017 +080 -056 -073 -061 -051 -077 -007 -038 -052 +031 -051 -022 -077 -013 -008 -083 +024 -005 -035 -075 +083 +067 -006 -018 +031 +032
-016 -016 -001 +014 -088 +017 -033 +024 -022 +043 +023 -041 +064 -038 -054 +026 +004 -032 +064 -002 -007 +063 -051 +027 +002 +042 +032 -044 -015 +068 -082 +071 +047 -067 +031 -047 +075 +024 -038 -001 +074 -085 +070 +032 +061 -008 +001 -060 -042 +021 -077 -038 +020 +080 +007 -046
-086 -041 -032 +086 -002 -056 -076 +032 -052 +020 +044 -084 +056 -022 +010 -002 -033 -015 +024 -021 -077 -017 -050 -043 -087 +088 +071 +017 +036 -084 +072 +082 +075 +045 +072 +016 +044 +003 -057 -014 +008 +035 +030 +062 +081 +048 -050 -076 -078 +040 -025 +066 +065 +051 -031 +061
+022 -084 +071 +002 -036 +007 +003 -084 +011 +070 +083 -016 -015 -048 -012 +047 -005 +037 -011 +072 -087 +072 -036 +025 +032 +074 -066 +044 -032 +071 -088 -001 +051 -001 +046 +028 +075 -015 -057 +065 +010 +012 +025 -073 -035 -012 +054 -000 +040 -013 +063 +004 +043 +063 +042 +012
-023 -021 -028 -002 +052 -022 +046 +073 -047 -036 -016 -020 +057 +047 +028 -027 +074 -041 -066 +008 +086 -021 +052 +065 +054 +020 +038 +023 -021 -044 +000 +076 +021 +044 -025 +044 +046 -068 +006 -067 -036 -025 -044 +038 -076 -003 -017 -075 -081 -012 -073 -058 -053 +083 +037 +061
-046 +045 +050 +021 -015 +037 +046 +012 +045 +068 +031 +065 +047 -087 +073 -078 -030 -088 +082 -046 +046 +081 -036 +078 -038 +061 -044 -058 -077 +006 +073 +073 -040 +031 +027 +045 -010 -011 -066 +064 +088 +060 -058 -057 +075 +016 +067 -022 +070 +014 -024 -026 +077 -008 +084 +002
-027 +041 +047 +055 +031 -031 -002 +051 -056 -057 +010 -006 -022 +005 -071 -051 -008 -045 +075 +015 +073 -076 -083 -074 +058 +080 -014 -082 -015 -017 +087 -066 +030 -082 +010 -050 -015 -061 -075 +032 -084 +028 +073 +033 -073 +034 +008 -021 +080 +031 +001 +013 +100 +046 +041 +053
-012 +017 -024 -035 -088 -041 +046 +031 -004 +058 +058 +028 +072 +050 -058 -028 +012 -087 +044 +086 +034 +038 -038 +035 -042 -061 +038 -070 +021 +075 -088 -072 +000 +054 -057 -013 +051 -063 -045 +072 -026 -035 -038 +082 -055 +001 -072 +004 -060 -037 -004 -086 +083 +077 +073 +005
+075 +071 -045 +053 -054 -061 -062 -075 -005 -017 -083 -072 -001 +084 +054 +062 +066 -086 +066 +082 -018 +060 +040 -048 +072 +007 +034 +062 +017 +005 +062 -032 +071 +057 +038 +030 +072 +006 -067 -007 -087 -034 -006 -071 +005 +000 -044 -034 -022 +075 +065 -044 -074 +088 +001 +024
+082 +075 +055 -047 -063 -063 +037 +053 +053 -033 -056 -000 -016 -037 +034 +017 +046 -076 -061 -044 +033 -036 -024 +043 +016 +067 +051 +037 -036 -004 +020 +016 -011 +087 +052 +086 -042 +073 +017 +001 -001 +046 -000 -008 -074 +044 -014 -028 +022 +046 -044 +062 +014 -083 -077 -027
-034 +005 -032 -080 +007 -027 -067 -070 -038 -051 +017 -047 +044 -034 -070 +064 -080 -083 -008 +084 -083 -020 -040 +031 +080 -057 -025 -031 -010 +053 +000 -063 +025 -017 +061 +057 +074 +083 +000 -086 -021 -031 +007 -003 +027 +040 +004 -058 +065 -040 -044 +002 +020 +054 +075 +043
