+083 -006 -043 +072 +026 -057 -082 +040 +033 -081 +081 -057 +006 +035 +010 +024 +053 -022 -010 -025 -052 -076 -018 +033 -040 -005 +011 +064 +082 -046 +055 -050 -038 -053 -046 +051 -034 -017 -024 -036 +015 -014 +065 +010 +024 -061 +037 +085 -017 +042 -088 -057 -025 -066 -080 +008 +011 -073 +054 +008 +000 -086 -058 -035 +052
-041 -067 -025 -002 -008 -005 +002 +005 -042 +032 +055 +013 +031 -072 -047 -032 +088 +062 -032 -032 +005 -058 +027 -026 -042 +061 -077 -002 -068 +082 -058 -007 +084 +053 -013 +038 +020 +028 +037 -003 +086 -034 -024 +035 -004 +082 +052 -015 -070 +001 -032 +024 +010 +010 +004 +011 +078 +038 -074 -027 -032 -073 +047 +034 +008
+011 -018 -044 +016 +100 -045 -032 +085 +086 +043 +087 -023 -060 -040 -027 +041 -011 -033 -010 +074 +043 -028 -002 -004 -051 -016 +053 +073 +072 +010 -072 -075 +042 +046 -027 -030 +038 -012 +076 +064 +078 -001 +063 -028 +083 -007 +048 -068 +033 -052 -041 +026 -062 -027 -026 -037 +064 +070 +032 -035 -080 -078 +058 -008 -044
-072 -041 -035 +010 +076 +004 +017 +015 -038 +055 -088 -010 +056 -003 +021 +001 -071 -043 +051 -004 +064 +004 +063 +076 -063 -041 +021 +060 +073 +067 +064 -032 -057 +021 +002 -100 +075 -052 +033 +071 +028 +007 +007 +010 -017 +025 -055 -062 -018 -068 +074 +006 +021 -052 +031 +050 -004 -057 -031 +033 +063 -000 +063 +040 +015
+014 +035 -066 -062 +066 +022 -054 +086 -068 -020 -006 +056 -000 -072 +063 -013 +057 +027 -020 -005 +027 +077 -072 -058 +061 -006 +080 +026 +045 -042 +070 -003 -037 -083 +065 +070 -042 -028 +087 +008 -023 +058 -070 -053 -027 +072 -086 -016 -063 -020 +047 +037 +100 +058 +016 -055 -064 -064 -064 +056 -060 +033 +072 +044 +081
+025 -008 -085 -036 +084 +037 -037 +100 +062 -013 +054 +050 +031 +050 +043 -082 +073 -066 +063 -011 -024 +025 +024 +018 +058 -052 +061 +077 +057 -085 +048 -045 +067 -033 -070 -045 -018 -027 -076 +041 -072 -080 +004 -002 +058 -037 +060 +020 +048 -083 +066 -075 +061 -087 +006 +030 +077 -044 +028 -007 -014 +021 +040 -047 -042
-088 -068 -045 +056 +015 +013 -065 -062 -013 -057 +077 +033 -082 -057 +081 +065 +047 -047 +002 +042 -022 +036 +011 +048 +018 +056 -073 -010 -074 +038 -082 -053 +037 +066 +022 +032 +021 -055 -044 -021 +054 +000 +053 -078 +011 +084 -022 +022 +015 +028 -035 +030 -002 -076 -087 -008 +058 -100 -028 +063 -077 -072 -075 -025 -014
-087 -058 +010 +066 +082 -074 +040 +073 +014 -004 -088 +003 -016 +028 -054 +013 +070 -045 -061 +055 -004 -021 -045 +024 +060 +038 +057 +032 -062 +026 -035 +035 -007 +021 +088 +050 -070 +068 +000 +063 -025 -054 +042 -047 -072 -044 +074 -003 -030 -066 +061 -068 -054 +030 -018 -078 -011 -057 +081 -026 -077 -018 -030 -031 -072
+001 +038 -083 +100 -016 -057 +044 -064 -076 -058 -088 +007 -081 -004 +034 +000 -016 +004 +006 +037 -080 -046 +035 +064 -055 +073 -017 +083 +085 -041 +047 +088 -052 +033 -063 +065 +043 +018 -013 -007 +083 -040 +001 +066 +061 -045 +025 -050 +072 +052 +005 -046 +048 +078 -007 +005 +017 -004 +011 -073 +050 -033 +003 -070 +006
-071 -088 -014 +044 -027 +052 -001 +031 +078 +024 +021 +076 +007 +033 +061 +067 -064 -037 -085 +064 -084 -020 -056 -072 -054 -078 +034 +018 -017 +031 -050 +031 +068 +084 -053 +044 -086 -013 -064 +067 +004 -027 +078 +003 -020 +083 -015 +046 -022 -005 -058 +044 +036 -012 +080 +073 +041 +084 +053 -010 -015 +002 -036 -052 +037
-073 -043 +023 -003 +050 +017 -035 +027 +050 -007 -010 +071 +001 +050 -057 -007 +073 +035 -025 -037 +071 +062 -020 +032 +001 +074 +041 +067 -063 -031 -043 -087 +088 -087 -003 +016 -025 -046 +028 -011 +008 -086 -028 -011 +043 -078 +087 -017 +088 -076 -001 +038 -067 -034 -012 -060 +023 +061 -046 +075 +025 +055 +074 -072 +050
+062 +020 -060 +026 +087 -034 -058 -000 +087 +078 -062 +016 -070 +070 +002 +061 -003 -088 +076 +078 -086 +025 +031 -027 -063 +073 +064 -062 +034 -073 +078 +080 +023 -017 -075 +033 +064 +034 +058 +083 +001 -088 -006 -041 +081 +030 +046 +053 +005 -068 -065 -041 +031 -054 +050 +058 +043 -048 +032 +015 -002 +044 -038 -078 +070
+071 +008 -058 +063 -071 +011 -070 +024 -047 +084 +014 +037 +031 -025 -088 -038 -037 -042 +026 +065 +068 +048 +021 -053 -076 -003 -030 +017 -017 +005 -071 -002 +027 +070 +051 -086 -020 +030 +022 -040 +064 +022 +045 -063 -056 +028 +024 -016 +045 -036 +025 -047 +047 +087 +031 -022 +056 -047 -045 -066 +002 +016 -063 +086 -062
+031 +067 -003 -027 -053 -050 -032 -020 -064 +003 +070 +070 -013 +074 -081 -010 +037 -073 +054 -063 +005 -075 -044 +036 +006 -087 -012 +077 -047 +010 -046 +038 +071 +076 +037 -001 +083 -021 +034 +024 +008 +008 +021 +050 -085 -041 -045 +034 -063 +084 +031 -028 -081 -001 +014 -022 +088 +005 +011 -071 +016 -042 -023 -044 +071
-085 -060 +002 -031 +065 -016 +063 -033 -032 -031 +031 +024 -066 -037 +020 +083 +010 +042 -005 -010 +027 -015 +003 +066 -037 -055 -013 +020 -075 -036 +021 +048 +047 -050 -066 -018 -006 -053 +077 -010 +085 +074 +084 -030 -044 +080 +064 -055 -062 +074 -066 +001 +062 +055 +071 +013 -067 -023 +028 +021 +060 +072 -023 -013 +076
+037 -014 +034 +070 -053 -086 +010 +067 +018 -052 -036 -018 +064 -015 +073 +022 -063 +080 +051 +054 -003 +082 -084 +041 -078 +066 -043 +071 +056 +014 -000 +072 +085 +056 +010 -027 -037 -082 -016 -000 -088 -002 +071 -030 -004 -046 +035 -071 -024 -082 +076 +018 +051 -020 -083 +005 -081 -035 -051 -026 +006 -030 +000 -060 +026
+085 +012 +054 -073 +058 +055 +072 +067 +043 +065 +062 -033 -048 +047 -080 +035 -027 -056 +003 +023 +074 -000 +000 -032 +033 -010 -061 -026 -067 -066 +015 +024 +046 +005 -064 -086 -055 -071 -080 -078 +020 +081 +045 +061 -000 +018 +007 +076 -068 -064 +062 -001 +008 +078 +015 -000 -045 +071 -025 +072 -065 -062 +008 -001 -002
-047 -046 -010 +025 -048 +064 -076 -047 +087 +041 +074 +077 +062 +053 -004 -024 -050 +037 +031 +050 +052 -071 +037 +033 -048 -047 +065 -062 -020 -040 -007 +054 -080 +031 +080 +053 -078 -050 +004 -025 -050 +058 +084 +004 -005 +044 -034 +014 -024 +037 -040 -024 +053 -080 -051 -034 -053 +076 -041 +047 -080 +047 -020 +025 +026
-057 -060 -071 +066 -011 -021 -045 -086 +074 -054 +013 -086 +017 +073 -052 -082 +054 +030 -025 +018 -080 +066 +030 -062 +012 -025 +022 -021 +002 +086 +073 +014 -023 -073 -040 +036 -014 +040 +031 -043 -035 +081 +013 -024 -051 -037 -084 +071 +051 -062 -025 -032 +046 -065 +013 +088 -033 +037 +075 +071 +030 +027 -003 +047 +045
-007 +077 -065 -070 +037 -021 +036 -015 -038 -010 +027 -067 -017 -043 +035 +072 -078 +046 -034 -010 -002 +014 +044 +050 +031 +025 -075 -088 +056 +056 +018 -064 +061 -088 -054 -044 -020 -086 -050 -002 -100 -016 +014 -011 +020 +005 -063 -060 +057 -087 +037 +082 +052 +063 -071 +074 +033 +002 -061 -005 -023 +058 -053 +003 +011
+042 -018 +001 +002 -075 -083 +018 -052 +047 +025 +062 +046 +022 +010 +072 -073 +022 -024 -068 -001 -030 +022 +030 +011 -041 -056 +040 +062 +057 -067 -080 +067 +048 +007 -002 +086 -044 +051 -022 -037 -017 +028 -002 +008 +084 -004 +072 -042 -085 +050 +073 -056 +082 -056 +002 -034 -031 -036 -068 +050 -083 -022 -080 -030 -084
-022 -026 -017 +050 +005 +086 +072 -006 +060 -056 -045 -067 -084 -055 +043 +052 +050 +030 -068 -021 +071 +013 -026 -085 +035 -036 -037 +005 -065 -016 -051 -053 +058 +067 -060 -046 -011 +010 -035 -008 +053 -060 +014 -045 +013 -053 -018 -081 -002 +046 -033 +087 -031 +088 +000 +048 -004 -013 +054 -062 -040 -071 -047 -026 +021
-054 +038 -060 +028 +041 +027 +033 -084 +052 -080 -014 -052 -050 -055 -087 -007 +026 +082 +048 +050 +078 +084 -067 -034 +045 -022 +064 +020 -020 +052 +080 -002 +043 -084 +063 -026 -025 -028 -002 -011 +053 -044 -078 -087 +071 -031 -033 +084 +022 -014 +016 +050 +031 -014 +015 +047 +006 +068 -085 +034 +004 +012 -052 -000 +021
-088 -015 +002 +040 -015 +045 -052 -047 +042 +043 -064 -051 -034 +085 +012 -004 +004 +082 +023 +035 +084 -015 -030 -054 +044 -041 -004 -053 +033 +002 -074 +063 +048 +057 +005 -054 +056 -003 +047 +040 +086 +072 -026 -015 +016 -070 +063 +008 +026 +007 +042 +003 +060 +023 -007 -037 +083 -068 +088 +028 -078 -018 +021 +014 +040
-058 -084 +051 +031 +054 -066 +025 -056 +038 +062 +060 -001 +066 +071 +060 -080 -062 +061 +043 +035 -040 +012 -055 -064 +071 -002 +054 +038 +087 +007 -075 +052 +043 +004 +063 -027 -041 -034 -068 +072 +002 +057 +080 +011 -035 -066 -063 +082 +066 +020 +088 +088 +042 -031 -061 -023 -056 +005 +037 +000 +034 -086 -063 +028 +028
-042 -005 +027 +025 +068 -022 +074 -027 +004 -001 +060 +016 +076 +060 +013 -083 -070 -075 -034 -025 +038 +081 +008 +048 +020 +028 -075 -007 +072 -085 +066 +028 -072 -017 +046 -003 +048 +022 -018 -013 +088 +087 +044 +083 +074 +080 -050 +006 -026 -080 -064 -084 -006 -068 -030 +033 +034 +083 -003 +086 -006 -047 +077 -081 +071
+074 +087 +035 +082 -032 -061 -004 -087 +036 -030 -006 -018 -082 +033 +053 -062 +067 -080 +066 +057 -012 +042 -017 +008 -005 -046 +002 +025 +072 -010 -061 -047 +054 -061 +046 -065 -044 +054 +052 -050 -082 -005 +012 +037 +047 -040 -080 +023 +051 +063 -025 +063 +008 -064 +005 -023 +045 -008 +021 +036 -053 -022 -052 +057 +048
-084 +010 -034 -038 -063 -012 -044 -068 -014 -061 -028 +014 -038 -064 +058 +082 -047 -010 +051 -024 +073 +082 +024 -058 +017 -100 -044 +077 -040 +060 +026 +028 +100 +021 -082 -046 +087 -000 +021 -076 +036 +055 +034 -085 +057 -003 +033 -041 +057 -001 -051 +052 +048 +003 +073 +070 -073 +047 +057 -032 +055 -023 -007 -078 -025
-084 -015 -074 +082 -038 -002 +055 +027 -072 -088 +056 -085 -021 -002 +085 -082 +016 +080 +052 -033 +065 -035 +020 -018 -020 +088 -062 -048 -082 -040 +014 +062 -086 +027 +028 -087 -027 -037 -065 +061 -044 -076 -047 -013 -024 +086 -044 +032 -057 +061 -008 +032 -033 -060 +062 +037 +037 -087 +060 -067 +037 +077 +022 +043 -058
+083 -085 -023 +033 +011 +073 -063 -083 -047 -012 +061 -070 -018 +040 +082 -035 +036 +074 +025 -017 +053 +008 -016 +002 -003 +017 -081 -080 -073 -045 -033 -063 +076 +038 +000 +037 +048 +007 -083 -073 +015 +082 +087 -020 +037 -071 +014 -006 -008 +046 -033 +026 +033 +070 -056 +063 +076 +061 -058 -085 -081 +006 -033 -000 -045
+068 -082 +065 -063 -006 +100 +018 -018 -017 -046 -013 +075 +004 +081 -070 +048 +083 -004 -018 +076 +087 -077 -085 +012 -047 +003 -060 -044 +081 +046 +100 -034 +085 -076 -066 -008 -021 +052 -056 -076 +064 -052 +040 -085 +001 -075 -063 +034 +000 -083 -002 +088 -058 -003 +076 +020 +050 -023 +040 +034 -066 -016 +026 +072 +044
-074 +100 -051 -076 -056 +076 -023 -002 -045 -037 +008 -008 +035 -071 +020 +011 -075 +088 -007 +037 -086 +004 -072 +076 +013 -017 -058 -066 -013 +021 +000 +045 -003 -028 +016 +005 +068 -008 -048 -086 -078 +010 -020 +070 -004 -040 -086 +027 +070 +088 -001 -085 +028 -044 +063 -028 -040 +061 -056 +074 -040 +068 -052 +045 +026
+068 +082 -086 -003 -004 -003 -052 -065 +024 -088 -005 -087 +047 -064 -040 +051 -035 -060 +005 +078 +072 -074 -000 +073 +008 -026 +042 +012 +086 -056 +025 +067 +066 -086 +063 +078 -026 -087 -020 +026 -068 +064 -052 -034 -016 +087 +028 -032 +011 +025 +068 -041 +033 -021 +073 +011 -052 +038 +047 -066 +018 +023 +010 +040 +067
-027 +044 +050 +026 +024 -041 +036 +017 -081 +011 -014 +041 -025 -077 +000 -068 +003 -088 -047 +007 -071 +076 -075 +022 -072 -044 -000 -011 -080 -054 +031 -046 -050 +050 -025 +023 -080 +083 +031 -015 -066 +070 -070 -027 +041 +001 +022 +061 +061 +054 -031 +015 -063 -057 -007 -054 -080 -004 -024 -023 -027 -047 -082 -015 -060
+035 -015 -002 +022 +064 -085 +037 -001 +034 -075 -067 -086 +085 -028 -006 +000 -043 +040 +050 +082 +048 +007 -010 -078 -020 +086 -002 +068 -022 +002 +071 +045 -054 -084 -048 -078 -031 -063 -032 -005 +015 -030 -037 +081 -021 -046 +037 +051 +026 +086 +072 +035 +023 +014 -022 +065 +066 -075 +005 +041 +014 +080 -021 +046 -011
+078 -038 +067 -045 -001 +010 +035 +034 +062 +057 +070 +050 -033 -082 -080 +003 -084 +062 -013 -024 +045 +012 +030 -011 +047 -012 +022 -084 -023 -051 +026 -052 +081 +060 -080 -067 -026 +007 +071 +014 +080 -013 -010 +057 -075 -078 +053 +026 +071 +006 +081 -062 -082 -054 +001 +073 -024 +012 -047 -058 -084 +012 -088 +015 -063
+005 +002 -085 +035 +082 +088 +017 -068 +054 -053 +004 +011 +060 -026 +064 +022 +085 +004 -020 +021 +060 +028 +068 -080 -067 +087 +060 -008 -064 +068 +083 +075 -012 +020 -006 -018 +027 +008 -066 +004 -041 -074 -075 +060 +008 +047 -001 +051 +018 +086 +014 -007 +008 +062 +027 +006 +052 +042 -023 +062 -074 -043 +024 -002 +065
+078 +017 -085 +025 -046 -016 -061 -001 -045 +045 -013 -054 -030 +012 +027 +010 +086 -011 +081 -075 -020 +011 -041 -004 +038 +082 +058 +071 -040 -043 +017 -088 +070 -077 -081 -024 -005 +063 +075 -004 -067 +075 +026 -063 -046 +078 +074 -017 -075 -065 +026 +038 +035 +001 +087 -077 +065 +071 +008 +061 +087 +028 +088 -056 -083
+075 +067 -041 -053 -017 -020 +057 +035 -010 -087 +081 +044 +005 -012 -027 -005 +018 +057 +012 -073 -065 +088 -011 -071 -016 -084 -077 +065 -053 +074 +040 -070 -046 -024 +080 -085 +064 -065 +070 -033 +035 -055 +034 -012 +025 -007 -075 +068 -050 +048 -085 +087 -080 +068 +044 -060 -060 -058 -045 -083 +075 +074 +053 +080 -064
+022 +026 -018 +086 -007 +083 +016 -055 -027 -075 -027 +002 +050 +065 -035 -086 -082 -057 +015 -072 -004 -084 -041 +073 -036 -038 -024 +010 -001 +056 +040 -030 +016 +012 -043 +055 -053 -031 +065 +070 +056 +067 -022 -085 +034 -066 +003 +066 +070 -015 -061 -075 -031 +001 -058 +010 -016 -002 +076 -083 +051 -084 +042 -083 -048
-034 +081 -046 +048 +001 -013 +017 -036 +006 -026 +027 -086 +047 -023 -024 +013 +008 +032 -085 -008 -082 +081 +071 -038 +051 -016 +021 -013 -037 +012 -066 +077 -021 -074 +001 +088 -012 +040 -001 +015 +022 -010 -048 -033 +052 +080 +086 -087 +081 -007 -052 -028 +017 -017 +037 -080 -075 -045 +071 -000 -018 -003 -100 +085 +080
+021 +021 +040 -080 +015 -003 +008 -028 +043 -014 +063 +005 +041 +013 -052 -086 +001 -070 -074 -017 -045 -005 -053 -084 +088 +046 +060 -017 -053 +063 -042 -081 +045 +048 -001 +018 +044 +081 -041 +031 +037 +057 +064 +006 +002 -086 -001 +053 -040 +040 +061 -084 +036 -050 +063 -002 +082 +003 +024 +048 +057 -058 +050 +063 +053
-045 +054 +010 -036 +056 +100 -034 +060 -041 -033 +046 -058 +012 +045 -027 +058 -018 +012 +073 -042 +053 +047 -047 -027 -002 -048 -002 -023 +015 -043 -066 +077 +087 -023 -071 +027 -053 +007 -014 +008 -086 +088 -074 -021 +005 +057 -066 -014 -017 +027 -010 +083 -078 -083 +073 -007 -008 +022 +081 +075 +085 +045 -052 -043 +074
-080 +016 -018 -020 +026 +065 -021 +028 -022 +073 -026 +085 +012 +045 +024 -065 -078 +083 -002 +020 -041 -076 -010 -067 +012 -038 -083 +001 +032 -001 +041 +028 -052 -008 +028 -022 +085 +038 +085 -000 +086 +088 -071 +050 +074 -051 -063 -046 +023 +071 -015 +064 -084 -085 -005 -034 +035 +081 +050 +080 +067 +073 -075 +058 -066
-085 -013 -020 -057 -053 -022 -077 -082 +028 -043 +024 +047 -068 +018 +006 +087 -061 -071 -100 -066 -074 +026 +066 -036 +047 +075 +072 -054 -083 +078 +003 -032 -068 +074 -035 -008 +046 +070 +088 -003 -056 -011 -002 -088 -053 +082 -056 -045 -008 +088 -080 +057 -010 -057 -062 -028 +010 +027 -038 -057 +044 -041 -001 -071 -038
+063 +041 -077 -052 +070 +028 -037 +024 -028 +036 +048 -077 -035 -023 -033 -085 +038 +034 -028 -030 -055 -047 +067 +053 -056 +028 -034 -024 +057 -060 -032 +026 +005 +063 -070 +000 -015 +037 -086 +088 -007 -054 +002 +070 -038 -006 +056 +013 -061 +080 +037 +071 +070 +055 -040 -075 -024 +078 -061 +012 +016 +065 +011 +046 -004
-077 -002 +061 -037 +020 +083 +043 +004 +085 -058 -042 +055 -055 +054 -040 +065 +015 -085 -071 +054 -001 -025 +077 +002 +078 -026 +030 -006 +067 -020 +037 +061 -045 +026 +064 -065 +074 +027 +044 -018 +065 +006 +024 +080 +054 -028 +004 +078 -022 -010 +001 -056 +071 -067 +046 -082 -028 +071 +047 -057 -032 +030 +087 +047 +086
-047 -087 +072 +001 +073 -086 +024 +071 +020 -051 +073 +055 +003 +070 +060 -062 +078 +031 +068 +042 +045 -012 +085 +076 -064 -047 +031 -018 -053 -016 -040 -012 -018 -005 -034 -025 -067 -067 -051 -076 -078 -038 -067 -018 -005 -064 -052 -033 -022 -015 +075 -066 +034 -007 +006 -084 +081 +011 +066 -061 +088 -088 -010 -060 +075
-076 +075 -072 -066 -003 -051 +072 +083 +087 -036 -061 +031 +033 +068 -042 -013 -020 -045 -011 -064 -060 +041 +088 -080 +001 +054 +006 -055 -000 +064 +085 -045 -022 +028 +010 -056 -016 +067 +053 +070 -060 +036 +074 +083 -080 -086 -044 +030 +080 -022 -080 -065 -054 +072 +072 +028 +058 -028 -058 -052 -051 -033 -088 -088 +085
+078 +061 -032 -028 -013 +017 +047 -021 -010 -045 -007 -060 -067 -035 -006 -042 -025 -017 +078 +014 -045 -058 +045 +018 -053 +056 +023 +041 +038 +076 +032 -014 +036 +068 -076 -012 +012 -008 -033 +012 -024 -028 +060 -057 +016 +058 -028 -033 -035 -015 +085 -063 -015 -066 -006 -073 +041 +073 +056 -030 +082 -054 +025 -040 +048
+052 +088 +001 -046 +010 +082 +013 -055 -078 -064 +056 -080 +027 +068 +067 +001 +015 -065 +070 +054 +065 -073 -022 -000 +040 +048 +010 -064 +031 +068 -038 -053 -057 +027 +051 -050 -076 -042 +075 +012 +046 +036 -000 -043 -080 -061 +015 +010 -025 +053 -063 +051 -055 +022 -041 +035 +025 -067 +063 +012 +026 -034 +007 -003 +011
+015 +067 -025 +052 +066 -036 -033 -004 +011 -035 -003 -033 -007 +053 +008 -071 -038 +034 +013 -014 +081 -084 -058 +013 -082 -052 +056 -046 +041 -063 -060 +005 -026 +067 -000 -002 -084 -063 +081 -010 +043 -041 -075 -057 +002 +005 +008 +021 -085 +071 +016 +064 +034 +013 +031 +003 +036 +081 +027 -100 -005 +007 -011 +042 -031
+080 -004 +081 -078 +027 -051 -087 +040 -033 -024 +011 -016 -084 -022 -100 +007 +007 -026 +073 +056 +058 -080 +006 +027 -002 -002 -037 -076 -072 +086 -008 +052 +025 +021 -055 +081 -056 -064 -004 +063 +066 +030 +036 -002 +034 -008 -040 -058 -023 +055 -006 +077 +022 +083 +021 +037 -035 -037 -053 +073 -008 -058 +057 -076 -010
+074 +053 +051 -015 -004 -033 +078 -076 +005 +013 -054 -085 -066 -050 +051 -031 -061 -015 -086 +075 +042 +057 -050 -057 -072 +076 -024 +057 +017 +084 +023 +087 -074 -085 +088 +005 +068 -023 +064 -023 +027 -058 +012 +080 -075 +040 +058 -045 +014 -016 -031 +030 -078 +020 +046 -006 +038 +015 -062 +017 +036 +024 +006 -018 -044
+013 -057 -087 -012 +073 -005 +011 -083 -020 +036 +060 -025 -047 -054 +054 +044 +005 +100 -044 +075 -075 -070 -008 +046 +026 -004 +002 +045 +010 -036 +051 -030 +026 -060 -014 -045 +075 -068 +023 -085 -058 +061 -067 -012 +100 -056 +035 -063 -076 +057 -068 -045 -020 +028 -044 -031 -071 -003 +065 -058 -076 +048 -008 +001 -028
-073 +022 -027 -067 +041 -002 -008 +062 +035 +045 +046 -021 -100 -058 -015 -056 +060 +063 +100 -031 +003 +011 -056 +060 -037 -002 -056 +006 -077 +048 +017 -066 -068 +054 +018 -021 -087 +052 +084 +046 +038 +038 +083 -068 +064 -012 -080 -051 -076 +030 -030 +078 +074 -056 -023 -045 -042 +068 -027 -027 +081 +055 -007 +042 +017
+065 -016 +043 -042 -071 +035 +046 -025 -046 +025 +024 -066 +045 -006 +065 +046 +026 -014 +083 -066 +030 -064 -031 -057 +035 -045 -002 +064 -050 -061 +050 +088 +042 -017 -068 -083 +064 +033 +058 +062 +072 +006 +006 -078 -034 -006 +065 -032 +088 -058 -005 +025 -063 -026 -046 +088 -015 -016 +018 -041 +051 +045 -078 -016 +023
+032 +084 -023 -055 -030 +021 +013 +042 -008 -028 +072 +013 +074 +080 +011 -076 +047 -056 -053 +026 +038 -010 +060 -054 +031 +058 +071 +008 +031 -042 +011 -057 -016 +046 +070 +067 +007 -064 -038 -100 +021 +066 -020 -038 +000 -067 +027 +036 +025 +086 -071 +088 -078 -032 +026 -083 +051 -074 -053 -084 -074 -032 -003 -038 +076
-023 +005 -016 +077 -058 +005 -052 -014 -011 -081 -057 -001 +035 +032 +028 -011 +012 +007 +033 +083 -073 -018 +081 -070 -088 -086 +072 -007 +047 +003 -018 +006 +006 +078 -036 -083 -011 +058 +054 +023 -022 +048 -047 -043 +043 -030 +028 -004 +030 +055 +050 -000 -074 -001 -012 -078 -038 -078 +073 -016 +076 +067 +028 -010 -082
-006 -056 +066 +032 -040 -074 +066 +045 -084 +012 -037 -016 +033 +030 +020 -046 +012 +003 +021 +033 +007 -023 +075 -060 +028 -070 -061 -100 +067 +062 +068 +080 -001 +000 +068 +058 +000 -056 +032 +062 +034 +044 +068 -020 +022 -045 -077 -074 +010 +043 -088 +041 +047 -057 +053 -021 +083 +072 +074 +013 +004 +086 -052 -017 +048
+050 +044 +034 -024 +028 -008 -028 +076 +072 +080 +002 +002 +063 +076 +080 -087 -024 -001 -020 +072 -054 -013 -070 -084 +038 -031 +055 -074 +063 +005 -055 +014 +013 -005 +044 +080 -003 +077 -023 -022 -004 -077 +030 +010 -038 +041 -055 +086 -026 +051 +026 -033 +006 -003 +004 +066 -086 -002 +050 +050 -023 -030 -082 -035 +052
+043 -078 +041 -046 +006 +028 -065 +032 -056 -083 +034 -066 +034 -055 -003 +071 +051 -012 -035 -080 +052 +088 -016 -040 +057 -087 +022 +041 -077 -034 +045 +016 +055 +074 +017 -013 +056 -057 -040 -046 +020 +087 -057 +024 -075 -074 +082 +084 -038 +020 -045 -064 +043 -080 +076 +035 -034 +025 +044 -038 -005 -066 +032 +006 +013
-024 -014 -002 -017 +077 +020 +070 -078 +038 -014 -018 -010 +087 -072 +055 +013 -014 +070 +016 -063 +045 -062 -082 -040 -064 +015 +010 +007 -044 -040 -043 -078 -024 -041 -083 +046 +006 +005 -004 +017 +053 -000 -086 -051 -076 +017 -012 -000 -013 +038 -062 +081 -046 +076 -087 +067 +077 +061 -071 +076 -082 -057 +083 -025 -030
+050 -013 -048 +063 +002 -026 -074 +071 -063 -057 +067 +083 +076 +020 +067 -072 +034 +026 -058 -022 +030 +046 +038 -051 +088 -061 +030 +053 +010 -013 +072 -011 -050 -010 +012 -004 -088 +027 -027 -033 +018 +030 +082 +060 +073 -027 +073 +012 -030 -067 -003 +065 -062 -037 -032 -064 -001 +034 -012 -065 +100 -005 -038 +035 +034
+000 +008 -063 -042 -022 +013 +082 -002 +010 +020 +058 -001 -060 -007 -036 -053 -044 -056 +021 -000 -056 +003 -044 +017 +005 +025 +003 +077 +031 +062 -088 -080 -068 -017 +048 +051 -048 +001 +040 -043 -072 +006 -083 -064 +001 -058 -020 +057 +013 -028 -081 +074 -055 +011 -063 +072 -028 -012 -087 +014 +086 -050 -020 +070 -028
-081 +058 -046 +063 +002 +010 +017 -071 +056 +051 +000 -036 +021 -042 -016 -058 +028 +037 +001 -083 -088 -013 -012 -085 -071 -048 +084 -067 +033 -034 -053 -044 -010 -025 -021 +058 +040 -027 +088 +033 +034 -086 -041 +010 -075 +068 +025 +025 -026 -051 -037 -004 -037 +040 -006 -020 -074 -082 -032 -001 -063 -051 -083 +081 +005
+028 -015 -041 +072 -031 +070 +017 +081 +028 -001 +042 -070 +040 +063 +007 +087 -018 +081 -001 +088 +021 -040 -013 +077 -068 -033 +024 +031 +065 -042 +036 +072 +042 +058 +037 -046 +001 -025 +065 -033 -037 +006 +071 +072 +088 +041 +068 +047 -065 -035 +071 +005 -018 -013 -036 -007 +045 +025 +067 +064 -046 -023 -055 -073 -000
+000 -056 -053 -030 +005 -013 +057 +053 +035 -088 -065 -047 +044 +003 -003 +026 -045 -064 -012 +035 -015 +008 -080 +048 +087 -006 -040 -065 -037 -073 -046 -027 +042 +033 +005 -067 -008 -077 -003 -030 +006 +001 +008 -087 +076 -073 -045 -075 +035 -034 -064 -035 +088 -024 +004 -015 +042 +087 +016 +003 +057 -008 +057 -044 -018
+070 -030 +024 -058 +035 +078 +080 -030 +081 +021 -042 +070 -002 +065 +023 -055 -083 -028 -036 -038 +003 -045 -046 +088 -045 -027 +063 +031 -032 -005 -073 -004 +043 -084 +043 -008 -031 +031 -020 -021 +056 +004 +015 -048 +005 +081 -011 -073 -031 -014 +022 +015 +048 -053 +046 +050 +037 +044 -077 +026 -004 -035 +017 +075 +088
+014 -066 -016 -008 -032 +014 -076 -026 -021 +056 +035 -082 +072 -048 -042 -057 -027 +025 +014 +007 -017 -100 +068 -062 -014 +034 -023 -008 -037 +006 -024 +036 +014 -052 -087 -016 -063 -066 +056 -010 -012 +066 +023 -072 +024 -018 +056 +026 +051 +070 -041 -052 +027 +013 -086 -088 -062 -015 +056 -040 -056 +086 -085 +006 -065
+018 -085 -031 -018 -000 -060 -024 -028 +073 +006 +043 +065 -067 +001 +030 -065 +013 -078 +080 -013 -055 +083 -053 -031 -074 -085 +005 -038 +088 -025 -076 +061 -042 -072 -075 +070 -034 +053 +051 +072 -031 -018 -056 -051 +026 -026 +037 -068 +038 +082 -002 -066 +037 -076 +078 -052 -057 -014 -011 +027 +054 -021 -070 -031 -006
-038 -054 -075 -081 +038 +078 +088 +016 +034 +046 -082 -065 -040 -010 +077 -088 -010 +023 +031 -070 -022 +071 -013 -000 -081 -071 -002 +048 -014 -086 +030 -031 -000 -086 +058 +030 -055 -075 +018 +084 -028 +031 +076 +078 +042 -042 +016 -060 -057 -026 -067 +044 -038 -077 +058 -041 +040 +004 +036 -057 +028 +037 -028 +066 -011
+031 -046 -040 +017 +024 -042 -051 -056 -048 +037 -008 +051 -005 +062 +082 -082 +031 -045 +064 +020 -080 +086 +045 +061 +088 -033 -067 +048 -071 +004 -072 -032 +012 +074 -024 -044 +040 -014 +076 -061 +058 -031 +074 +021 -026 +073 +063 +003 +003 -063 -042 +066 -058 +011 +067 -056 +065 -001 -084 -065 +070 +008 +026 +077 -024
+032 -012 +087 -006 -007 -040 +042 +076 -048 -025 -021 -010 -080 -053 +050 -061 -011 +053 -045 -005 -036 -036 +018 -005 -081 +072 -062 +044 -045 -027 +042 +044 -061 +043 +028 +014 -005 -062 -021 -044 +082 +051 +075 -038 +033 +000 -070 -032 -020 +057 +003 -041 +058 -015 +068 -057 -005 -033 +032 +055 -081 -020 +060 +022 +083
+023 +063 -012 +077 -030 -030 -085 +047 +066 -001 -078 +055 +060 +080 -037 +075 -034 +083 -074 -073 -044 -041 +027 +080 -063 -023 -070 +046 -016 -015 +011 -077 +042 +074 +036 -075 -026 -001 -051 -003 -033 +001 +031 +078 +077 -087 -074 +015 +024 +041 +045 -080 +057 +004 -035 +084 -028 -054 +011 -001 +025 -063 -087 +065 +036
-068 +038 -073 +028 -067 +066 +081 +022 -068 +077 -074 +088 +075 +044 -044 -056 -050 -041 -020 -001 -068 -041 -030 -058 +058 -037 -024 +010 -037 +027 -003 +036 -048 -075 -080 +030 +046 +036 +052 -067 +031 -018 +007 +023 +046 -016 -075 -014 -054 -016 -031 -015 +064 +027 -087 +080 +084 +018 +014 +053 +002 -000 +016 -080 -085
+037 +064 -051 +055 +083 -060 -085 -035 +074 -002 +065 -053 +012 +067 +065 +047 +070 -067 +074 -072 +058 +012 +037 -006 +075 -012 -076 +013 -054 -056 +067 +034 +038 -082 +064 +085 -024 -067 -071 -038 -036 +032 -021 +031 -005 -036 -018 +044 -087 +020 +082 -002 -061 +088 +020 +016 +017 +061 -024 -053 +040 +073 -010 -002 +028
+057 -088 -032 -077 -016 +052 +015 +082 -073 +044 +006 +047 +013 -076 +050 +025 -057 -060 +056 -008 -038 +031 +088 +041 -050 -052 -011 +058 -076 +081 +005 +005 -004 -045 -023 +047 -012 +018 +082 -086 -007 +084 +081 -081 -047 -016 -070 +034 -031 +082 -085 -025 -017 -013 -058 +066 -067 +044 -042 -054 +045 +053 +071 +052 +073
-071 +000 -023 -004 -066 +004 -056 -022 +047 -014 -053 +026 -016 -052 -071 -057 -040 -026 +037 +045 -065 -040 -021 -037 -066 +078 +081 +003 +054 -020 -024 +024 -036 -068 -074 +005 +053 +047 +006 +060 -007 +087 -085 +006 +003 -034 +081 -025 +052 +044 +022 -050 -075 +088 +005 -042 +100 +018 +088 -075 -068 +075 -027 +032 +056
+026 -061 +002 -066 -024 -022 +013 -027 +013 -048 +054 +040 -066 -058 -056 -016 +003 +084 +072 +023 +068 +022 +066 +058 +083 +087 +005 +050 +070 -001 +086 -072 -036 -043 +024 -075 +036 +023 +042 +030 -077 +023 -082 +076 +061 -028 +014 -064 +003 +022 +051 +013 +075 +067 +027 +077 +016 +033 -008 -002 -075 +025 +034 +060 -065
-038 +024 +083 +005 +100 -042 -085 -053 +012 +014 -085 -026 +013 +046 +071 -081 +007 -051 +002 +073 -060 -061 +012 -031 -044 -037 +012 -086 +035 +037 -063 +001 -003 +011 -020 -018 -022 -083 +045 -082 +058 -084 -048 -053 +055 +052 -027 -048 +077 +055 +081 -013 +035 -056 -085 -061 -055 -030 +050 +006 +083 +034 -062 +003 -054
+008 -065 +007 -028 +005 +086 -066 -022 +060 -082 +066 -036 -023 +031 +030 +023 -006 -016 -027 -033 -005 -013 -025 +044 +052 +046 -004 -083 +068 -077 -050 -070 -003 +084 -088 +055 +020 +070 -043 +020 -053 -004 +056 +001 +000 +037 +035 -083 +032 +023 +065 +084 -006 -033 +086 +055 -028 +062 +033 -060 -077 -002 -088 +054 +027
-038 +074 -054 +073 +100 +041 -038 +064 -083 +030 -018 +042 -028 -015 -082 +023 +080 +003 -061 -002 -081 -068 -025 -052 -062 -044 +002 -027 +008 +054 +075 -071 +074 +002 +077 +050 -083 +082 -035 -011 -078 +047 +042 -028 -000 -080 -031 +002 -025 +056 +018 -052 -025 +088 -050 +083 -072 -003 -011 +084 -028 -071 -011 -040 +082
-026 -022 -081 +061 -012 +050 -060 +083 +081 -038 +021 +056 -044 -058 -040 -001 -036 +014 -041 +070 -061 -080 -021 -070 -051 -074 +022 -087 -075 +007 -030 +018 +064 +063 -078 -064 -005 -067 +057 -056 +030 -018 -026 -087 +006 -006 -004 -083 -041 -055 +005 -058 +046 -073 -015 +051 +068 -050 -005 +006 -015 +080 +081 -003 +076
-073 -056 -066 +087 +018 +087 -058 -083 -074 +054 -062 +056 -004 +068 -052 +012 -036 -076 -084 +044 -034 -040 +000 -028 +033 +088 -067 +040 +075 +052 -066 -086 -080 -075 +084 +011 +028 +047 +011 +087 +017 +018 +051 +006 -002 -055 +024 +012 +001 -011 -076 +015 -010 -014 -034 -023 +000 -051 +031 -013 -010 -041 +036 +075 -028
+065 -088 -010 +071 -080 +030 -021 +053 +060 +004 -008 +015 +058 -026 +022 +087 +034 -051 -003 +080 -053 +075 -000 -036 +014 -054 -015 -037 +026 +027 -000 -054 -017 -036 +100 -004 -040 +005 -086 -052 +083 +028 -073 +007 -014 +041 -041 -061 -045 -006 -047 +024 +051 +050 +020 +088 +003 +060 +078 -020 -005 +085 +048 -011 -020
+046 -023 +004 +010 -067 -058 +056 +027 -077 +020 -010 -032 -027 +027 +087 -011 +026 +064 +057 +066 +027 +054 -072 +088 +021 -068 +002 +054 +027 +055 -011 -050 -028 +068 +004 +086 +048 +081 -070 +001 -083 +076 -006 +007 +034 +072 -013 -082 +038 +050 -064 -084 +062 +100 -086 +002 +043 +050 +050 -035 +078 -011 -068 -075 -072
+041 +027 +055 -012 -041 -020 +010 -056 +027 +064 +030 +073 +020 +012 -020 -075 +087 +073 +081 +084 +011 +031 +015 +076 -014 +066 -053 -063 -037 -056 -055 -011 -041 +031 -047 -041 -037 +030 -036 -024 -026 +045 -006 +004 +053 +006 -083 +071 -000 +072 -047 +024 +067 -024 -021 +021 +040 +073 -072 +030 -007 -053 -017 -071 +070
-035 -031 +016 -078 -051 +046 +080 -057 -050 -058 -056 +004 -075 +062 +035 +058 +088 +034 -100 +026 -035 -004 -073 +000 +066 -042 -054 +075 +081 -018 -037 +023 +068 +038 -056 -073 -084 +051 +078 -087 +073 +010 +006 -027 +041 +057 -061 +043 +070 -056 -055 +007 +042 -007 -015 +085 +074 -023 -037 +081 -013 +042 -025 +048 -050
-057 -078 -004 -002 -025 +004 +075 -013 +056 +041 -024 -041 +066 +075 +075 -016 +054 +087 -020 -056 +040 -023 -070 +076 -064 -083 +078 -013 +026 -024 -067 +085 -023 +078 +025 -034 +054 -066 +064 +025 +084 +044 +004 -031 -008 -017 +066 -086 -055 +020 +040 -075 -046 -073 +072 +066 +072 +067 +028 -078 -050 -021 -010 +100 +072
+005 +055 -000 -045 +026 -014 +055 -081 +058 -051 +074 -042 -037 +025 +027 -048 -070 -021 -020 +024 +045 -076 -047 -020 -050 -035 -075 +040 +048 -002 -054 -087 +082 -032 -078 +062 -011 +001 -026 -078 +064 +077 +075 -012 -013 +080 -001 +055 +012 +088 -076 +070 +017 +040 -084 +015 -072 -014 -057 -051 -056 -060 -006 +028 -028
+032 +076 +003 -005 +007 -007 +003 -051 -046 -082 -048 -083 +048 +032 -081 -054 -060 +013 +084 -077 +070 -021 +018 -066 -002 -088 -057 -031 -068 +006 +001 +026 -042 +054 -008 -074 -054 -066 +046 +016 -023 +025 -062 +035 +046 -071 -071 -006 -040 -084 +013 +042 +088 +084 +044 -075 -010 -057 +064 -071 -074 +034 -078 -023 +032
+037 +010 -068 +062 +057 -042 -014 -032 -014 +032 +037 +020 +017 +083 -020 -083 -027 +075 -088 +081 +007 +026 +002 -066 -028 -087 -077 -024 +030 -033 +100 +087 +082 +068 +084 -005 -010 +008 +033 -050 -063 +053 +042 +073 -048 +002 -071 +082 +065 +020 -085 +054 -068 -004 +055 +074 -072 +067 -053 -082 -053 -003 -055 +042 -080
+023 +017 -047 -057 -065 -002 -004 +018 +041 -033 +025 -067 -071 -057 -100 +026 +023 +050 +026 -044 +045 +006 +011 +023 +062 -020 -042 +028 +046 +023 +023 -034 -087 -028 +024 +064 -068 +036 +046 -037 -082 +038 +055 +032 +087 +051 +047 +057 +084 +072 -023 -023 -022 -035 +017 -056 -072 +075 -040 +045 +055 -058 -014 +064 -074
+015 -063 -062 -012 -004 -088 -063 +012 +000 -056 +012 +003 -000 -036 +021 +001 +087 -084 -041 +032 +021 -015 +013 +041 -034 +023 +046 -026 -004 -011 +070 +073 -081 +028 +015 -014 +001 -038 +061 +064 +084 +058 +005 -011 -061 -077 -084 +053 -072 -051 -004 -071 -002 +078 -044 +071 -025 -016 +061 -062 -005 -007 +042 -000 +081
+057 -100 +056 +027 -034 -014 -033 +020 +020 +066 -020 -032 +044 -085 -082 -001 -050 +001 -062 +030 +057 +014 -051 -053 +038 -003 +056 +070 +042 -003 -063 -030 +076 +075 +033 +078 +070 -065 -023 -033 -080 -026 +015 -076 -083 +054 +015 +082 -067 -088 -078 -063 +004 +005 +100 -027 +042 -086 +030 +076 -033 +010 +040 +014 +005
+066 -027 +067 +087 +088 +013 -082 -026 +066 -086 +015 +087 +007 +022 -048 -067 +073 -056 +064 +025 +040 +044 +007 +037 +011 +026 +060 +006 -052 +068 +005 +033 +035 +033 -028 -050 +038 -007 +007 -074 -018 +072 +027 -007 +001 +057 -066 +064 +047 +073 +010 -032 -022 +035 +060 -054 -041 -023 -063 -061 +086 -022 +026 -038 -036
+083 -046 -041 +032 -023 -034 +025 -044 +084 -082 -061 -067 -078 -081 +000 -045 -072 +084 +035 -040 -022 -002 +010 -006 +057 +064 +021 -014 +052 -005 +060 +064 -043 -058 -005 +068 -080 -036 -027 +047 -036 +027 -040 +048 -061 +070 +077 +000 -031 -043 +087 +061 -063 -032 +048 +052 -036 -055 +042 -032 -020 -044 +046 -027 -053
-058 -008 +033 -013 -053 +017 -044 -007 -054 -065 -060 -037 +026 -041 -060 -034 -088 +045 -010 -072 +047 -060 -083 -062 +074 +061 +005 -037 +015 -035 -072 +012 -086 +073 -045 +025 +013 -063 -004 +028 +038 +071 -080 -061 +076 -035 -012 -021 -045 +060 +085 +033 -050 -008 +011 +021 +014 -017 +017 +013 +054 -015 -000 +063 -067
-015 -021 -032 +078 -068 +036 -051 -033 -082 -048 +087 +016 -047 +055 +010 -052 +012 +013 -050 +004 -062 +010 -053 +008 -028 -071 -043 +063 -081 -048 +027 +012 -031 +051 -060 -033 -071 +050 -015 -080 +071 -031 +070 +061 +023 -036 -043 +042 +040 -045 -030 -021 -063 +067 +081 +061 +061 +068 -067 +070 -052 +012 +071 +074 -044
+081 -026 +047 -060 -047 +041 -003 -055 +005 -050 +070 -022 +046 -030 -073 +034 +023 -075 +035 +063 -012 +064 +054 +018 +002 +067 -057 +033 +054 +042 -030 -075 -045 -051 +050 +086 +073 -080 -001 +067 -038 -020 -065 +034 -061 +063 +056 +060 -001 +072 +054 +068 +041 -058 +058 -012 -051 +061 +020 -067 -088 -013 -086 +050 -080
-100 +045 +020 -010 +036 -055 -063 +056 +037 +008 +013 -080 +052 -018 -068 +021 -055 -056 -086 +045 +077 +048 -088 +048 +051 +061 +043 -026 +020 -026 +031 +085 +014 -015 +083 -048 -014 -051 +046 -024 -051 -067 +083 +021 +021 +047 -010 -014 -074 -004 +006 -001 -013 -056 -077 +056 -014 -028 -032 +004 -051 -060 +064 +063 -015
-043 -007 +020 -037 +060 -061 +014 +082 +033 +004 -000 +011 +055 +053 -077 -004 -043 -002 +050 -004 -054 +051 -041 -004 +024 -012 -027 -031 -048 -020 +014 -011 +041 -046 +064 -010 +005 -020 +081 +050 +017 +073 +074 +026 +052 +008 -070 +021 -022 -060 -032 -053 +050 -084 +034 -086 -058 -010 -034 -006 +045 +083 +032 +050 +048
-035 -006 +040 +048 +021 -005 -034 +055 -028 +022 -084 +023 +014 +028 +033 +087 -060 -086 -017 +053 -054 +076 -038 -030 +011 +007 -078 +051 -018 +036 +006 +083 +047 +022 +031 +068 +045 +027 +052 -002 +012 -064 +040 -000 -022 +035 -056 +033 -044 +058 +020 -040 +017 +002 +035 -046 +056 -028 -014 +005 -071 -057 -058 +027 -045
+037 -074 +007 +018 -076 -051 +047 -040 -067 +004 +020 +063 +012 +056 -011 +005 -076 +007 -070 +054 +004 -003 +048 +052 -014 -078 -085 -022 +012 -048 -077 -054 +056 -022 +048 +086 -008 -044 +023 +065 -061 +086 -061 -073 -077 -013 -004 +025 -046 -061 -081 +055 -044 -024 -020 +054 +058 +053 +042 -021 -004 -012 -013 -036 -068
+010 -063 -088 +068 +077 -038 -006 -074 -036 +038 -080 -006 -065 +040 -034 -008 +042 -007 -038 +043 +041 -068 -028 +081 -083 -066 -040 -028 -084 +006 -031 -032 +050 -010 +085 +068 +045 -065 -037 -006 -033 +034 -080 +015 +034 +037 -016 -008 -073 -040 -051 +054 -036 -015 -040 +054 -032 -067 -032 +047 -036 +083 -014 -004 -063
+033 +046 +077 -018 +040 +013 -071 -013 -064 -041 -000 -031 +008 -061 +032 +064 -041 +076 -087 -083 -016 +075 +001 +034 +015 +040 -071 -077 -088 +056 +005 +023 +013 -033 -080 -086 -067 +052 -024 +004 -000 +032 -032 -012 -056 -058 +085 +017 +018 +044 -047 -014 -056 -021 -071 -058 -027 +076 +040 +006 +025 +062 +032 -038 +045
+062 -088 +006 +010 -035 -044 -056 -077 -004 +057 +013 -003 -074 +002 +045 +032 +011 +036 +005 -060 +074 -017 -025 -033 -074 -081 +086 -035 +008 +048 +064 -020 +050 +072 -036 +014 +011 -013 -046 -054 -078 -035 -075 +046 +063 +005 -084 +032 +078 -030 -008 -032 -000 +067 +025 -033 +032 +014 -081 -071 +005 -016 -021 +005 -083
+018 +018 +068 +036 +042 +074 +087 -015 +080 +010 +067 -030 +085 -066 -025 -051 -032 +064 +013 -032 -042 -011 +023 +045 +025 -048 -045 +025 +065 -037 -100 +062 -002 -077 +066 -011 +066 -081 -017 +057 +015 -047 -038 +015 -035 -000 +062 +072 +087 -051 -077 -027 -083 -020 +028 +007 -066 +022 +061 +018 +030 -043 -004 -070 -034
-026 +008 +058 -058 +007 +020 +060 +051 -077 -088 +044 -007 -077 -050 -053 +041 -043 +023 -044 +032 +068 -082 +022 -066 +071 -080 -061 -077 -084 +055 -075 +035 +001 -046 -038 -008 -046 -007 +076 -061 +006 -072 -051 -055 -010 -078 -066 +013 +051 -074 +003 +085 -080 -007 +006 -068 -051 +043 -082 -088 -007 +080 -046 +078 -041
-038 +072 -076 +087 +005 -042 -000 +062 -047 +072 +005 +038 +012 -024 +050 +010 +015 -018 -001 +061 +057 -087 +074 -056 -026 +021 -040 -028 -005 +038 -028 +017 -063 -036 -055 +015 -068 -007 -012 -052 +042 +027 -076 +046 +020 -003 +021 -005 -024 +035 +041 +017 +013 -021 +084 +066 +080 -000 +012 -052 +075 -077 +064 +052 +072
+047 -075 +032 +008 -068 -053 +011 +060 -001 -006 +031 -063 +013 +016 -033 +060 -076 +055 +046 +062 -085 -060 -060 -033 -011 +024 +057 +062 -063 +053 -012 -054 +036 -086 -082 +013 -077 +071 +078 -073 +062 +075 -014 +000 -077 +023 -027 -057 -030 +031 +014 -021 -037 +015 -011 +074 -021 +086 +067 +026 -044 -003 -028 +010 -052
-054 +080 -008 +042 +022 -014 -021 +045 +037 -062 +086 +031 -003 +041 +026 -014 -075 +074 +055 +056 +085 +073 -067 -056 +021 -007 -055 +051 -085 -054 -100 -084 +088 -063 +080 -068 -062 -013 +072 -047 +031 -010 +007 +066 -043 -025 -061 +078 +028 -053 +073 +042 -028 +065 -023 +027 -014 +034 +062 +021 +052 +082 -018 +054 +027
-023 +058 +055 +051 +022 +004 +065 +076 +010 +014 -026 -006 -013 -041 -010 +088 +087 -017 -062 +066 +027 +087 +071 -027 +068 -066 -023 -088 -040 -013 +080 -028 +050 +053 +085 -085 -073 +007 -087 -021 -086 +014 -087 +085 +075 +015 -007 +042 +013 +002 -066 +063 +024 +062 -036 +087 +000 -077 -074 +035 -023 +008 +031 -062 -024
-071 -014 +022 -012 -021 +054 +051 -067 +012 -061 -016 -010 -021 +006 -065 -013 -033 +050 +044 +033 -034 +073 -064 +028 -075 +054 -040 +036 +014 -078 -082 +038 -030 -070 -062 -021 -013 -026 +051 +036 -024 +060 -063 -018 +063 +018 -004 -021 +052 -030 +050 -015 +087 +030 -041 +004 +074 -041 +028 +061 -055 -008 -004 +020 -077
+022 +054 -022 -078 +047 -022 +074 -015 +073 +100 -048 -048 +047 +082 -070 -051 +038 -077 -030 -045 -086 -028 +050 +028 -045 +081 +070 -010 +067 +086 -052 +017 -003 +057 -011 -020 +028 +088 -085 -080 +078 -082 -070 +010 -012 -031 +082 +077 +063 +055 -063 -086 -051 -057 -002 -015 +067 -041 +052 +024 +016 -076 -018 +032 -007
-054 -061 -086 +028 -060 -007 +071 +087 -064 -023 -048 -024 +036 +074 -014 -080 +003 -012 +024 +074 -011 +056 -086 -035 -043 +076 -080 -086 -060 -053 +044 -057 -007 +047 -023 -041 +048 +070 -062 +050 -005 -045 -086 +021 +084 +024 +066 -080 -066 -058 +035 -053 -002 +060 +001 -078 +022 +028 +065 -050 +043 -032 -042 -000 +083
+001 +016 -054 -010 +063 +071 -088 -087 +046 -015 +036 +022 -007 +047 +003 -066 -041 +025 -063 +027 +020 +006 +047 +051 -020 +063 -061 -026 +032 +011 +065 -002 -080 +045 +071 +060 -057 +085 +013 +088 +057 -007 -016 -065 +021 -000 +010 +010 -017 -028 -061 +041 +016 +030 +100 -028 +008 +063 -001 +015 +081 -024 -022 -072 -047
-058 -063 -025 -050 +017 -061 -053 -020 -065 +011 +072 -033 +054 +080 +034 +025 -036 +044 -002 -011 -034 +062 -000 +053 -026 -024 -040 -053 -058 -011 +082 +084 -031 +066 -021 +025 +025 -023 +041 +063 -030 -061 +066 -038 -035 +083 +081 +003 +004 -064 -071 -058 +026 -001 -076 +076 +085 +053 -001 +025 -085 -038 -008 +045 +061
+051 -045 -017 +080 +030 +022 -087 -043 -048 +060 +006 -026 -004 +063 +075 -031 +008 -045 +082 +071 -087 +015 -028 -005 -018 -083 -015 +006 -008 -018 +003 -021 +061 +086 -067 -076 +035 -082 -048 -037 +000 +048 -038 -001 -031 +000 +014 +034 -004 +033 +077 +017 -012 +001 +052 +028 +043 +025 -011 -031 -044 +043 -030 -024 +044
+064 -036 +054 -100 +021 +035 -041 +070 -068 +083 +044 -048 -024 +065 +031 +062 -044 -071 +012 -046 +054 +000 +083 +083 +051 -063 -058 -011 -024 -082 -045 +043 -060 -022 -016 -063 +027 +068 +062 -068 -072 +007 -100 -000 +058 -014 -053 +056 +005 -072 -022 +062 +011 +030 -056 -051 -045 +020 -072 -013 -070 +038 +068 -031 +035
-006 -058 +016 +006 +053 -070 +051 -050 +055 +001 -041 +042 +030 -071 -041 +060 +052 -083 -082 +013 +024 -087 -083 -035 +046 +051 -002 +011 -062 +003 +050 +046 -066 +031 +041 +006 +004 -011 +036 +076 -033 +014 +083 -020 +002 -031 -085 -086 +062 +065 -075 -000 -030 -027 +018 +060 -071 +052 +003 -040 -055 -058 +036 +051 -081
-024 +060 -028 +076 +073 +001 +005 +018 +041 -052 +065 +004 -055 -005 +080 -067 +048 +040 +011 +028 -035 -053 -062 -033 -045 +088 -031 +006 +013 -074 -013 -012 -063 +075 +072 -065 +087 +065 +085 +070 -044 +082 -066 +083 -075 -052 -074 -045 +048 -081 +055 -024 -047 -047 +040 +038 +066 -004 +055 -016 +036 -045 -030 -055 -081
+058 +082 +041 -048 +080 -031 +037 +070 -054 +083 -062 +030 -003 +052 +010 +068 -050 +012 +016 +075 +055 +051 -004 -056 +018 +051 -006 -067 +032 +026 -080 -042 +003 +063 -045 +100 +013 -011 -000 +085 -057 +067 -085 -030 -082 +020 -002 +006 -045 +022 -048 +027 -010 +013 -072 -007 -085 -051 +087 +048 -013 +063 -062 +076 -026
+055 +064 -078 +087 -013 +007 -008 -002 -013 -035 -078 +086 -051 -074 +045 +022 +072 +008 -068 +053 +078 +004 -004 +050 -012 -020 +076 -013 +086 -068 -044 -057 +064 +076 +073 +018 +000 -034 +047 -087 +066 -022 +050 +044 +084 -062 +088 -057 +020 +005 -065 +062 +083 +075 -026 -068 -026 +052 +053 +030 -083 -074 +060 +011 +044
+081 +062 +031 -070 -065 -064 +077 -071 -086 +003 +021 -000 -066 +003 -036 -058 +024 -002 -010 -041 -001 -047 -026 +077 -007 +021 +032 -088 +026 +034 +085 +034 +024 +013 -083 +055 +085 -040 -051 +018 +082 -058 -074 +073 +055 +058 +041 +024 -040 -010 +086 -076 -012 -086 +021 -044 -008 -071 -066 -013 -013 -017 -011 +025 -062
-064 -043 -063 -028 +022 +043 -034 +057 +032 -045 +080 -002 -040 +026 -053 -081 -040 -036 +063 +035 -085 -038 +026 -058 -027 -063 +013 -034 -083 +082 -040 -017 +061 +041 +005 -032 +050 +062 +020 +003 +085 +073 -015 +082 -034 +017 +013 -061 +055 +001 -038 +032 +056 -024 -053 -002 +003 +081 -062 +010 -024 -084 +064 -004 +071
+036 -087 -037 +085 +035 -088 -000 +007 -043 +081 +070 +065 +011 -021 +071 +047 -016 -088 +056 -072 -008 +060 +044 +016 +041 +071 -001 -087 +006 +056 +077 -047 -067 -032 -034 -070 -066 +040 +053 +020 -046 +035 -034 +068 +081 +031 -028 -085 -011 -002 -021 -047 -041 -025 +044 +032 -014 -011 +011 +063 +012 +063 -018 +072 -028
+001 +081 +046 -015 -055 +004 +007 -081 +008 -028 -006 +071 -013 +078 -016 +000 +007 +082 +088 +046 -063 +043 -055 -013 -008 +008 +040 +026 +066 +000 -063 -028 +002 +047 -018 +041 +050 -075 +015 +014 +058 -067 -047 +036 +078 +043 -053 -054 -038 +087 +031 +066 +022 -044 -087 -054 +086 -026 -035 +047 +056 -040 -033 -086 +085
-052 -036 -057 -051 +087 +022 -051 -053 +062 +031 -020 +085 +077 -008 -054 +040 -001 +072 +057 -022 +068 +044 +007 +054 -054 +001 -073 +038 -047 +068 +056 -021 -077 +085 +055 -006 -032 +080 -084 +001 -085 +025 +035 +051 +028 +082 -008 -078 +036 -023 -073 -032 -004 -000 -068 -042 +046 +085 -055 +016 -001 +017 -037 +015 -015
+068 -010 +000 +077 -028 -025 +041 -086 -035 -014 -031 +001 -033 -043 -058 +044 +007 +038 +056 +016 -042 +028 -087 +031 -043 +017 +087 -030 -087 -061 -003 -081 -003 +061 -013 +052 -085 -033 +022 -011 -011 -025 -013 +047 +031 -004 -050 -036 +043 -056 -087 -071 +028 -021 -037 -025 +036 -040 +052 -052 -085 +018 -052 +046 +018
+003 -034 -028 -078 +028 +015 -003 -078 +015 +042 +064 +004 +000 -058 -016 +016 +022 +014 -067 +084 +026 -057 -016 -012 +023 -082 +044 +001 +082 -004 +070 -030 -074 -027 -016 +080 +067 +035 -061 -071 +063 -000 -080 +057 +020 -025 +058 +031 -067 +035 +022 +035 -055 +015 +064 +017 -087 +012 -001 -032 -008 +070 +072 +038 +032
-042 +072 -048 +044 +060 +024 -013 -023 -024 +087 +063 -048 +068 +046 +086 -000 -022 -042 -008 -072 +012 -045 +042 +074 -080 +083 +026 -010 -072 +013 -023 -070 -036 -010 +072 +006 +027 -002 -002 +028 -063 +056 -011 +068 -100 +086 -075 -068 -023 +055 -002 +036 -088 +038 +028 -030 +015 -077 -065 -051 +075 -068 +000 -033 +073
+003 +017 -026 +008 +046 -072 +030 -001 -087 -027 -003 -060 +048 -041 +048 +062 +033 -063 +086 -055 +027 -054 +020 -016 -062 -044 -053 -028 +022 +037 -083 -070 +063 +028 -066 -046 +046 -057 -034 -052 +032 -056 +051 +061 +021 -045 +048 +000 +033 -076 +044 -008 +070 +071 +012 +018 -072 -076 -000 +057 -062 +023 +073 -028 +011
-037 +011 +056 -071 -010 -088 -021 +013 +044 -063 +010 +066 -005 +086 +021 +043 -037 -060 +067 +031 +051 -002 +010 +015 -004 -016 +085 +030 +028 -020 -013 -011 -001 -050 +004 +013 -031 +085 -028 +041 -073 -011 -011 -010 +032 +022 -022 +034 +041 -073 -018 -003 -021 +064 +016 +084 +013 -006 -031 -031 -015 -066 +017 -077 -086
-048 +017 +002 +030 +071 +046 +002 -016 -100 -013 +087 -055 -080 -036 +026 -048 -068 -005 -086 -082 -058 -037 -013 +065 +024 -063 -083 +006 +044 -055 -076 -085 +051 -060 -023 -020 +054 +038 +071 -076 -061 -001 +000 +020 -016 +024 +040 -000 +086 +048 -034 +084 +030 -043 +068 -056 -005 -002 -001 -086 +000 +054 -053 +078 +085
+076 +035 +070 +057 -011 +026 -017 +027 -077 -048 -000 +075 +018 +082 +057 -045 -002 -072 +068 -074 -060 +045 -070 +063 -054 +011 -058 -081 -075 +002 +085 +055 +028 -063 -000 -017 +008 -030 +082 -022 -022 -006 +028 -063 +007 -043 +041 -024 -042 +045 +017 +068 +056 +037 -017 +043 -050 +051 +045 +011 -084 +012 -012 +024 -068
+010 -043 -023 +060 -075 -057 -047 -001 +011 +006 +062 +023 -028 -057 -087 +078 -030 -043 -051 +077 +077 +051 -014 +046 -066 +072 +071 -053 -011 -055 +064 -060 +024 -077 +083 +054 +055 +061 +062 +084 +038 -048 -071 +061 +052 -051 +082 -007 -001 +043 +080 -074 -024 -015 +077 -017 -008 -074 -044 -063 +086 +038 +081 +017 +002
+015 +076 +042 -100 -007 -027 -016 +016 -015 -082 -086 -036 +082 -048 +053 +076 +060 -024 -071 -031 -001 +062 +062 -064 +032 -053 -013 -003 +067 +061 +011 +076 -050 +061 +048 +032 -047 +052 +075 +034 -028 +088 +023 +004 -063 -060 +032 +046 -084 -007 +042 -072 -052 +062 -100 -040 +070 +082 -067 +051 +060 -046 +037 +055 +043
+031 -067 -010 +027 -036 -085 +084 +051 +036 -047 -045 +064 -038 -010 -087 +082 +072 +082 -041 +062 -067 +065 -064 -005 +077 +024 +057 -032 +027 -058 +082 -018 -060 -008 -055 -016 -023 -055 -014 +043 -031 -081 -082 -057 -035 +056 +075 -002 -083 -047 +061 -020 +033 -086 -046 -042 -014 +023 -076 +030 +026 -028 +014 +006 +058
-017 +086 -002 -030 +016 -042 -084 -055 +004 -036 +082 -012 +040 -078 +046 +010 +048 +038 +082 -027 +014 -078 +010 -040 -068 -080 +065 -046 +073 -076 -068 -058 -000 -066 -011 +043 +083 +006 +034 -030 -022 +026 -041 +078 +045 -065 +020 -026 -032 +073 -040 -072 +042 +018 +061 +026 -035 +058 +010 -038 -057 +024 +026 +062 -007
+055 -016 +024 -047 +005 -060 +053 -015 -016 -082 -041 +047 +004 +086 +045 +065 +087 -025 -034 +067 +017 -020 +076 +004 -038 +015 +024 +016 -020 +044 -073 -087 -022 +063 -026 -021 +024 -047 -022 -088 +080 +083 +010 +001 -013 +035 +025 +010 -077 +087 +048 -074 +068 +028 -085 -071 -045 +072 -042 +030 +088 -061 -073 +013 -084
+067 -048 +008 -038 +050 -012 -061 +053 +052 +017 +011 -074 -074 -006 -044 -080 -012 +043 -015 +100 -012 +075 +004 -066 -036 -034 +100 +020 +055 +022 -036 +036 -064 +047 -013 -034 +056 -025 -085 +051 -080 +033 -044 -055 +061 -028 +032 -016 -000 -003 +062 -013 +057 +067 -018 +011 -071 +017 -068 +015 +016 -005 -088 +027 -051
