+0041972 +0008825 +0008096 +0009008 +0005499 -0003068 -0018326 -0011296 +0005176 -0003143 +0002108 -0011281 -0022313 +0024107 -0014044 +0014109 +0010249 -0015618 -0017484 +0011830 -0012320 -0006172 -0001619 -0003672 -0012551 +0000123 -0004126 +0008066 +0008768 -0010731 -0004002
+0013786 -0022269 +0002314 -0017088 -0007337 +0013394 +0005265 +0006966 +0001796 -0009592 +0000837 -0014741 -0031152 +0020564 -0013553 +0008494 -0009100 -0029088 -0000620 +0014176 +0009167 -0014868 -0003597 -0006820 +0006743 +0009791 -0008191 -0003605 -0010515 -0006892 -0004133
+0031658 +0011852 +0016278 -0000120 +0007852 +0007967 -0039426 -0002545 -0003954 +0004572 +0005118 -0013011 -0006419 -0006267 +0006332 +0003758 -0016219 -0005043 -0004690 -0008618 -0011360 +0000643 -0030004 +0002407 -0001422 +0001028 -0000033 -0006830 -0003501 +0002082 -0018915
+0014199 -0001643 +0013262 +0031129 +0000893 -0013561 -0001933 -0005401 -0008511 +0003912 +0019853 -0036269 -0009080 +0003524 -0016513 -0002776 +0013273 -0006984 +0017641 +0002025 +0005152 -0003193 -0027839 +0006037 -0002801 -0009605 -0007359 +0002415 +0009812 +0029005 +0006279
-0004418 +0011512 -0012442 -0031858 +0014461 -0007462 -0012979 +0006979 +0020874 +0005551 -0002482 +0003505 +0025685 -0016730 +0007039 +0002292 -0013629 +0004243 +0004061 -0001534 -0014046 -0008475 -0005323 +0010478 +0016985 +0007041 +0004162 -0010477 +0008394 +0015305 -0014503
+0002103 +0011956 +0013732 -0021758 -0010261 +0022657 -0022398 -0016374 -0004470 -0009140 -0029852 +0010272 +0010277 -0001681 +0006381 -0013877 -0006079 -0017125 +0006360 +0003701 -0009989 -0020268 +0005394 +0004462 +0021266 +0004127 +0010794 +0028139 -0003901 +0019330 -0028754
-0013535 -0019706 -0029021 -0030770 -0012555 +0001202 -0007359 +0006323 -0008492 -0006646 -0006491 +0011835 -0007649 +0008300 -0012574 +0028087 +0005429 +0021674 +0006428 +0014441 -0016328 -0007247 +0003085 +0007735 -0025893 -0002118 +0003181 +0010311 -0017816 -0003674 +0014688
+0007725 +0015183 -0009733 -0010905 -0007529 -0027644 -0006216 -0001955 -0009656 +0040113 +0001129 -0001598 -0008470 +0027174 -0003551 -0005585 -0010113 -0011084 -0003250 +0007660 -0006991 -0013935 +0001742 -0018727 -0016075 -0019987 +0008386 -0001639 -0011258 -0002189 -0008672
-0019217 -0005368 -0011919 -0033644 +0009953 +0016944 +0001995 -0009599 +0028456 +0018967 +0007066 +0001147 +0023650 +0024581 +0017286 +0006731 +0010154 -0035769 -0011350 +0016340 +0009379 -0026301 +0011857 +0005312 +0023532 -0003715 -0001830 +0014758 +0011681 +0020895 -0022293
-0003736 -0024870 +0002689 +0012123 +0000004 +0012495 -0017970 -0008483 +0011569 -0011308 -0022515 -0012127 -0014937 +0009271 -0016378 -0000561 -0017678 +0013336 +0009256 +0013808 -0013318 +0013177 +0006360 +0001512 -0010908 +0002821 +0006617 +0030824 +0003057 -0005525 -0009811
-0011570 -0007202 -0003886 -0027877 -0003115 +0007095 -0004156 +0008075 +0012661 -0003540 +0017910 +0030320 +0019210 -0015071 +0008279 -0001491 -0011665 +0028911 +0000617 +0012686 +0011852 +0011772 -0003571 +0008265 -0012906 -0003860 -0015733 -0000804 +0001935 +0017225 +0008660
-0023689 -0012981 +0002235 -0000809 -0000440 -0006082 -0013384 +0005632 +0013929 -0000605 -0012055 -0012067 +0000691 +0004563 -0014307 -0008199 -0017791 +0026012 +0026666 +0006910 -0018054 -0005351 +0005853 +0009082 -0020306 +0007847 +0007119 +0004697 -0005349 -0010041 -0022260
+0002296 -0015675 -0007174 -0024242 +0015673 -0027420 +0027456 +0016509 -0026648 -0008332 -0020673 -0000949 -0007876 -0007948 -0027389 +0000382 -0003127 -0003639 -0018638 -0007684 +0021389 +0027990 -0006633 -0009999 +0023379 +0007325 -0014017 -0027524 -0006051 +0004557 +0023647
-0003931 -0028274 +0003154 +0013390 +0008218 +0002843 +0039094 +0016386 -0020844 +0004025 +0008813 -0011935 +0005952 -0008418 -0016247 +0009644 -0020170 +0025268 -0007222 +0000169 -0000691 +0022828 -0006329 +0012908 +0001317 -0023154 +0007669 -0013118 +0005087 +0025240 +0014874
+0005833 +0009520 -0003139 -0023451 -0021245 -0007071 -0019599 -0011576 -0013923 -0010476 -0030984 +0006373 +0003403 -0003933 -0000836 -0007409 +0011843 -0010527 -0015951 +0004378 -0015394 -0005508 +0002252 -0007294 +0015956 +0026619 +0001270 +0017412 +0000763 -0015270 -0003311
+0007294 +0005291 +0003202 +0017992 -0007877 +0011935 +0016555 +0011270 -0018108 +0005395 +0006062 -0005263 +0016185 -0015752 -0003452 +0013428 +0003592 -0009915 -0000440 -0022252 -0000659 +0003160 +0003166 +0010751 +0009915 +0023053 -0005695 -0002032 -0002294 -0006793 -0013161
+0013958 -0006901 +0008342 +0000469 -0000491 -0007986 -0003594 +0004883 +0005973 +0002102 -0000632 -0011767 -0022515 +0007778 +0015447 -0012902 -0014974 -0009439 -0006648 +0006465 +0014402 +0012448 -0005733 -0021011 -0002510 +0003787 -0009572 -0018302 -0002535 -0019117 +0024963
-0015926 +0014215 -0018920 +0006130 +0014298 -0020579 -0011076 -0033042 +0009332 -0018853 +0016000 +0035469 -0015620 -0000337 +0005103 -0001159 +0040001 +0009675 +0016698 +0012806 +0003358 +0002596 +0020106 -0019241 -0013875 +0011697 +0013897 +0005682 -0010573 +0000542 +0009918
-0000122 +0008094 -0020263 -0009319 -0004047 -0015733 -0008763 -0012715 -0013771 -0006946 -0024070 +0007980 -0029719 +0008738 -0017718 -0008469 -0001372 +0009137 +0007768 +0012967 -0017990 +0031240 +0002243 +0020036 -0017778 +0008759 -0027646 -0010016 -0036420 -0032578 +0018612
-0003018 +0036186 +0006367 +0013007 -0017843 -0023729 -0000401 -0010249 -0007762 -0000321 +0013518 +0003566 +0011132 -0026493 +0013878 -0011299 +0011560 +0005069 +0036098 -0015010 -0017336 -0018119 +0002293 +0021265 -0016905 +0003521 -0007535 +0000342 -0011614 +0009174 -0020219
-0002687 +0007812 +0003997 +0007229 -0001352 -0007362 +0000568 -0002665 -0001424 -0000344 +0011524 -0009205 +0015333 -0017201 +0011865 -0013510 -0011671 +0032925 -0009270 +0001715 -0021814 +0002603 -0015830 +0013267 -0012298 -0002944 +0008544 -0011988 +0019059 +0008988 -0013925
-0001332 +0000525 -0018386 +0004164 +0007294 -0008122 +0004561 -0020902 -0016350 +0030222 -0016067 +0008835 -0005471 +0012440 -0016186 -0014397 -0005594 -0004869 -0003567 +0012169 -0011288 -0013739 -0020669 +0003797 -0015597 -0033101 +0002692 -0005129 -0001046 -0000203 +0025441
-0017656 +0014429 -0019979 -0016167 +0002636 -0006565 +0012672 +0014823 +0014413 +0014419 -0015522 +0008391 +0039438 -0015124 -0004145 -0024566 -0027763 +0018157 -0000668 -0008772 -0020896 +0018650 +0023532 +0000105 -0000817 +0024071 +0007607 -0014431 +0028544 +0001822 -0016523
-0003652 +0010257 -0023086 -0020306 -0012428 -0011285 -0000434 -0021044 -0027592 +0006237 -0026799 +0015301 +0018877 -0038378 +0018905 -0011591 +0005829 -0017101 +0006748 -0012759 -0006401 -0014782 +0019360 +0044551 +0005815 +0014829 -0030855 +0008036 -0017210 -0017761 +0010891
+0014678 +0000677 +0013810 +0001073 +0006644 -0017094 +0015537 +0022495 -0003206 +0012756 +0005227 -0008378 +0000337 +0009595 -0019654 +0005584 -0023314 -0010740 +0008626 -0008518 -0005741 +0006290 -0002916 +0002014 +0003183 -0021095 +0010160 -0024685 -0012773 +0014353 +0019232
-0005698 -0003420 -0006355 -0018660 -0000861 -0012129 +0002894 +0005253 +0002912 -0026091 +0009192 -0022064 -0007723 +0010552 +0019996 +0007276 -0000641 +0005197 -0003804 -0005354 -0006570 -0008988 -0012263 +0004597 -0001864 +0010641 -0002160 -0008256 -0015136 -0001299 -0013301
-0001695 +0003951 +0014227 +0014525 +0013545 -0001841 +0005174 +0025618 +0005132 +0022691 -0007571 -0011059 -0004359 +0012266 -0024896 +0003859 -0016131 +0007405 +0001633 -0002817 +0000815 +0001863 -0005867 +0009606 -0011654 -0017882 +0001486 -0004297 -0006994 -0013163 +0011436
+0008860 +0016853 -0017219 +0026163 +0004955 +0008979 -0004253 +0011773 -0019102 +0015103 -0012822 -0007310 +0009949 -0001227 -0020527 +0009675 -0007716 +0016403 +0003300 -0035997 -0032364 +0001159 -0001149 +0001640 -0004740 +0028214 +0010073 -0011634 -0015435 -0018889 -0022386
-0005027 +0015032 -0007512 +0004080 +0018604 +0016430 +0031542 +0000002 -0002815 +0002837 +0000331 -0006465 +0015234 -0026362 +0004913 -0014917 -0001665 -0003174 +0006075 -0009183 +0009058 +0004259 +0008623 +0010591 +0011742 +0021620 -0004461 -0010055 +0010678 +0020901 -0015266
-0006829 -0012315 -0015113 -0015124 -0001983 +0003757 -0036335 +0010938 -0005631 +0022002 -0038659 +0007419 +0018130 +0000942 -0020359 -0001953 -0009510 +0019980 +0007547 +0003336 -0006460 +0008138 +0008608 -0003898 +0003897 -0000254 +0014840 +0013395 -0002427 -0000786 +0032395
