+0020925 +0008078 -0028432 -0022346 +0042102 +0038286 -0011280 +0037603 -0011265 +0072337 +0037465 +0012303 +0033350 +0009067 +0030066 -0024248 +0036462 +0006944 -0021683 -0034372 +0055867 -0010941 -0021439 +0023111 +0000689 -0003658 +0029132 -0006441 +0009079 +0020973 -0030890 +0051575 -0029434 +0010986 -0010855 -0003306 -0033992 -0031917 +0037895 -0026092 +0016896 +0003207 +0032765 +0033798 -0008196 -0010190 -0030004 -0023038 +0016095 -0021809 -0028246 -0073621 -0031347 -0001808 +0015449 +0026942 -0019358 -0015731 +0002959 -0011639 +0051428 +0022390 -0008277 +0012011 -0036850 +0017865
+0030517 -0021435 +0026815 +0011086 -0000707 -0004381 +0001372 -0004805 +0064332 -0019242 +0017041 +0054722 -0024481 +0048241 +0001345 -0014991 -0026882 +0000268 +0030314 -0013972 -0022045 -0001843 -0039838 +0043084 +0015786 +0005972 +0008073 -0018655 -0066884 -0000534 -0006722 +0042531 -0016371 -0005118 -0018198 -0045248 +0007119 -0026491 -0002922 -0020463 -0000541 +0031810 +0048113 -0020397 +0077700 +0007052 -0072532 -0056906 -0003737 -0011669 +0022509 -0014832 -0032084 -0022669 +0044178 +0012419 +0019100 -0010049 -0027255 +0018759 +0018076 -0036472 +0002306 +0023368 -0031779 -0033721
+0012497 -0004336 +0022491 -0040200 +0002680 +0009879 +0071559 +0013749 -0020736 -0001810 +0001111 -0009186 -0036160 +0016563 -0022806 -0022426 -0029054 +0016787 +0007980 -0038847 -0019696 +0019141 -0038800 +0013008 +0017069 +0067802 -0037041 +0072632 -0018068 +0049643 +0051663 +0020978 +0039114 -0003635 +0022588 +0009405 -0034431 -0018461 +0039803 -0035266 -0022555 -0041265 +0003257 -0024729 +0000633 -0038941 +0047131 +0020510 -0006533 +0000583 -0046005 +0069988 +0023770 -0041195 +0015173 -0021303 +0006362 -0095700 -0048041 +0038833 +0004804 -0014184 +0019282 -0013228 +0033453 -0052102
-0039428 -0007859 +0003173 +0006091 -0001765 +0028861 -0026732 -0050102 +0002124 +0083518 +0020542 -0045769 +0017686 -0072303 -0015977 -0017028 +0018422 +0007057 +0008718 -0046222 +0113995 +0015804 +0026623 +0013003 -0009698 +0036599 +0001141 -0010160 +0044240 +0025653 -0033474 -0005065 +0010833 -0040614 +0054812 -0011486 +0044148 -0000490 -0010946 +0042588 +0003179 -0014663 -0045159 +0007424 -0045668 +0013137 +0000543 +0040606 -0076798 -0001421 -0015664 -0022009 -0016479 +0035445 +0000125 -0035674 -0036690 -0029581 -0011944 +0011746 -0038906 +0019025 +0013392 +0004046 -0047010 -0014507
-0049776 +0006815 +0031303 +0073644 -0013062 +0031869 +0059160 -0033227 +0074150 -0004151 -0034979 +0047347 -0004934 -0015595 +0010872 -0033065 -0024672 -0038114 -0033142 -0006077 +0030175 +0003783 -0007100 +0026495 -0005612 +0051797 +0030843 +0066032 +0029461 -0014849 +0022990 +0045021 +0040585 -0037679 -0016609 +0016759 -0058892 +0039535 -0011722 +0041404 +0025174 +0041738 -0035033 +0034948 -0033418 -0021338 -0004517 +0023144 -0022427 +0013070 +0003503 -0021791 -0036272 +0010312 -0032674 +0012306 -0044935 -0046506 -0014578 -0019115 +0000740 +0080829 +0003140 +0019874 -0049537 +0010970
-0003392 +0043367 +0020674 -0006152 +0044602 +0019027 +0025125 -0008365 -0034856 +0001109 +0020564 +0044305 +0009735 -0022322 -0016146 -0014734 -0016614 +0000743 -0045052 +0038200 +0021200 +0011163 -0061400 +0039190 +0043431 -0006993 +0028835 -0013103 -0006768 -0011484 +0042760 +0024836 +0040524 +0008772 +0002702 -0027614 -0014448 -0004509 +0008680 +0036726 -0001603 +0001848 -0013143 +0039570 +0009658 -0035003 +0043000 -0013751 +0006592 -0034495 +0051510 -0036265 +0026077 -0025520 +0011657 +0050965 -0070317 +0010723 -0007987 +0015529 +0018066 +0050400 -0060609 -0093763 -0050513 +0003308
+0021730 +0007188 -0056142 +0043042 +0015558 +0020132 -0018957 +0000539 -0009541 -0007938 -0038733 -0002268 +0041149 +0013681 +0021189 +0015636 +0017901 +0028043 +0003521 +0018074 +0030966 +0017354 -0032506 +0061064 +0001860 +0032428 +0009289 +0021450 -0016432 +0051080 -0024261 -0018292 +0018721 -0002873 +0038355 -0019189 -0028917 -0009164 -0034466 -0012403 -0033289 -0022762 +0020825 -0019062 -0023200 -0008253 -0006696 -0031799 +0015273 -0003393 +0004066 -0027328 +0029629 -0021409 +0059975 +0036583 -0009917 -0005451 +0027828 +0049691 +0004316 +0026828 -0006325 +0005797 -0033156 -0026609
-0047188 -0046061 +0025369 -0004189 -0026213 -0001083 +0010533 +0032656 -0001047 -0014742 +0015119 +0049899 -0001726 +0002354 -0054485 -0021503 +0004159 +0031261 -0029442 +0065258 -0006432 +0000922 -0048654 +0006256 +0048124 +0074165 -0015393 +0040364 +0007297 -0007882 -0022306 +0009981 -0039187 -0004768 -0033046 -0016384 -0027793 +0004203 +0001794 -0012276 -0027488 +0000594 -0003679 +0057654 -0016213 +0032152 +0042117 -0018514 -0007752 +0008543 -0001690 -0014217 -0021729 +0005761 +0051994 +0024079 -0031453 -0030812 +0051042 +0007684 +0019982 +0005915 -0020885 -0023066 -0008022 -0032191
+0011673 -0015101 +0024112 -0030053 -0030863 -0021351 +0038811 +0029594 -0001082 +0014796 +0021766 +0016695 -0069227 -0025432 -0008341 +0039720 -0026548 +0003882 -0014975 -0048988 +0007220 +0016723 +0018880 +0018913 +0067313 +0018601 +0039482 +0073870 -0003461 +0038161 -0023645 -0058675 +0030652 +0052148 +0030653 -0002512 -0010730 +0005572 -0019299 -0015821 -0020452 -0013468 +0023200 -0012278 +0026947 +0009362 +0003830 +0006446 +0027127 -0003796 +0000166 +0049566 +0002528 +0007232 +0009265 -0026907 -0035217 -0044923 -0040870 -0008044 -0052764 +0025784 -0051882 -0042456 +0014345 -0003414
+0009729 +0001056 +0017589 +0041757 -0004296 +0005313 -0023619 +0031859 -0003982 -0012641 -0022381 +0025548 +0002134 -0016811 -0023490 +0011168 +0026270 +0018701 -0013483 -0018662 +0064043 +0068773 +0007912 -0005800 -0035333 +0018749 -0018792 -0001594 +0029774 -0046693 +0008293 -0007336 +0025047 -0028031 -0015777 -0019377 -0004832 +0039101 -0008708 -0000894 -0001089 -0032522 -0046935 -0012507 -0045203 +0020203 +0037781 +0070539 -0027742 -0010650 -0066447 -0017808 -0007310 +0003295 +0022599 +0009395 -0031470 +0001923 -0010644 -0045959 -0019522 +0030161 -0022899 -0012427 -0019231 +0012125
+0020793 +0000609 +0001488 -0011021 +0014141 -0005089 +0037582 +0014921 +0018013 -0038495 +0036965 +0072695 -0007945 -0017716 +0010914 -0017940 +0009134 -0000968 -0032993 +0036652 +0003831 -0020010 -0030149 +0016472 +0010723 +0027034 +0034544 -0021727 +0031958 -0044091 +0014488 +0007323 +0039254 +0068205 -0018349 -0049877 -0018751 +0023394 -0040588 +0000273 -0031883 +0003883 +0001123 -0002847 -0022385 +0038145 +0014686 -0047540 +0016216 -0000290 +0030984 -0003032 +0001515 +0000877 -0000626 +0032726 -0006745 +0005712 -0043238 +0018458 +0046738 +0016400 -0007979 +0002497 -0029079 +0013133
-0003278 -0021720 -0000664 -0009264 -0021329 +0005436 -0039723 -0030583 +0023312 +0025931 +0003232 +0003155 +0006139 +0038880 -0015496 -0016083 -0005980 +0050644 -0038775 -0005805 +0002265 -0028586 -0010870 +0061539 +0047227 +0032465 +0021796 +0041060 -0044167 +0060522 -0011380 -0018402 +0029793 +0027409 -0014975 -0020815 +0027793 -0017541 -0031053 -0023577 +0028314 +0047722 +0007458 -0023840 -0006199 -0067924 -0003990 +0000744 -0002994 -0007644 +0022572 -0022490 +0021384 -0042754 -0002833 -0030726 -0014710 -0000602 +0025011 -0006934 -0062018 +0052309 -0001176 +0004481 +0054706 -0025919
+0010048 -0021400 +0015232 -0025078 -0021029 +0005277 +0051708 -0058169 +0012329 +0036488 +0019781 +0023343 -0039834 +0049229 -0012804 -0038434 +0030553 +0030450 -0019579 +0006588 -0026716 +0047826 +0031016 -0013393 -0039626 +0041653 -0042167 +0008769 +0015603 -0012058 -0038645 +0052488 -0010364 +0019137 -0021498 -0007443 +0026731 -0005787 -0000220 -0043219 -0018129 +0000945 -0013157 -0035206 -0001419 +0010646 -0002037 +0024360 -0007153 +0008917 -0027629 -0093163 -0029721 +0048809 +0071517 +0006259 -0042141 -0033429 +0023483 +0015670 +0003127 -0007819 -0055951 +0001096 -0032283 -0011858
+0027180 -0011588 -0012210 +0046425 +0011941 -0018535 +0003051 +0009231 -0034708 -0078872 -0011486 +0030226 -0043868 -0001626 -0004393 +0032632 -0019728 -0025188 +0002184 +0028831 -0023347 -0015225 +0045352 +0020711 -0001162 -0025198 +0018283 +0006364 +0001493 +0012351 +0025844 -0038863 -0006026 +0035180 +0005880 +0004419 -0003986 +0009264 -0005536 -0032511 +0003162 -0044808 +0024059 +0011836 -0028027 +0038312 +0017175 -0011317 +0034641 -0054293 +0044545 +0015510 +0034777 -0027778 +0041008 +0023021 -0043234 +0050044 -0022061 +0019175 +0012603 +0034617 -0062104 -0017510 +0018433 -0037404
-0034236 -0016992 +0075771 -0001360 -0029499 -0014398 +0024303 +0005556 +0015064 +0038403 +0004658 +0001608 +0023680 +0012617 -0015908 +0033943 +0014886 +0000898 -0009317 -0008245 -0002511 +0001492 +0030075 -0005118 -0006385 +0008786 -0010890 +0033079 -0066010 +0021866 -0004887 -0031932 +0018335 +0019789 +0014824 +0007938 -0037728 +0030385 -0001553 -0028430 +0034156 -0040580 -0041549 +0024315 -0048052 -0011111 -0004805 +0022809 +0006384 +0064314 -0046280 +0013582 -0000896 -0004518 +0025874 -0045949 -0029245 -0020320 +0021718 +0020836 -0012398 +0054988 +0024143 -0063962 +0030665 -0010028
+0039597 +0001165 +0015894 +0031895 +0005377 +0019989 -0014182 +0011222 +0029152 +0010240 -0010947 -0009120 +0010259 +0019763 -0006073 -0000381 +0046231 +0035020 -0059704 -0011527 +0021959 +0006884 +0012326 -0001940 +0048851 +0021679 +0063902 -0011989 +0005523 -0062653 +0054163 +0018334 +0024209 +0006980 -0025077 -0016364 -0035781 +0024871 -0045297 -0006731 +0017213 +0022423 +0008197 +0017151 +0007204 +0013332 -0013727 +0040011 -0010259 -0049585 +0002183 -0006384 +0002970 -0020489 -0008878 +0062785 -0009642 +0017214 -0020517 +0011718 +0008254 +0024582 -0031870 -0019082 -0068449 -0000001
+0008720 +0002364 +0006313 +0018969 +0052388 -0017121 +0006042 +0030669 -0006238 -0091589 +0025489 +0053225 -0004495 -0017605 +0012416 +0009354 -0000736 -0030876 -0057147 +0003621 -0031816 -0022982 -0036316 +0002609 +0059784 -0027985 -0007918 -0011321 -0006760 -0033018 -0005222 +0026312 +0018850 -0029242 -0016394 -0033444 +0002739 +0008072 +0000442 -0014717 -0021469 -0003585 -0005564 -0013135 -0032900 +0046171 -0012282 +0031009 +0051561 -0031025 -0014420 +0043448 +0025113 -0000210 +0000665 +0044918 -0010579 +0025884 +0006540 -0023318 +0023334 +0010134 +0020565 -0029603 +0016376 +0008974
-0030393 +0046526 -0006163 +0008012 +0009568 +0008132 -0052853 -0034379 -0043532 +0010927 +0012583 +0005084 +0037771 -0017956 +0032761 +0053160 +0022757 +0018014 +0007008 -0046038 +0030095 -0012678 -0009814 +0019428 +0028894 +0029060 -0007293 -0050829 -0015566 +0019646 -0057124 -0015783 +0003315 -0011946 +0045163 -0022387 +0065315 +0022715 -0027714 -0032525 -0071281 +0013664 -0017433 -0036673 -0072845 -0017467 +0051398 -0007156 -0033900 +0061908 -0008772 -0009419 +0006744 +0021361 +0007857 -0028316 -0007640 +0011861 +0053634 +0016218 +0001766 +0000780 +0054258 +0005354 +0041361 -0019931
+0053429 +0030676 -0035656 +0018128 +0016259 +0006219 +0026646 +0033602 +0033717 -0054566 +0032920 +0050080 +0021694 -0009179 -0052195 -0044457 +0035297 -0019804 -0036971 +0007614 +0013320 -0047284 +0040974 -0010540 -0020609 +0027602 +0064628 +0001583 +0020567 -0015351 +0050269 +0033123 -0030428 -0024613 -0073674 +0039448 -0015291 +0031568 +0021704 -0040561 -0005487 +0044236 -0015078 +0044886 -0029330 +0015295 +0046635 +0041979 -0079404 -0019079 +0010407 +0004079 -0014345 +0005023 -0005833 +0034059 +0016540 +0001765 -0022215 +0025798 +0015669 +0029800 -0013521 -0028477 -0002452 +0016645
-0018132 -0022433 +0009851 -0061154 -0015394 +0003822 +0029908 -0030489 -0024484 -0017846 -0001634 -0036035 -0018406 -0024395 -0016651 -0043581 -0008480 -0075551 -0009275 -0004119 -0021256 -0017117 +0026182 +0018553 +0000285 +0001645 +0003442 -0018016 +0003080 +0007688 +0013080 +0016448 +0018336 -0027266 +0025897 -0017928 +0048309 +0012105 +0025296 -0015959 -0035933 -0061105 +0015026 -0060204 +0053558 -0024510 -0034314 +0015771 +0019678 -0012228 +0033623 -0019810 +0040254 -0002146 +0047241 -0058051 +0027397 +0053411 +0055145 -0031282 -0023150 +0023721 -0068030 -0029910 +0042486 -0037839
+0048509 -0016555 +0027753 -0014329 -0001943 -0003328 +0010081 +0005968 -0012288 +0004049 +0019741 +0040296 -0015906 -0007563 -0000312 -0039078 -0033894 +0067943 +0044985 -0023845 -0078861 +0023057 +0014627 -0016302 -0042005 +0048794 -0018197 +0005347 -0001813 -0055540 +0043209 -0069198 -0005608 +0001024 -0003108 -0012210 -0044457 +0029268 -0000745 +0007906 +0010394 -0011830 -0007332 -0031544 +0013282 +0017141 +0045533 +0031279 -0035527 -0056057 +0045829 -0009497 +0065024 +0032733 +0011564 +0029389 -0088508 -0035884 -0060225 +0051400 +0028536 +0022322 -0012345 -0026980 -0032011 -0006513
-0006934 -0024790 -0020446 +0028057 -0025818 -0027266 -0010561 -0007064 +0003407 -0010565 -0002932 +0001413 -0100938 -0074149 +0002755 -0001038 +0033718 -0033856 -0010555 +0021432 -0000913 -0025789 -0016011 -0056287 -0018067 -0044714 -0026798 +0023563 -0016242 +0007185 -0005401 -0004765 +0006032 +0040903 +0003317 +0041202 +0030348 -0048986 +0011589 -0004210 +0008159 -0046370 -0023691 -0088190 +0045447 -0035871 +0037690 -0020920 -0006605 -0003534 -0016958 -0044920 -0036579 +0027014 +0009772 +0017024 +0015653 +0028405 -0012141 -0029280 -0045982 +0045047 -0013821 +0017332 +0027473 +0011412
+0019168 -0012620 -0014548 -0022988 -0042443 +0001726 +0029895 -0031876 +0004490 +0000105 -0013360 +0025500 +0024915 +0001911 -0024683 +0011115 -0002474 +0005428 +0038637 +0031176 +0016220 +0027936 -0022696 -0034641 -0014745 -0007363 +0029682 -0007801 -0026926 -0037968 +0024614 -0052756 +0013320 +0032869 +0004210 +0015170 -0033672 -0006189 +0032129 +0010739 +0014294 -0025676 +0038901 +0023991 +0011820 +0038652 -0003051 +0007243 -0024478 -0031348 +0057728 -0005368 +0041188 -0009756 -0043948 +0046601 +0000285 +0000952 +0012005 -0000735 +0034805 -0008330 -0007592 +0005374 -0021362 -0010500
+0015992 -0005117 -0012912 -0033743 -0011277 -0014220 +0015240 +0017260 -0003176 +0024448 -0031075 +0016946 +0012810 +0012821 -0014104 +0012751 -0021622 +0035985 -0011484 +0020947 +0009668 -0003954 +0008560 +0032946 +0048051 -0002922 +0038735 -0023357 -0010247 -0000171 +0007036 -0051462 +0035858 +0049887 +0001717 +0024867 -0058906 -0009046 -0008266 -0016778 +0025984 -0001220 +0014428 +0019897 -0012010 -0022830 +0051701 -0024297 -0039727 +0015939 +0028737 -0003352 +0002078 -0010821 +0012370 +0011983 +0037996 +0006848 -0024457 +0023607 -0025619 +0042756 +0020214 +0009242 -0011855 -0020662
-0039862 -0000404 +0030512 +0007008 -0036706 +0005832 -0007355 +0035835 -0002348 -0013341 -0026747 -0001302 -0038265 -0039822 -0030966 -0022730 +0011418 +0027570 -0012489 +0002982 +0006242 -0003834 -0010430 -0036383 +0016293 +0008476 +0043660 +0018821 -0009342 -0002147 +0023175 +0035681 -0001416 +0035880 -0001611 -0014052 +0006709 -0024301 -0037773 +0034249 +0043290 -0003142 -0015530 -0004229 +0024527 +0016671 -0038801 -0013074 -0011057 -0040907 +0050465 -0010219 -0010339 +0032569 +0007047 +0017026 +0035899 +0036912 +0045594 -0016806 -0000855 -0039274 +0018583 +0036865 +0011442 +0007618
+0081062 +0036949 +0000518 -0030235 +0023149 +0028434 -0013182 +0036588 +0017895 -0003091 -0029261 -0007476 +0030580 -0007728 -0006505 +0023323 +0001549 +0012814 +0018834 +0016062 +0001376 +0012583 +0001384 +0015743 -0029823 +0035698 -0010464 -0035920 +0017147 +0047497 +0038562 +0002055 -0003605 -0026992 -0055351 -0033993 +0009166 -0015241 +0014562 +0014959 -0031484 -0022587 +0004488 +0001529 +0015846 -0028600 -0028200 -0003467 +0000572 -0008736 +0005497 +0015764 +0059364 -0047783 +0003607 +0035893 +0011146 -0029855 +0012928 -0001906 -0043675 -0025542 +0000146 +0019260 -0045076 -0035583
+0054338 +0019715 -0004096 -0066699 +0010024 -0005870 +0032931 +0061772 -0015576 -0017937 +0002919 -0050616 +0006182 -0003020 +0006380 -0008307 -0031636 -0008618 +0003814 +0008728 -0014277 -0038137 -0019105 +0006731 +0004874 -0022748 -0016363 -0043270 +0054407 +0014188 +0029510 -0017563 +0047373 -0038573 +0014845 -0031854 -0018599 +0039135 +0031268 -0009445 +0012732 +0019903 +0007302 -0041368 +0032094 +0023270 -0030720 -0046791 +0005396 -0022239 +0035075 +0049334 +0053667 +0001305 -0032448 -0064360 +0006162 -0016291 +0032882 +0038599 -0020247 -0002655 +0062752 -0033397 +0059727 -0015348
-0049591 +0024495 -0025758 +0001121 +0011411 -0003991 -0038675 -0056463 +0000749 +0036300 +0017500 -0052590 +0052743 +0003427 +0013130 +0012413 +0015425 +0025823 +0013406 -0033061 -0004691 -0000495 +0040504 -0017522 +0028811 -0041703 -0036967 -0017489 -0034319 +0001040 +0022273 -0034449 -0002209 +0002509 +0014029 +0058134 -0019064 -0027764 -0008665 +0008366 -0008701 -0017342 -0032034 -0024910 +0059954 -0028353 -0017381 +0004385 +0024330 +0017517 -0013915 +0009668 -0034717 -0014427 -0027812 -0007690 +0000567 -0037397 -0002200 +0035945 -0037639 -0018121 -0013606 +0017368 +0015315 +0018401
-0017133 +0057592 +0029922 +0011513 +0010414 +0034388 -0017742 +0005372 +0026309 -0031627 +0003018 -0005117 -0031056 -0041405 -0043217 -0031996 +0005769 +0023725 -0005251 -0012429 -0049523 -0031036 -0005789 -0015422 -0020032 +0001623 +0005814 +0007278 +0013787 -0004232 -0001689 -0006345 +0029241 -0013405 -0046364 -0052994 -0004909 +0084290 +0007655 +0031529 -0042333 -0014301 -0054910 -0013332 +0032495 +0084224 +0007859 -0004002 -0047967 -0024555 -0007656 +0010223 -0034469 +0002831 +0102442 +0027768 -0067977 -0050859 -0037005 -0014053 +0012047 -0038485 -0031660 +0017962 -0050899 +0028216
-0004277 -0020574 +0024959 -0022287 +0040480 +0016279 +0046664 +0023888 -0022348 -0023684 +0013984 +0054118 -0014262 -0041027 +0014852 +0008403 +0013157 -0011835 +0023744 +0002036 -0007676 -0044817 -0048601 +0004020 +0008767 -0006327 -0008402 -0035180 +0008553 +0006600 +0008230 +0059256 +0009244 -0054767 +0020459 -0009796 +0016898 +0036707 +0015665 -0042092 -0003826 -0028085 -0040468 -0041081 -0030639 -0018185 -0037565 -0061014 +0029467 -0010236 -0013772 +0005705 -0007075 +0032879 +0005354 -0007781 -0033789 -0003993 -0000946 +0076590 -0016579 -0014396 -0051680 +0024489 +0034352 -0058078
+0010412 +0029902 +0010059 -0013938 +0026486 -0003748 +0039169 -0029285 +0045057 +0004849 +0011305 +0031679 +0007421 -0022458 +0027577 -0007433 -0026679 +0002914 +0067470 +0014526 +0057742 +0048119 +0008521 +0000011 +0015841 +0021056 -0012596 +0031593 -0009903 +0041655 +0058349 -0005143 +0034957 +0017840 -0034361 +0012794 -0053244 -0037506 +0024265 -0064577 -0041049 +0024896 +0003147 -0025998 +0018447 -0023085 -0008857 +0017095 -0006135 +0025823 -0006827 -0001532 -0047504 -0020560 -0017097 -0017208 -0016616 -0030911 -0005748 +0008456 -0008570 -0027394 +0023514 +0026037 -0051612 +0028970
+0027348 +0041491 +0010753 -0049519 -0008507 +0002874 -0003478 +0052094 +0011098 -0001095 -0044564 +0043020 -0024988 -0021056 -0005850 -0053632 -0020307 -0024170 -0013988 +0081416 +0038662 +0053315 -0006196 -0019390 -0015043 +0000626 -0008738 +0048801 +0022602 +0026892 +0049423 -0047591 +0003186 +0006914 -0047011 -0044555 -0035735 +0008022 +0046709 -0046136 -0014054 +0019630 -0049764 -0038143 -0051094 -0038969 +0003624 -0012283 -0032040 -0001621 +0006722 -0024480 -0012087 +0002801 -0003525 +0015067 +0023098 +0015703 -0026117 -0020769 +0020727 +0042388 +0041213 -0014062 -0010007 +0007247
+0058237 -0046314 -0044599 -0065046 -0025890 +0052074 -0005584 +0018577 -0034900 +0010188 +0017883 +0005422 -0019173 -0018170 +0042668 -0008201 -0003878 -0032215 -0047448 +0024702 +0053599 +0014065 -0020240 +0028011 +0010790 +0000159 -0020445 +0028296 +0015924 +0004758 -0025981 -0015067 +0014136 -0006505 +0007069 +0030801 +0018657 -0000559 +0013843 +0012448 +0007861 -0024275 -0102840 -0002546 -0010206 -0006505 +0016223 +0012857 -0010442 +0041082 -0012100 -0025293 -0021962 +0017441 -0039141 -0016773 -0002969 -0036881 -0072554 +0010747 +0003805 +0032624 +0002948 +0006410 -0002495 +0021925
+0003412 -0011948 +0035769 -0036532 -0027196 +0060376 -0019271 +0029675 -0033108 +0033828 +0028532 -0016895 -0006170 +0068692 -0012254 -0048334 +0070043 +0027360 -0019219 -0017969 -0027688 +0005029 -0029761 -0001920 +0006652 +0043333 +0013617 +0016674 +0011267 -0008061 +0007800 +0032698 -0003152 +0014324 +0042107 -0027753 +0000194 -0036373 -0051996 +0015583 +0013876 +0024840 +0038540 +0046274 +0030869 +0005619 +0034926 +0012876 -0013351 +0007764 -0021773 -0062968 +0025479 +0029327 +0006783 -0008900 -0050431 -0010355 -0014756 -0052537 +0013920 -0029119 +0046386 +0084701 +0002330 +0038181
+0052232 +0063250 -0018938 +0007186 +0077009 +0002456 +0005266 -0037034 +0003402 -0006026 -0025696 +0010318 -0030755 +0053686 -0018249 -0019710 +0003559 +0012854 -0013266 +0015897 -0009627 +0023549 -0051801 +0009766 -0004396 -0000860 +0020434 +0027019 -0019429 -0014473 -0054068 -0017275 -0016590 -0000604 -0026244 +0017062 +0066258 -0022439 +0030621 +0026088 -0015155 +0020920 -0023300 -0011431 +0001552 -0003552 +0019573 -0031592 +0031060 +0000965 -0018217 +0017897 -0022003 +0009211 -0010825 -0014635 -0006128 +0027607 -0023588 -0013942 -0056185 +0017222 +0014027 +0016042 -0054466 -0063324
-0034111 -0041298 -0008742 +0010932 -0005515 -0015785 -0033785 +0040700 -0011375 +0027713 +0011253 -0039999 -0010177 +0000361 -0005956 +0018508 -0028865 +0006495 -0003452 +0006994 +0045384 +0032859 -0019481 -0005332 +0026522 +0011720 -0029501 +0004112 -0026765 -0035094 -0014475 -0000596 +0004859 +0012626 +0024110 +0028720 +0025984 +0033121 -0005699 -0008001 +0020248 -0017369 +0011966 -0051441 +0006449 +0024705 +0018149 -0046395 -0032542 +0002216 +0014541 +0050409 +0000495 +0013188 -0054833 -0021770 +0039153 +0076202 -0001530 +0021018 -0022533 +0028979 +0009400 +0037185 +0043779 +0015322
+0013988 +0060721 -0020594 +0013925 -0018665 +0006265 +0019713 -0001735 -0028843 +0024450 +0005956 +0007852 +0075778 -0009889 -0017932 +0020584 +0001659 +0003020 -0036830 +0006374 +0013199 +0015894 +0104648 -0029073 -0016569 -0033140 -0037082 -0001952 +0030571 +0006066 +0003208 -0035667 -0026576 +0046290 +0044811 -0010452 -0014675 -0023499 -0027557 -0029168 +0009226 +0018592 -0003617 -0016133 -0008059 -0030282 +0015169 +0011285 +0021291 +0042332 -0038190 -0011645 +0019104 +0018031 +0031248 +0002722 +0021379 -0041738 -0021831 -0002935 -0001438 +0034201 +0019859 +0047132 -0015295 -0003029
+0037999 -0009072 +0019218 -0001791 +0010860 +0011732 -0018590 +0008645 -0058019 -0042824 -0015027 +0045164 -0019899 -0004827 -0017382 -0009127 +0037917 +0003735 +0005080 +0009907 -0022077 -0024774 +0006283 -0053177 -0007599 -0067074 -0035816 -0019459 +0039721 -0011666 +0032791 -0034353 -0017862 +0036894 +0023337 -0033108 +0055541 -0003923 +0012271 +0046332 +0034229 -0001011 -0009148 -0023137 +0024864 +0014934 +0013487 +0014416 +0026737 -0003399 +0017070 -0030603 -0030622 +0015907 +0024656 -0023028 +0007180 +0049831 +0037154 -0013808 +0023615 -0019309 +0023809 +0056463 +0022237 +0035217
-0002361 +0004354 -0033873 +0010763 +0059513 -0012446 -0024113 +0034946 -0032957 +0039690 +0025996 -0000528 +0000374 +0015975 +0034595 -0051071 -0001773 -0019266 +0025225 -0056277 -0055859 +0000239 +0011916 -0003998 +0038488 -0048755 +0044102 +0019473 -0006199 +0029533 +0022640 -0046030 -0046035 +0046600 +0008337 -0017175 -0005959 -0037509 +0030030 -0050409 +0003072 +0028549 -0017744 +0017289 -0006890 +0032184 -0030670 +0008748 -0004842 +0009287 +0036593 -0007909 -0000424 +0016872 +0020360 -0000688 -0014945 +0004974 -0023671 -0038772 -0028876 +0019339 -0006241 +0043809 -0007334 +0012488
+0049273 +0019550 +0022298 -0046202 -0010354 +0042036 +0003036 +0004282 +0039539 +0042250 +0021466 +0027387 -0052791 +0037247 -0036645 -0020194 -0022089 +0010642 +0025403 -0021966 -0006213 +0023738 -0010165 +0030583 +0026842 -0035080 -0015031 -0011034 -0021996 -0068250 +0038709 +0022350 -0009407 -0023284 +0002996 -0019123 -0040444 +0035094 +0045396 -0079418 +0016937 +0009583 -0028623 -0040359 +0015460 +0033446 +0036366 -0016596 +0008954 +0015288 +0058836 -0034217 -0006257 -0013927 +0021336 +0031190 -0055985 +0009547 -0053876 -0000913 -0016842 -0013325 -0004783 +0020595 +0016051 +0028416
+0067413 +0004633 -0070722 +0022781 -0016368 +0048184 -0012558 -0008238 -0021412 -0032516 -0024350 +0012754 +0020394 +0016675 +0027817 +0030700 -0027324 -0024141 +0037395 -0029707 +0004127 -0072768 +0010783 +0022656 -0003847 -0052507 +0034373 +0028166 +0002544 +0023103 +0015881 -0002959 +0014690 -0009012 -0020025 -0015702 -0011639 +0036281 -0008521 -0014059 -0015551 -0027741 -0011916 +0019863 +0001494 +0062623 -0045727 +0027957 -0027743 -0071812 +0018389 +0037238 -0025579 +0004366 -0048631 -0028565 -0015056 -0040044 -0011995 +0055957 -0044473 -0017273 +0007102 +0011986 +0014773 +0031789
-0059516 +0023850 +0025086 -0068467 -0038626 +0004894 +0038168 +0019445 +0036622 +0023876 -0000815 +0013331 -0025193 -0040801 +0003571 -0024311 +0028549 +0010331 +0073529 +0025387 -0022318 +0019745 -0002693 -0009525 -0005680 -0008224 -0018009 +0021721 +0024998 +0068235 +0006044 +0050002 +0057538 +0057239 +0016586 -0036731 +0013294 -0019324 -0020007 +0036268 +0003963 -0018329 -0037612 -0002508 +0047031 -0009641 -0054459 -0039655 +0063138 -0001003 -0026795 -0069728 -0040790 +0047359 +0021835 -0025206 +0029191 +0008430 +0000109 -0003698 +0027609 -0093554 -0000720 +0003995 +0068628 +0016092
+0015647 -0000602 -0029274 -0019775 +0004959 +0019524 -0011658 -0018176 -0013287 +0017326 -0027903 +0005802 -0013481 +0004332 +0033799 -0002717 +0013633 -0018353 -0002649 +0035459 +0006859 -0008341 -0030399 +0000454 +0017600 -0008094 -0026171 +0022423 +0034221 +0059029 -0026274 -0027169 +0017456 -0004996 -0034406 +0020535 -0011602 -0020758 -0009947 +0040682 +0026283 -0003293 +0014707 +0013559 +0035283 -0034880 -0017030 -0013113 +0029368 +0042285 -0025778 -0013504 -0055534 +0001601 -0009850 -0020976 +0035986 -0068942 -0001547 +0009077 +0009362 +0005930 -0036073 +0009450 -0040312 -0026964
-0022065 -0034589 +0053763 -0058082 +0007121 +0019366 -0020528 +0040411 +0039577 +0004308 -0028428 +0007266 -0069294 +0040429 -0003562 +0033762 +0028267 -0013696 -0029726 +0093229 -0031082 -0023909 -0101635 -0032432 -0028853 -0007215 -0036098 +0002548 +0012159 -0020226 -0045476 -0034543 -0028068 +0026392 -0038844 -0007185 +0046380 +0023235 -0033199 +0043474 -0058496 +0007532 -0004981 +0032048 +0011479 +0068628 +0003455 -0072911 +0055321 +0025260 -0045940 +0040604 -0027629 +0048366 -0016743 -0060094 -0040318 +0037502 +0011293 +0013455 +0043260 -0017667 +0012115 +0041296 +0021093 -0008230
-0016964 +0039636 +0005564 -0020416 +0019067 +0011485 -0035193 +0008912 +0005537 +0036561 +0032024 +0027683 -0004739 +0006752 +0015076 +0060552 -0012712 -0005761 +0034646 +0045902 +0028910 +0076131 -0023553 -0053499 +0023400 -0009123 -0031247 +0003685 -0034702 -0000520 -0039159 -0008635 +0017827 +0006455 +0020729 +0024846 -0029144 -0028169 -0002808 +0038765 +0035181 -0035892 -0016033 +0049768 +0013491 +0003180 +0024500 -0058769 +0053193 +0078723 -0009091 +0059763 -0050955 +0001518 -0009535 -0017439 +0023920 -0028486 -0022870 +0006262 -0009659 -0003780 +0061055 +0007489 -0016777 +0052776
-0037056 +0058068 -0032849 +0022837 -0006047 -0003885 +0032608 -0010229 +0000028 +0023561 -0000018 -0000148 -0041558 -0043830 +0002830 -0049210 -0008854 +0036160 +0029419 -0018925 +0044258 +0048350 +0011461 -0015289 -0022447 -0021232 +0021436 +0020663 -0020840 +0008677 +0037816 +0076698 +0007624 -0003951 +0019779 -0031139 +0017069 -0036923 -0068608 +0051005 +0027957 +0048100 -0021454 -0043709 +0005925 -0089335 +0050955 -0011255 -0041009 +0026350 -0019200 +0049585 -0035456 +0006421 -0030489 -0002688 +0006646 +0011169 -0020909 -0030463 -0070415 +0001338 +0057968 +0058483 -0009171 -0001898
-0003491 +0016331 +0004951 -0021309 +0015330 +0047854 +0031880 -0015275 +0058184 +0004077 +0060784 -0016398 +0004562 -0049153 -0003589 -0019221 -0023139 -0010904 -0032956 -0030146 +0021441 +0021703 +0005262 -0032912 -0005216 +0036202 +0040681 -0014921 -0007077 -0009655 -0021035 +0010143 +0006509 -0045216 -0025790 +0059820 +0003737 -0019737 +0015901 -0034929 +0041697 +0067555 +0040469 +0006171 -0020676 +0005291 -0011259 +0025571 -0026866 -0008375 -0036982 +0045784 -0001157 +0025826 -0009188 -0000013 +0008209 -0023038 -0046029 -0025075 -0021048 +0023309 +0036555 +0015617 -0009934 +0014320
+0060396 +0038015 -0000331 +0025069 -0012484 +0004578 -0025519 +0022589 -0024169 -0010951 +0036776 -0020754 +0010374 -0002989 +0012758 -0013961 -0016289 +0020396 -0031249 -0041531 +0028944 -0012108 +0073514 -0027850 -0019059 +0007874 +0042742 -0051683 +0010688 +0011209 +0024239 +0038054 +0031529 -0030087 +0014557 +0019061 -0016016 -0015887 -0027159 +0014822 +0027075 -0003140 -0022098 -0043261 +0010086 -0000460 -0000741 +0028325 -0039833 -0064537 +0020078 -0024637 +0050537 -0046835 -0019228 +0004074 +0029206 +0004056 -0006083 +0009926 -0028816 +0025892 +0048530 +0046059 +0017252 +0034026
+0026958 -0023746 +0014095 -0009138 -0015697 -0006626 +0022758 -0067490 +0010829 -0032987 +0011303 -0017411 -0026490 +0018625 +0014372 -0032259 +0047767 +0026194 +0003505 +0048271 -0013502 -0025417 +0006483 +0037602 -0033096 -0018448 -0013595 -0031964 -0003605 +0021076 -0025518 +0015884 -0007680 -0004220 -0023534 -0020792 +0037494 -0002225 +0035114 +0040501 -0043784 +0044097 +0014069 -0028800 +0035423 +0020655 +0017026 -0015150 -0028559 -0016972 -0035474 -0010280 +0043370 -0035614 +0047500 +0036982 -0000638 -0002087 -0011919 -0004572 -0035230 -0055517 -0009580 +0036148 -0044833 -0033342
-0043000 +0020463 +0005251 -0008483 +0024094 +0047619 -0040747 +0004061 -0000139 -0012173 -0000229 -0041728 -0016756 -0008171 -0006191 +0014061 -0062592 +0020403 +0011581 -0018974 +0005725 -0017978 -0065826 -0020318 +0035573 +0023136 +0061038 -0019869 -0000738 +0025706 -0093861 +0014823 +0018102 +0001376 -0003714 +0011864 -0022083 +0024830 +0022728 -0003850 -0026030 -0069499 +0003660 +0000639 -0019482 +0014078 +0014152 +0020088 +0020361 +0038754 +0039678 +0030557 +0013508 -0062828 +0046711 +0012116 -0049103 -0011339 +0025179 +0018124 -0003593 -0003456 +0024615 +0021102 +0000089 +0001090
+0004357 +0005400 +0000025 +0001154 +0020013 +0018963 +0049448 +0032914 -0019082 +0002264 -0029293 -0029212 +0031526 -0022736 -0004362 +0016283 -0017769 +0011894 -0040862 +0010024 +0005311 +0022506 -0060982 +0023878 +0007731 +0002056 +0000796 -0033310 +0025009 +0007450 +0068047 +0004274 +0018877 +0014204 +0034818 +0003572 -0001563 +0018303 -0013515 -0059456 +0006237 +0026386 -0015878 -0023525 +0009656 -0041871 -0021137 -0036371 +0029758 -0000252 -0030158 +0024856 +0001970 +0053116 -0023317 -0035493 -0014325 +0014949 +0027072 +0011447 +0006515 -0026239 -0006342 +0041120 +0068649 -0012451
+0017510 -0007907 -0015243 +0019154 +0004128 +0014177 -0026524 -0035879 +0027626 +0020950 -0047219 +0038318 +0061286 -0025299 +0053935 +0022998 +0028656 +0013101 +0041643 +0046882 -0030178 +0002091 +0041021 +0006598 +0007884 -0065773 -0011049 +0006422 -0023932 -0023702 +0053377 -0043307 +0007709 +0033426 -0013095 -0046242 -0066546 -0016109 -0016394 +0011759 -0050326 -0016934 +0046532 -0000057 +0029516 -0017594 -0045710 -0072003 +0020446 -0036396 +0018320 +0004960 -0040287 +0010966 -0008135 +0031801 +0033295 +0045476 +0016648 +0040199 -0007159 -0015483 +0016438 +0031929 -0015517 +0001228
-0015471 +0035821 -0016275 -0002846 -0025564 -0007730 -0021735 -0001533 -0013427 +0017319 +0015402 +0035339 +0036723 -0022954 -0013502 +0035721 -0029493 -0022536 +0020251 -0019662 -0036242 +0004955 -0014785 -0023987 -0028993 -0036408 -0013678 +0026977 -0030888 -0005566 +0018411 +0034946 -0007214 +0031779 -0008018 -0061463 -0048491 -0031043 +0018312 +0014356 -0000805 -0003610 +0006632 -0010205 -0022954 +0009752 +0002066 -0021027 +0031310 +0022116 +0039060 -0000826 +0005050 -0007081 +0043167 +0015397 -0041798 -0012470 +0013868 -0022902 +0011083 -0008190 -0013017 +0030779 -0023712 +0027126
+0006922 -0041559 -0006884 -0042355 -0025578 -0007916 -0017299 +0025699 +0001996 +0008650 -0039153 -0013695 -0024255 -0023234 -0020505 -0027984 -0007379 +0000177 +0052387 -0060302 -0006940 -0000923 -0009826 +0035749 +0014398 -0069881 -0024324 +0031649 +0047601 +0030705 +0037674 -0012771 -0015840 +0029016 +0065913 -0010995 +0004068 -0070908 -0030911 -0033986 +0021251 -0038227 -0003132 +0033119 -0056143 -0035751 +0019401 -0003525 +0020477 -0021997 +0022732 -0012848 +0012614 +0009949 -0008026 +0024312 -0009889 -0041608 -0052634 +0046991 +0007124 -0001571 -0013454 +0020257 +0053353 -0011852
+0031839 +0017216 -0029949 +0008947 +0025936 -0034292 +0009058 -0035911 -0002750 +0036856 +0036339 -0003444 -0004717 -0038969 -0009623 +0017041 -0000088 -0022429 +0046805 -0038445 +0056607 -0018775 +0022299 -0020233 +0043118 -0023140 -0049953 +0012588 -0024991 +0016508 -0037466 +0040953 +0007006 -0019222 +0028466 -0028203 -0001936 -0032404 +0027701 -0043434 +0004382 +0036430 +0035313 +0013870 +0038826 +0065388 -0019257 +0009971 +0006964 +0038832 -0007716 -0005492 +0011795 -0037208 +0004924 -0009746 -0011814 +0000402 +0061865 -0004563 -0078443 -0007994 -0037960 +0024626 +0015543 -0021635
+0009219 +0035538 +0002206 -0000708 -0021243 +0022457 -0016873 +0026133 +0053137 -0034962 -0018904 +0071352 +0014904 -0059062 -0023991 -0014216 +0009305 -0013824 +0019883 -0043148 +0036183 -0041672 -0016806 -0037884 -0000455 -0014572 +0038774 -0041878 +0031925 +0019508 +0033233 -0001967 +0044630 +0018234 -0044030 +0015242 -0002379 +0036090 -0024662 +0011445 +0000832 -0061570 -0045244 -0011476 +0016725 +0016980 -0020613 -0000431 -0005355 +0032106 +0042657 +0027263 +0022319 -0017276 +0002875 -0033250 -0037187 -0029053 +0010265 -0028832 +0070361 -0008894 +0003723 +0013992 -0046020 -0009243
+0062038 -0003243 +0009978 -0039339 +0000159 -0034464 -0003593 -0046342 +0017002 -0013091 -0043158 +0061470 +0000397 -0041811 +0021631 -0041216 +0044841 +0003265 -0014494 +0005919 -0027083 +0014661 +0010227 +0023778 -0029115 -0053078 -0065298 +0018448 +0041517 -0008787 +0070196 +0010036 +0014631 +0014575 -0004860 +0001691 -0009072 +0010552 +0045609 +0002570 -0008108 +0036320 -0044832 -0019709 -0017249 -0001146 +0009453 -0037061 +0019529 +0009734 -0011348 +0016925 -0008426 -0023295 -0002910 -0020475 -0011515 +0026693 -0033915 +0010310 +0038709 +0046854 -0008156 +0005425 +0045754 -0066370
-0019425 +0006797 -0006541 -0009090 -0009661 -0002215 -0067987 +0010575 +0008315 +0006804 -0008712 -0014916 -0004680 +0009727 -0002365 +0046343 +0029433 -0016036 +0002910 +0039424 -0027520 -0022157 -0038872 +0008755 -0030163 +0018360 +0045329 +0026423 -0012354 -0026655 +0025859 +0046000 +0019160 +0032353 +0012652 -0002947 -0020145 -0022264 +0002750 -0026788 +0025662 -0012707 -0039117 +0013709 -0052549 +0026226 -0016578 +0038924 -0004761 -0018387 +0000334 -0026317 -0013696 -0068533 -0002853 -0017439 -0013058 -0029916 +0023781 -0000320 +0039474 +0066043 -0013614 +0012729 -0018745 +0012361
-0035675 -0038234 -0012214 -0014953 +0021721 -0042095 +0021746 -0029077 +0088449 +0008903 -0040591 -0008194 +0019332 +0044064 -0042213 -0103831 +0033285 -0016148 +0036426 -0039452 +0005357 -0006445 +0005704 +0052465 -0056572 +0011855 +0084619 +0001133 -0032245 -0002318 +0000167 +0038302 -0033837 -0011737 -0014714 +0003389 +0019993 -0011629 +0053689 -0015991 -0013144 +0056471 -0058773 +0020822 -0061234 -0010646 -0012806 +0021814 -0084229 +0006640 -0002371 -0022110 -0031850 +0000054 +0001136 -0010808 +0030702 -0004637 -0042083 -0022377 -0087214 +0029929 +0011068 +0010218 -0046774 -0058294
+0016727 +0007340 -0018211 +0015160 +0020215 +0032165 +0023152 -0035954 +0025582 +0024344 -0004133 +0058677 +0025706 +0002318 +0021728 -0008767 +0009769 -0009486 +0033052 +0020918 -0042901 -0045973 +0003559 -0036336 -0002687 -0012420 +0069377 +0004120 -0053280 -0028451 -0019270 +0026348 -0035582 -0000698 -0002384 -0026048 -0026926 +0058862 -0005619 -0009554 +0011196 +0009256 +0025120 +0002074 -0024447 +0045659 -0009181 +0000220 +0009499 -0023794 +0036558 +0043200 -0038069 +0023724 +0009605 +0008709 +0011828 +0048283 -0068467 +0041618 +0011282 +0054487 -0006779 +0022514 -0011385 +0009994
-0004084 +0017006 -0007840 +0000669 -0041333 +0032093 +0011303 -0021057 +0013027 -0010146 -0014447 +0031576 +0018051 -0022461 -0003642 +0025060 -0015784 +0005900 +0029793 -0033358 +0043500 -0021562 +0036298 +0018072 -0007836 -0003299 -0019570 +0003234 -0018095 +0075118 +0027275 -0015985 +0009292 +0030929 +0012744 -0012732 -0006087 -0022528 +0049689 +0068270 +0002826 -0048647 -0020919 -0036524 -0058664 -0034822 -0020089 +0055123 +0020351 +0022526 +0058341 +0016465 +0054745 -0082911 +0028662 -0016436 -0011236 -0007661 -0038465 +0040307 -0039917 +0019162 +0040746 +0008258 +0018183 -0024344
+0011322 -0047696 -0011575 -0068708 -0025708 -0014236 +0041320 +0005686 -0011557 +0013843 -0018018 -0027154 -0025728 -0073304 +0002520 -0000467 +0011187 +0004755 -0006291 +0008744 +0009070 +0003508 -0038351 -0010734 +0012362 +0014209 -0017510 -0007785 +0041371 +0007425 +0058443 +0042929 +0010206 +0035585 +0021165 +0026660 -0015895 -0051252 +0020841 -0010315 -0010269 -0019287 -0011855 -0020314 +0028531 -0030341 +0053513 +0009257 -0028559 +0013864 +0025124 -0014400 +0002059 -0014353 +0049928 +0015987 +0034552 -0005683 +0010087 -0029813 +0025079 +0000731 +0011242 +0035753 +0018546 -0024028
+0024811 +0023318 -0016780 -0035607 -0022157 -0018019 -0013582 -0011089 -0039223 -0001506 -0027063 +0032157 -0029319 -0075809 -0007805 -0016321 +0063443 +0042938 -0001016 +0003714 +0014596 -0033471 +0011217 +0011216 +0017466 -0044009 -0009971 +0033619 -0046486 -0008323 +0019543 +0011693 -0008471 -0021875 +0008390 +0005909 -0023444 -0024406 -0007466 +0026258 -0010756 -0017951 -0033329 -0015690 +0012684 -0001212 +0027385 -0025806 -0010815 +0000899 -0046358 -0034101 +0021072 +0021198 -0080693 +0054661 -0060557 -0050606 +0015316 -0015842 -0015060 -0001262 +0031180 +0008404 +0040429 -0000452
-0023598 -0052814 +0006980 +0003771 -0039060 -0041758 +0015131 -0006128 +0012316 -0013087 -0026811 -0013159 +0028537 +0001691 -0014651 +0034651 +0032840 +0012225 +0017885 +0001480 +0015495 -0032258 -0038847 -0033380 -0038209 +0020139 +0009490 +0004142 -0022242 +0001362 +0008670 -0013618 +0003809 +0017337 -0064456 -0015883 +0001497 -0027176 +0042142 +0013611 -0017513 -0023216 -0004488 +0014931 +0032441 -0004482 -0019301 -0012880 -0015979 +0033154 -0058810 -0006283 +0009760 -0028133 -0079521 +0012672 -0001359 -0024447 +0038506 -0036975 -0000823 -0009290 -0010346 -0009463 -0004253 -0017176
+0000532 -0070788 -0056692 +0028175 -0040924 -0045440 -0013525 -0030517 -0007905 -0007273 +0010601 -0010177 -0006578 -0034749 -0000741 -0006295 +0028292 +0017284 -0019345 +0007793 -0012749 -0021884 -0006813 -0009353 +0034448 -0017841 +0034896 -0005175 -0039401 -0005149 +0012645 -0010252 +0006529 +0067066 +0011386 +0000642 -0017666 +0052056 +0046446 +0040883 +0014508 -0008284 -0025202 +0014841 +0055203 -0033377 -0004103 -0018787 +0009397 +0010852 -0036303 +0018368 +0012668 -0015864 -0060758 +0034259 +0001199 -0009988 -0004923 -0003860 -0008894 +0012686 +0007024 +0008551 +0002915 +0013072
